+79183683373
+79184010856
+77015038488
+79626576953
+79535370088
+79829198218
+79612250202
+77027477424
+79107312677
+79534151718
+79958945002
+77018027181
+79611660448
+79151623440
+79647717393
+79652594909
+79137986384
+79642393971
+79184654466
+74951502977
+79646505117
+77789502075
+79283756747
+79031922323
+79873883222
+79115067334
+79134624309
+79035380777
+79222298057
+79278941888
+77776595989
+79880661040
+79180474898
+79052689793
+79235644555
+79125800881
+79048616153
+79110060797
+79188284178
+79969389415
+79874228999
+73852606602
+79096935911
+79057360890
+79127410394
+79174888100
+79825810816
+79024911086
+79185636641
+79857730679
+79111980350
+79264833432
+79777067056
+79913938585
+79687810181
+79291018560
+79520281720
+79179002722
+79021612894
+79224418803
+79058860781
+79682769425
+78432595610
+79996723500
+79883393360
+79308105040
+79285559914
+79162869440
+79233505505
+79091893722
+79020629955
+79132053897
+79294121311
+79289125238
+79637975711
+79127740366
+79183771730
+79288265955
+77012570200
+79089433111
+79198001002
+79882777667
+79999702700
+79522587900
+79019010120
+79519212152
+79781180547
+79274524959
+79093661717
+79258220111
+79634032020
+79675101816
+79628178684
+79138332477
+79881546336
+79538604746
+79656142779
+79872972304
+79039272384
+79047374019
+79043899495
+79384101412
+79895158803
+79650979534
+79177771100
+79372534250
+77075481616
+77774473932
+78612333222
+79588113787
+79140614027
+79219300979
+79089459533
+79184084203
+79060335518
+77010969969
+79624490552
+79620220270
+79951340110
+77006644953
+79221396525
+79377775457
+79031261010
+79870415225
+79887078055
+73912861270
+79274428364
+79137206959
+79102469497
+79649150700
+79194852000
+79306691959
+79779031101
+79184280504
+79602833722
+79504998155
+79168287454
+79276217025
+77026999921
+79885676768
+79869623173
+79139595957
+79273223222
+79264992555
+79220990444
+79133248440
+77017533839
+79127006999
+79501021725
+79153080308
+79887293819
+79633727141
+79271061456
+79811537800
+79130075598
+79811359111
+79174717612
+79288568359
+79272369831
+79200974681
+79189010202
+77710209337
+79379998343
+79637730144
+77051275751
+79039024232
+79885931555
+79269082000
+79142183510
+79372968496
+79285445448
+77018179017
+79826546464
+79145944188
+79058717646
+79612357464
+79024755882
+77022889975
+78002229501
+79789893853
+79645502081
+79032723619
+79181731073
+79875160126
+79649404488
+79041020209
+79272700360
+77052764370
+79000502205
+79315090496
+79270871488
+79960669937
+79201854505
+79508014294
+79098368716
+73832483042
+79662404006
+79053121777
+79057924667
+79064381938
+79525187166
+79183032603
+79648554928
+79999999190
+79173276863
+79996913886
+79782261045
+79042469062
+79152003075
+79124019111
+79514403884
+79374902326
+79504956550
+79663068294
+79955077028
+79600753800
+77077141707
+78007707071
+79601677951
+79282142046
+79032601061
+77055296615
+79803540188
+74957828246
+79631637282
+79686300180
+79011725019
+79882391239
+79261935343
+79529718165
+79092983150
+79510685545
+79511515608
+79251634457
+79895166823
+79518362617
+77774027755
+79180096843
+79266700011
+79831286564
+79138950103
+79389117979
+79240041010
+79283442992
+79778677226
+79268606978
+79656657255
+79502549805
+79872254979
+79122146554
+79055500175
+79213189070
+79887374043
+79629842464
+79877844091
+74957270900
+79271200084
+79171717431
+79876996030
+79066037878
+79096346776
+79119990307
+79182575700
+79631941217
+79139363478
+79032504496
+79785587258
+79637711013
+77079080908
+79163692122
+79169397326
+79600559913
+79143418744
+79224759922
+79503290620
+79244297210
+79627936006
+79050777720
+79248946363
+79818289492
+79525054979
+79235165550
+79651998125
+79134533728
+79124635550
+79856103234
+79373081324
+79878470975
+79879049309
+79510632770
+79661304170
+79602600777
+79276245869
+79157511751
+79780919394
+79788107661
+79262839915
+79257305405
+79184460997
+79234873035
+79654077744
+79635200720
+79029404775
+79090845162
+79287065799
+74212699889
+78005558804
+79954284427
+79628083622
+79112555060
+79503378276
+79004294195
+79166861759
+77775528910
+77018667866
+79112219283
+79610548794
+79267774170
+79890893848
+78432070531
+79853384226
+79098220670
+78005557910
+79520097353
+79017619841
+79054339987
+79039082181
+79050749842
+79855867854
+79526571355
+79180604646
+79173215670
+79615160797
+78172504700
+79787414331
+79129979998
+78005553535
+79201024742
+79271476226
+79139188930
+79781167708
+77083241712
+79302853302
+79062028958
+79260730143
+79282790699
+79086556606
+79255108413
+79666668284
+79603926262
+79143270444
+79108153577
+79049939090
+74957894789
+79850896777
+79518086429
+79056732021
+77769101019
+79104649377
+79324008203
+79069580761
+79139533931
+79891243664
+79511111093
+79679683535
+79250003378
+79114249038
+79244782994
+79049882230
+79128470132
+79038789079
+79969194403
+79244882900
+79181937146
+79625585520
+79871065315
+79167777106
+79781214799
+79891286696
+79885064131
+79276880980
+79655955702
+79282922753
+79516805764
+79047605280
+79841147454
+79282331740
+79226535245
+77716603895
+79600415823
+79186573727
+79876157612
+77076920232
+79897466116
+79834550336
+79104268593
+74952580038
+79114544500
+79673903393
+79003282424
+79048657133
+79182101986
+79911147195
+79149629411
+79527023159
+79173668983
+79502883448
+77072153928
+79787377464
+79180509002
+79261446661
+79104067754
+79135387993
+79145431422
+79215598039
+74952117731
+79643656997
+79295170237
+79964118832
+79782862988
+79299670052
+79155880502
+79036145454
+79501339425
+79241691105
+79028762629
+79241648701
+79217085802
+79063958660
+79286227438
+79152378205
+79042608860
+79217705690
+79058852200
+79656442525
+74991102053
+79920097132
+79875445510
+79285581928
+79889482281
+79138760104
+79633444403
+79235075393
+78432906296
+79613966217
+79882811888
+79282967707
+79500772825
+73912006080
+79275555569
+79037355552
+77782755187
+79153017476
+79174366105
+79176979291
+79819720799
+79289884828
+79612964407
+79282332042
+79166720807
+79115983990
+79245555753
+79378342874
+79219003121
+79199514119
+74742456148
+79273003323
+79283063165
+74012422342
+79883666605
+79995850052
+79110060797
+79181663993
+79171567784
+79785854362
+79090904043
+79028450197
+79630133303
+79031161585
+79885206222
+79274120206
+79196129116
+79135018542
+79174021524
+79162308157
+74852700108
+79787199100
+77764014747
+79267267777
+79135376154
+79511208946
+77770311633
+79170111754
+79526375007
+79811034060
+79242314488
+74950183594
+79254828127
+79644415064
+79053600999
+78007009002
+77075067383
+79867226103
+79537615199
+79163722777
+77029585662
+79173291477
+79501523285
+79141585800
+79174480454
+79522898449
+79111694311
+79779567169
+79833637770
+79604951118
+77027950563
+77014229333
+79009262957
+79163462909
+79629822082
+79060286666
+79169898588
+77071226017
+79686039001
+79187715775
+79920089673
+77076599955
+77018121112
+79137838749
+79129775811
+79127371550
+74959297080
+79096260491
+79139850686
+77017137768
+79539803233
+79693037779
+79055329994
+79600495999
+79214364576
+79174723288
+79110885301
+79959239359
+79264875748
+79269620846
+79998010516
+79885593992
+79186980714
+79274511908
+79619892377
+79263961622
+79146273796
+79026512329
+78005509727
+79882949410
+79994670434
+79136805335
+79080172404
+79200888003
+79114056620
+79621732393
+79629215709
+79537853393
+79895180774
+79881417173
+79625108658
+79604706949
+79954407585
+79624541810
+79787300069
+79209927559
+79372512009
+79324008930
+78314137918
+79002525544
+79034512067
+79297346099
+79627755598
+79996981175
+79180950860
+79782782276
+79686068000
+79610573240
+79508272868
+79054047811
+79640530155
+79276680915
+78005005423
+79991561999
+79142704902
+79233398311
+79047699610
+79039163740
+79014495450
+79180004666
+79538811100
+79091831009
+79102118258
+79835315993
+79280697494
+79104781413
+79856680339
+79242309819
+79198870778
+79131884488
+79107755325
+79034078863
+79191223310
+77077774139
+79124029472
+77780422710
+74959550009
+79183940158
+79653942444
+79963949557
+79780579621
+79879121726
+79163917755
+79374996710
+79139042906
+79185529957
+77053040017
+77768777757
+74993943906
+79094878048
+79027615747
+79037913774
+79538241942
+79778062833
+79612044455
+79141753610
+79134129295
+79189544522
+79299223268
+79270507627
+79273322695
+79137534298
+79030191700
+77084832261
+79081605790
+77777755949
+77774565692
+79515571699
+79054563888
+79772903340
+79523881988
+79224388077
+79246727433
+79645988888
+79060386038
+79785060007
+77077055562
+79384527745
+79027916540
+79276494057
+79165997997
+74951810720
+79151013191
+79241038294
+79032138307
+79214105050
+79143250050
+79247313204
+79180947255
+79032558584
+79535878793
+79048855695
+79182697979
+79177909115
+77751747461
+79130314250
+79005378477
+79142121967
+79163672166
+79286342180
+79130699500
+79535491851
+79179175353
+79671343344
+77052032101
+79127822618
+77752034005
+79873555709
+79025125655
+79144330787
+79887429001
+79267691918
+79172248756
+79996984171
+77777097011
+79051982037
+79153636433
+79375874187
+79162921346
+79055207334
+79955972129
+79236131013
+79880873498
+74212683968
+79842962434
+79055771090
+79646716896
+78002012430
+79625873222
+79260948578
+73433046188
+78432024224
+79268645831
+79215851049
+79182963811
+77002946188
+79154610690
+77772991133
+79219745655
+79617797393
+79503965639
+79275825367
+77766595970
+79272699585
+79146627331
+79623211000
+79033224505
+79274868440
+79625566438
+79219022231
+79654486006
+79198457294
+79244030544
+74991135637
+77064170081
+79833369108
+79262095178
+79244691556
+79632382929
+79234973447
+79058865666
+79609442650
+79522724900
+79178059999
+79257711871
+79771893623
+79054559179
+79036889469
+74994041743
+79287745702
+77755744485
+79137323748
+79148330487
+79027370202
+79857843684
+78442597288
+79281276888
+79509365140
+79043951515
+79282923610
+79778846910
+79788446480
+79282291605
+79855675332
+74732207611
+79150069831
+79159014799
+79776000740
+79270273474
+79515386556
+79132875807
+79135448599
+79212938466
+79630435555
+79109392664
+79269228615
+77017189823
+79087368959
+79097992000
+79011780458
+79098411898
+79141649094
+79120046610
+79267155147
+79209460103
+79613813023
+77059699311
+79286014214
+79811053077
+79526340063
+79615257381
+79196516448
+79628061164
+79880930000
+79256689349
+77054420868
+79047666696
+79164809749
+79612470787
+79212320075
+77085785758
+79119537107
+79528854205
+79203503838
+79633814497
+79046066286
+79647006740
+79265206575
+79887012855
+74956486533
+79774391312
+79097552666
+79017504062
+79233106498
+79182946936
+79994477361
+79033675690
+79198232578
+79996992604
+79243083709
+79045356179
+79276675175
+79508537001
+79836140532
+79817467621
+79274478097
+79604489619
+77757970397
+79167776154
+79375000065
+79374949997
+79610341235
+79226289431
+79655089468
+79379891958
+79285350001
+73433058090
+79651177207
+79534000935
+79500788688
+77783284313
+79879396001
+79044422234
+77076769677
+79831329550
+79122372777
+79872967698
+79130752302
+79521828169
+79009650139
+79885145440
+77027433323
+74952950309
+79022614265
+79057655148
+79266758876
+79119290696
+79221343868
+79626252291
+79397313725
+79676123885
+79272756444
+79852228248
+79260327672
+79050270288
+79086461606
+79624355255
+79609109061
+79788831099
+79639796676
+79113452877
+79991749053
+79536981118
+79878471572
+79196498803
+79637752525
+78005501054
+79048207337
+79644528858
+79817771081
+79213099199
+79140600685
+79154033232
+79380259669
+79037129167
+79208783058
+79066742297
+79170933317
+79298352667
+79652110708
+79102766386
+79254075852
+79260110109
+79997959261
+79604458750
+79022857038
+79047120940
+79371691984
+79521100510
+79312371522
+79186669525
+79628885778
+79069850808
+79031927468
+77074446811
+79148579805
+79278023244
+77782397765
+79281993404
+73532295780
+79145448009
+79192092010
+79063724725
+77717011368
+79003233455
+79134560149
+79154088877
+79220017052
+79182444454
+79149192590
+79256456717
+79133805074
+79026345473
+79027600565
+79251774849
+79198520564
+79111258142
+79181603565
+79877111157
+79044335043
+79295463366
+79507368855
+77074034474
+79160812101
+79224015355
+79872921161
+79129929968
+77076614847
+79872902242
+79032077876
+79093484366
+77475170292
+79050311305
+79049936760
+79178703157
+77017542582
+74991102651
+79059677677
+79293091859
+79105056879
+79659738919
+79628250808
+79038019229
+77051818899
+79210018877
+79108787551
+79136784327
+79964523886
+79992795452
+79607307535
+79182309454
+79215690988
+79139422820
+79186282247
+77477771476
+79297716802
+79270847820
+79918880580
+79144732818
+79115623832
+79088782522
+79613445412
+79139857341
+77775528910
+79897297133
+77086947050
+79898162134
+79261016319
+79950885343
+79656205592
+79061220174
+79158789605
+79200360608
+79313115625
+79270101710
+79134578008
+79237750254
+77778720684
+74012525070
+79375647850
+79274150151
+77082086548
+79228441888
+79096921212
+79286023544
+79142080656
+79254953508
+79515758775
+79049815327
+79647192196
+79850565926
+79189118197
+79372879415
+73472010111
+79044987962
+79851359612
+79684202238
+79198798069
+79610486677
+79515421481
+79674544105
+79274663352
+77782157636
+79029242992
+79581004218
+79021666488
+79654256466
+79125182428
+79649507227
+77024592005
+79892581152
+77712532333
+79686730303
+79042905090
+79898252581
+79185426583
+79611310771
+79262240188
+79154565901
+79996359604
+79876917975
+79137858580
+79180224898
+79113059992
+79026775191
+79638141560
+79274162737
+79507477771
+79284504546
+79872853620
+79062834253
+79230100534
+77023254009
+79994816697
+79870344385
+79287690615
+79167347749
+79803834480
+79888354659
+79221451725
+79009725271
+79787434006
+79217995832
+79651947447
+77475182116