+79048602903
+79127212152:@InnaNesterova32
+79128216682
+79229287400
+79127013377:@nm_sm
+79229896950
+79229117484
+79123691026
+79127044222
+79123373407
+79005206406
+79195011425
+79127327372:@Zero_Dude
+79123609613:@zemelnyi_yurist
+79128204167
+79058715005
+79539461079:@Azzarti
+79851888653
+79121220523
+79097162206
+79123688300
+79101437820
+79229308830
+79539422315
+79127179596:@lyubov_stetsenko
+79195235313
+79151387293:@OksikOksikLove
+79536749196:@Anna_bazi_konsultant
+79127212124
+79229204539
+79229251722
+79226666181
+79127152713
+79042350046:@elizaweta_titowa
+79127137775
+79536978663
+79121625092
+79123625152:@Natali18108
+79169916170
+79123660264
+79127267108
+79128266660
+79058715661:@Soroshka
+79127202853
+79635545115
+79195245313
+79123762104
+79268794171
+79121040083:@SemakinaH
+79127212950
+79531326494:@Yanasuslik
+79128226739
+79091353331
+79265230268:@Kudesnica_talii
+79162737205
+79536718189
+79123715969
+79091375482
+79536821220
+79128292935:@EvaSneg
+79123607766
+79091447678
+79124345055
+79127030260
+79125453357
+79615671513
+79127345548:@Y_ianaS
+79123379397
+79229479145
+79615694355
+79123699809:@kesha06
+79630005995
+79229153062
+79539467016
+79048646900
+79229932759
+79127000577
+79536747646
+79536750365
+79127380554
+79817034488
+79097200885
+79127210150
+79252093308:@mila_coft
+79127091332
+79128208766:@NadyshkaS
+79195205677
+79539463316
+79127173092
+79091411661
+79195014407
+79127123564
+79536876567:@Merondays
+79536735208
+79127348550:@mcelenasuvorova
+79229113795
+79128202150
+79123653762
+79531335666
+79127383871
+79091346650
+79229003442
+79527633623:@medvedeva_ols
+79127108610
+79536714231:@Nastju23
+79536731586
+79058702137:@shihancov13
+79229535450
+79127290794
+79539468507
+79042247794
+79121743682
+79539446396
+79143433207
+79128284455
+79536766124
+79504814380
+79097170333
+79229452844:@elenatess
+79127377500
+79229119009
+79121466637
+79128242797
+79229218040
+79991000777
+79214715262
+79536783782
+79536982636:@AnnaSints
+79229485050
+79229152771
+79536848108
+79123314411:@kseniasozonova90
+79229577055
+79128257869
+79150256266:@Sudolya
+79128204004
+79229956168
+79229938726
+79128225845
+79178932251:@Wergusha
+79583912667
+79195182686
+79513540420:@svetlankaop
+79127296004
+79058707068
+79531302788
+79123662112
+79129411618
+79536870682
+79127022430
+79123669339
+79005277179
+79195143816
+79154084616
+79229896575:@lenochka0106
+79229022891
+79828125584
+79127244041
+79128688083
+79536835084
+79226696336
+79536785866:@Nadina1003
+79505670140
+79123718031
+79229184725
+79123736437
+79127371990:@maria0529
+79097161812
+79229554347
+79531330283
+79229049432
+79531337638
+79642527066
+79539499442
+79123761776
+79536781082
+79536870871
+79123674224
+79823858061
+79195181029
+79513479058
+79195004001
+79127227393
+79265415531:@nesmiyana_ju
+79617483731:@kiara199
+79128261811:@mttanton
+79226689669
+79195147437:@Naumov_Alexandr
+79226683056:@jylia_smirnova
+79823834111:@axanochkina
+79123305090
+79513532724:@elena_slastenova
+79091340146
+79536921147
+79127080901
+79129426664
+79042264419
+79127044605
+79091368035
+79229020083
+79229536744
+79091378225
+79195280437:@nabarysh
+79226663000:@sergey_itwebnet
+79123781816
+79123308350
+79041017038
+79229308652
+79536865406
+79091350810:@tsepeleva
+79127092648
+79815552336:@lovinglaf
+79127079797
+79531382074
+79536914433:@Simuelda
+79097202651:@Ukio13
+79536881650
+79127246016
+79165321992:@sokoloff
+79195131920
+79125529388
+79195219302
+79229234373
+79128656332
+79229450314
+79195140262:@kimostra
+79091391589:@Nataly1782
+79127261320
+79229955546
+79857933002:@anastasya_GS
+79583964179
+79195001836
+79531316408
+79823839583
+79536771604
+79127293477
+79124246304
+79129690210
+79531386868
+79127311855
+79127272102
+79634301915
+79536997937:@AnfisaPorshKaen
+79123666888
+79229553604
+79536767394
+79127287918
+79121486868
+79128280863
+79195044787
+79127374710
+79128206253
+79229583374
+79128206584:@aaar_iaa
+79212345930:@EvgeniyStelmashenko
+79195245775
+79628966667
+79128214117
+79127116100
+79091334935
+79128204903:@tavlujj
+79091395599
+79539429041
+79127047532
+79642525005
+79229775157:@Svetlana_888_vs
+79195055755
+79195199212
+79068299622
+79128611426
+79536777397
+79513545697
+79127126176:@svetik_serebryakova
+79096242354:@lerastarodumova
+79536876605:@Cherry_zu
+79127009513
+79159475922
+79229112703:@Natalika_Smol
+79091369763
+79628922211
+79127255369
+79229288993
+79229458485:@IrinaSuntsova
+79175810729
+79128202222
+79121211125
+79091361205:@NuttyTutty
+79127094731
+79635501330
+79129594725:@Iyubov2soroka2
+79123783806
+79195102289:@mona0704
+79635535705
+79127223387
+79128253256:@Yulia_tttt
+79091434854
+79121035720
+79129475074
+79127031318:@ASYUI9K
+79229088888
+79129413224
+79536939846
+79129577049
+79195019100
+79965908810
+79823874330
+79128242221
+79128207136
+79536752033
+79533425658:@lexich_1
+79539448908
+79615653334
+79536782712
+79044574804
+79823810252
+79267696360
+79068293347
+79121032937
+79275695576
+79127154155
+79195179139:@surovJ
+79195055020
+79128280715
+79513549766
+79163815114
+79042093091
+79229067243
+79127213210
+79628923457:@storchbody
+79123320122
+79123633475
+79123365528:@MargaritaSim
+79186231818
+79583908067
+79536959758
+79121049608
+79229058403
+79628982652
+79195174739
+79229009223
+79229007589
+79195053550
+79097169000:@Katerina_Zgoda
+79091325995
+79536831118
+79536779505
+79127007909:@Elena_Mikhaylik
+79091410339
+79091353228
+79229171325
+79536822764
+79091414450:@lisssssi0
+79121855026
+79632768385
+79127116251
+79195117334
+79379129550
+79091388881
+79536745055
+79536728259
+79042236116
+79128271144
+79127275978
+79127146610
+79091321871
+79091403434
+79128242223
+79229900691
+79128201938
+79536911685
+79123603111
+79195152145
+79127138414
+79129573242
+79091428927
+79615638711
+79148658323
+79097180760
+79058710096:@Aleksandr_Flex
+79536805269
+79195206810
+79226681931
+79536776637
+79123654387
+79583901673
+79195044196
+79127000433
+79123346736
+79123699318
+79123700715:@Defold23
+79195138685
+79123345127
+79127028580
+79127222713:@astroIogforMom
+79005278700
+79195139989:@stremousova12
+79226636036
+79628916613
+79229107866
+79128230785
+79180074582
+79628934212
+79226626060
+79229282994
+79229892244
+79229289138
+79127372744
+79123663598
+79091316505
+79058721906
+79127228411
+79127267201
+79229277407
+79531355255
+79091397791:@Malina_shop_dress
+79226966222
+79536819588
+79195130838
+79128689792
+79536757297
+79536718520
+79127293337:@llarisa9
+79127101199
+79097204066
+79122792002
+79195271737
+79127219095
+79127117440
+79123326299
+79536743622
+79087154463
+79536794970:@SSvew
+79229019939
+79097196889
+79229642223
+79127073492
+79097176600
+79818515506:@simakovayeah
+79229201466
+79123793257
+79129469296:@Surogina
+79195128480
+79128233414
+79229775570
+79531391042:@sitnikov_vm
+79536734910
+79229487611
+79123606992
+79042352461
+79229594920
+79091404636
+79097170109
+79128292497
+79229218690
+79127196251
+79195198939
+79513515848
+79195125973
+79127183433
+79254590814
+79229246174:@Kseniya_law
+79127264647
+79229226973
+79128276761
+79129530763
+79229959169
+79229171654
+79091391402
+79505664768
+79123375400
+79229060111
+79091434969
+79128220780
+79127345108
+79091342283
+79229272425
+79127337362
+79536728009:@valerya_sko
+79128270472
+79127246345
+79229340709
+79195058884
+79127070010
+79195159589
+79091309732
+79823842652
+79226679239:@Anastasiaserova22
+79129520557
+79638887708:@TTemmy
+79828111739:@Lxst_sna
+79195263445
+79032222011
+79536968643
+79127204480
+79091357854
+79229362223:@semiglaska
+79615525556
+79288519792
+79195132965
+79128208603:@StarNatalia
+79097202220
+79153682425:@DariaShi
+79642512827
+79513495933
+79858092982
+79127093826
+79536706720
+79615643362
+79127160010
+79127047311:@Ntatarskih
+79127337777:@Kristi_oop
+79091306856:@yulchagirl1988
+79229957146
+79536777974
+79091336906
+79123348387
+79123315058
+79229270972
+79128214471
+79539494362
+79128297823
+79123659569
+79536960065
+79635518508
+79127174203
+79127167794
+79226689203
+79195201935
+79127346499
+79123732606
+79536803802
+79195051239
+79229330243
+79531302208
+79226696691
+79229082714
+79531382041
+79058715492
+79226667941
+79127201699
+79125655953:@marinasoko
+79127327151:@ahuleva
+79042036610:@ntzosh
+79123797740:@Oxy302
+79123783130
+79536883647
+79195203335
+79229505833
+79195134041:@tatyanasinzova
+79123711052
+79127177043
+79689939870
+79127275147
+79128221799
+79123720010
+79536735136
+79229267900
+79123700205
+79087172340:@yulia_smirnova_24
+79628954495
+79127014240:@AlenaSergienko_09
+79635591464
+79123372618
+79195166646
+79226686135
+79121322516:@Karina1912
+79128213354
+79042713633
+79127175597
+79229227714
+79195285589
+79123783103
+79128650354:@NadyaSyktyvkar
+79537677991
+79127222789
+79091333110
+79091300793
+79127029584
+79229070590
+79615677266
+79229352648
+79583989424:@E1ka96
+79091248265
+79195115785
+79121117222
+79195130636:@NastushkaSmo
+79091422700:@Drago_Drako
+79127093629:@Liza_Senina
+79229954820
+79042047811
+79128279968
+79123788885
+79091367303
+79823851330
+79195163309:@labellezzanox
+79628927666:@supju
+79174218055
+79536910255
+79536917047:@Sashkazorkin
+79536710950
+79615666282
+79121211884
+79536892000
+79635512619
+79531396500
+79091388445
+79128286128
+79229663886:@eugeniaspanish
+79195172665
+79123734929
+79226614848
+79229064498:@thumbelina12
+79320990133
+79229898895
+79127320192
+79615648207:@Drandreevam
+79229319862
+79539401801
+79229336938
+79128220012
+79229200939
+79091347844
+79991001161:@marga_rin
+79635515995
+79123771172:@dianakuimova
+79123712000
+79195203799:@annhoney89
+79536820701
+79531373211:@Strochka43
+79531368186
+79195220792
+79229184861:@egoistka_pride
+79229257343
+79229371014:@osolovieva
+79513500353
+79628958638
+79128209898
+79536715662
+79058719213
+79628952505
+79531338840
+79097205056
+79615646448
+79042708996:@Mery_11rus
+79127276454
+79128237598
+79195104115
+79129479596
+79162482880
+79123743046
+79127069994:@Mila_Sergeeva
+79091379327
+79097190919
+79615675566
+79630005820
+79857626221
+79127144385
+79127149619
+79226646205
+79229241530
+79229085331
+79091411616
+79229112350
+79128243025
+79110800543
+79229235806
+79005258712
+79229107900
+79127353555
+79123786573
+79536732238:@Merkyrial
+79226620853
+79087175357
+79531339977
+79042711788
+79127154153
+79127374740
+79617484969
+79226670083
+79121625097:@helenstar03
+79226600909
+79536715550
+79164274543:@OlgaSelina_888
+79632760241
+79615631363
+79129478622
+79536978800
+79127039420
+79091416269
+79128246617
+79123373753
+79127349957
+79123677993:@osoba_nailart
+79195142103
+79503089155
+79516847382
+79229951223:@vadisoncik
+79005285059
+79226686078
+79058709139
+79125412194
+79123735770
+79823859462
+79127214380
+79123674894
+79127081609:@dmitriysmolnikov
+79513503191
+79042221111
+79123691838
+79229267893
+79123795272
+79195169702
+79195162298
+79125026777
+79127315532
+79042709260:@NataliTanovitskaya
+79229082672
+79128271689
+79128215160
+79536835213
+79615689379
+79127151645
+79536737360
+79634326961:@ESmirnova2854
+79123315555
+79195234732
+79127059696
+79127269382
+79123382604
+79229320351
+79067912198
+79536760109:@Ninity7
+79531338709
+79531379050
+79225932211
+79042717022:@Starmakss
+79125538248
+79127207889:@semiryazko
+79513521615
+79127106169
+79127140505
+79536711660
+79229571963
+79229421850
+79127295081
+79128201733
+79121238425
+79128648313
+79127210929
+79042304451
+79091364625:@Albina_Sychugova
+79123312521
+79123729712
+79536954815:@skachkov_na
+79195138332:@veraostrovskayya
+79091367076
+79091435270
+79628977753
+79229538550
+79121057632
+79195071304
+79123688170
+79630003330
+79635501988:@sergeysuslovv
+79247814949:@KseniyaSuslova
+79127127378
+79229424949
+79166119435
+79121927957
+79536825331
+79091360710
+79195212511
+79195239358
+79091314623
+79536718834
+79536934549:@mira_mirein
+79128660888
+79823881433
+79091430304
+79123352870:@k_s_starr03
+79127241737
+79195250005
+79226699269
+79824049891:@LGStark
+79229221796
+79091437788
+79128230008
+79123637029
+79091781487
+79856181632
+79229757718
+79123667345
+79226654616:@helensoboleva
+79195037284
+79195016366
+79195115587
+79991001602
+79129411911
+79128201661
+79536883644
+79127377015
+79229929900:@dasha_martell
+79638861466
+79128288671
+79226602224
+79226695904:@yaloolka
+79229458767
+79531356004
+79127252797
+79128288919
+79123607481
+79536949209
+79127276336
+79123672612
+79128283337
+79536928575:@Tanziliya_43rus
+79091434573
+79583900334:@Alyona0706
+79128256100
+79195236175
+79195086665
+79127118999:@Sybbotina
+79129468612
+79224637387
+79628935619
+79121702972:@Liliya_Terletskaya1995
+79127131323
+79134793027:@Kirill_Tarabarov
+79127286895
+79513553146
+79128205063
+79229066839
+79129529829
+79226681782
+79127005739
+79091423462
+79229016500
+79195239886
+79128255675
+79221110405:@Akson38
+79042211816
+79536945711:@Poppe_the_rabbit_human
+79153715317:@Julia190288
+79042733838:@valyagritskevich
+79615650363
+79123656035
+79229190315
+79091427507
+79180143691
+79536958804
+79128207373:@Tanycheese
+79634333503
+79195219985
+79128251312
+79091234778
+79128634013
+79226662656
+79653193038:@Lano4ca
+79091319746
+79505683953:@shyrkakomi
+79128280520
+79128227022
+79226624624:@tamara_tarasova
+79229227797
+79229069900
+79048654665:@ElenaS1dorova
+79195237723
+79128240777
+79536897028:@iksbody
+79128270253
+79229284756
+79229517594:@mortemordre
+79229001555
+79123318726
+79123383449
+79128286939:@roman_sofronov
+79195203718
+79539462503
+79169360042
+79536703659:@Muanamu
+79536736863
+79091360983
+79048658941
+79536872922
+79097197770
+79229226101:@Ladno1075
+79531372962
+79634326174
+79229523051
+79536853984
+79127167819
+79091386217
+79128628009
+79536852920
+79536784287
+79195070446
+79127186375
+79123338068
+79229416651
+79128230116
+79615653441:@dadadaede
+79634313716
+79635516733:@Anna_Sm33
+79123346077
+79635525977:@budagang
+79513561509
+79091406101:@balram20rishi
+79097195830:@VladimirSuhih7
+79121318466
+79091382082
+79634345222:@yyani_ss
+79539472795
+79091389000
+79615665088
+79127356860
+79123767579:@OllaChi
+79536900799
+79531326719
+79630000487
+79539484499
+79229777654:@Skopina_Natalya
+79229601861:@nastya_dudi
+79128266580:@annasmirnova11
+79091319853
+79014490014
+79195215689
+79229090323
+79123361130
+79091327165:@bussigulya
+79091424428:@Zhanna_Vl_S
+79123325546
+79229214334:@katrin_sergeeva
+79123609787
+79823878194:@Sui_dream
+79531398729
+79097191000
+79531336125
+79212996127
+79127333121:@travelservice_kirov
+79539401686
+79505658044:@ssyutkina_svetlana
+79129559708
+79229034277
+79536765824:@Nuta_Nikulina
+79091302203:@Jamolar
+79195018855:@NotaTanec
+79044776777
+79123354965
+79123632956:@Nadejda_1316
+79128213687
+79536752464
+79586655591
+79635524509:@yavytasch
+79539470414:@sambukin
+79127315521
+79042334902:@kakytka
+79195198363
+79097162520
+79127047488
+79128297072
+79042389555
+79042077419:@Nskiter
+79229160369
+79226602173
+79229720147
+79195241011
+79652332464
+79127318330
+79229420276
+79128209972:@Larisa_Skryabina
+79823936999:@Ekaterina_Sm999
+79858143429
+79127137447
+79005238936
+79127215591:@oksi_timochechka
+79536787163
+79195237451
+79083280528
+79123697339
+79127242295
+79127038073
+79823937399
+79127111694
+79850558881
+79123337794
+79127033369:@smirnova_pro_hair
+79123698455
+79127223634
+79226650718
+79042706060
+79125539946
+79127221444:@sasharzhd
+79121060980
+79091328684:@EkaterinaSo
+79127116832
+79128243024
+79005260631
+79129122660
+79127375348
+79214261124