79312363913
79112233638
79119184943
79215777360
79111534577
79213146345
79117414865
79818703393
79215894864
79219149368
79118219555
79214432788
79217882883
79214152361
79117767227
79219522269
79516446557
79522084719
79117775110
79818474801
79213330010
79112354532
79650131166
79516602200
79182954519
79650756833
79516830903
79219399139
79150103070
79312077057
79219412190
79219328256
79523553038
79213361842
79119901232
79184484409
79300000650
79218665955
79219353226
79219465078
79119216121
79006278096
79213468832
79219418836
79219421570
79500246031
79119597837
79623530515
79045556716
79095935465
79062544144
79216360899
79213971133
79312880411
79112153643
79643368667
79119027401
79219384412
79219534237
79214489156
79811608475
79219057014
79213979232
79119274127
79219068892
79111957029
79219471409
79219568616
79119246644
79219587850
79119116117
79062490713
79650286400
79215859881
79219123974
79110332007
79111505083
79117837111
79059791981
79219305638
79119027770
79112293335
79213268375
79119374448
79214396472
79523822005
79817782891
79312025202
79219422779
79117118359
79944204483
79219543130
79523648498
79219072417
79219679495
79219294475
79213474256
79219044149
79219539984
79219244229
79117244929
79627178296
79214286433
79811514645
79110392930
79219396113
79219361527
79219534946
79219568408
79111965597
79062649691
79219503545
79219096277
79650487485
79213814788
79523699211
79516422456
79522890850
79219409300
79668777792
79627555159
79117454763
79030990482
79522344536
79046439795
79052700741
79219542843
79214312221
79516616025
79217776708
79119203019
79112068484
79602766211
79219952773
79992396154
79213827864
79119152190
79219355070
79502254167
79213262299
79219673533
79110025555
79110944040
79118240729
79531608547
79119067968
79214112345
79062925555
79119321887
79218869103
79217792899
79818808182
79219989833
79811202225
79819617655
79210906030
79046155928
79312291537
79119345910
79217505137
79219422255
79211810189
79217749035
79602700831
79211888499
79214297119
79817388066
79210907115
79633049941
79119615605
79219693400
79992429169
79531727915
79312070944
79112387010
79215581603
79643926786
79602890841
79111172111
79213664069
79211840910
79602453971
79213041404
79217707027
79111306940
79216442292
79217400887
79219510833
79117684799
79117777088
79650013460
79062528792
79217459995
79500035322
79995200754
79852670706
79857600105
79111588141
79643412235
79219738916
79035231578
79213783329
79650840063
79213639277
79118434509
79113932831
79119706220
79510767985
79675629057
79531466085
79643450803
79627117113
79219420331
79618031002
79602640919
79112727214
79046362677
79119498868
79216529187
79650919700
79013211115
79111434090
79657725350
79050763030
79119267963
79219950994
79955996080
79119771390
79034547889
79035009705
79219150783
79218487993
79183488072
79645742128
79257395518
79999233010
79169218848
79186120756
79671120575
79883426480
79779498258
79111390975
79164942231
79183780371
79045428931
79184341187
79098346666
79203253931
79298485003
79990803190
79183656889
79182873184
79227649951
79183364154
79883489166
79094446262
79184389028
79618502466
79883798000
79883851761
79182514021
79181048713
79126656988
79186309333
79186193198
79119888483
79654737723
79388885005
79181794142
79181374279
79181111129
79185184000
79181143580
79183261179
79181479999
79881549374
79184492971
79184372953
79282943057
79180222243
79282013424
79002631993
79184698846
79180067887
79180070707
79184095944
79883404313
79181018682
79184575861
79183075555
79385355009
79180965222
79183072846
79616440680
79181040029
79886692124
79615942046
79618558008
79064946033
79887706707
79184467467
79094466652
79964105512
79183912695
79189851147
79280420520
79882460656
79298300666
79184457057
79181828049
79180464299
79091197791
79094444546
79251622082
79648987261
79189469860
79298396398
79034505494
79182733519
79883893534
79186529292
79284385404
79529206273
79032280228
79649253554
79898029481
79182407555
79064354747
79648961808
79183579534
79885255556
79184601013
79898129528
79183223194
79883851593
79181111220
79882477707
79184623801
79186677668
79180681560
79180699903
79624509342
79184565265
79288498633
79286379939
79284255557
79186354714
79885050501
79180230793
79615923800
79183823152
79281527900
79270504050
79618546180
79180259898
79881825151
79183881829
79237770677
79184824787
79282814823
79528263978
79184589162
79892872377
79184802815
79181391514
79676537287
79054085221
79189670875
79059266311
79284112323
79661711199
79184755353
79615849602
79280440626
79180517595
79601151339
79009456675
79192491503
79056535480
79081424803
79081467610
79586491684
79525417873
79204453649
79036544707
79002721001
79997732189
79204659946
79525587385
79515521673
79009287003
79009605637
79585680528
79529592637
79601111174
79002997543
79525586076
79518653134
79518558576
79202280799
79204454578
79042119314
79204264436
79601204602
79518787293
79507658962
79529515440
79211314321
79059552687
79092122802
79204198899
79515520276
79191881846
79192313947
79202257203
79103469999
79525401955
79102406299
79102426463
79202295309
79774140940
79102401789
79601060377
79204457560
79507617995
79065833881
79107460859
79507500272
79529566793
79056534654
79805403520
79192458888
79056541181
79518503725
79081310917
79202122079
79525471673
79065826287
79685529029
79103400362
79065807207
79042132751
79056523143
79507663501
79525557562
79643320992
79290060076
79213596898
79533497949
79516614020
79516444453
79500035286
79218985125
79119889499
79643206882
79213534525
79581718165
79045531921
79531420012
79219559755
79817778443
79602832459
79112166154
79500215557
79219962788
79500070601
79117261143
79523505218
79818032957
79117757517
79817442064
79516792900
79657480883
79213261105
79216313493
79650275543
79043357221
79217852076
79817842285
79818397153
79817255888
79522780128
79500342971
79117457616
79213739329
79633437486
79215818374
79110040324
79119649190
79117265162
79643402142
79117457618
79112420681
79817473775
79531507112
79213950196
79315815561
79216539739
79210239321
79262728899
79219648676
79213704138
79502211100
79217575410
79112383389
79995347979
79213531912
79522655843
79219284222
79618082922
79117935704
79219400214
79110920111
79213227685
79643207701
79516672009
79819866723
79214419836
79213201542
79217701811
79213564856
79859776922
79112061885
79057760911
79650208298
79217435399
79037550190
79128562628
79091508123
79250022878
79162722480
79165061689
79857766846
79857612325
79191032715
79096398282
79680986245
79104458255
79858164792
79104932716
79266472383
79153928574
79037628554
79163580825
79251652616
79685479978
79771182468
79104715692
79269581680
79265914416
79055297297
79175178388
79829094888
79261455353
79037103147
79651323074
79166165617
79099936343
79266594293
79660087203
79167470707
79031155612
79661099788
79013393529
79055157594
79162442886
79031487465
79510332552
79031845689
79263070272
79017073637
79686636278
79169324272
79778384470
79150110003
79685235839
79162340998
79031241255
79165699999
79150944005
79645255290
79151005716
79684284818
79998546697
79262066059
79610852576
79856202569
79253797424
79998791139
79773879745
79295026109
79267132226
79150548889
79360041912
79686473377
79651543144
79265931398
79660015317
79031793481
79160363665
79269621984
79636238406
79014046697
79261392950
79032676277
79261262506
79269270125
79035970932
79252328226
79167819490
79992011573
79778804209
79295133401
79670988899
79055315918
79060550097
79252825131
79645900371
79651737679
79857601117
79252033851
79055595642
79160289258
79252086428
79779250316
79684283030
79154940056
79036162517
79629501674
79057757225
79775100975
79773172535
79957874983
79685866894
79161136989
79296782264
79017464063
79661119631
79164059683
79777192991
79031894303
79151005716
79661203009
79772711683
79160528005
79779799787
79037106414
79631338985
79267017726
79997163388
79067764938
79651841994
79161061884
79266647107
79995736642
79055936141
79057714783
79165351009
79855539494
79269431134
79264765421
79267536348
79777089727
79684397865
79852912238
79037259607
79853090097
79773172535
79639916023
79646286801
79686636278
79181135041
79152758578
79032712408
79152230290
79689961151
79779539787
79254703387
79636566172
79775100975
79603445215
79852625535
79269515435
79780838075
79165595271
79151758417
79850708110
79017518807
79104548869
79250438238
79265838180
79199681836
79060550097
79261555007
79252211171
79771198955
79773773251
79504311843
79263684782
79035405945
79037248756
79251566585
79254503345
79250585973
79169166202
79151161626
79164830702
79259120200
79636999980
79686473377
79251416939
79672134449
79036327507
79037140137
79168148831
79777215776
79856202569
79262316619
79031155612
79261597484
79997154630
79257181770
79269667273
79773879745
79686138000
79652923768
79299585807
79255557333
79099833958
79680761632
79161690198
79629603592
79265724526
79261471932
79055173798
79067392483
79268444344
79295153033
79263211332
79037128583
79262845849
79296556842
79108558306
79150595757
79263056865
79262714539
79645990788
79654423556
79067141377
79998737947
79262497825
79853977780
79096450193
79266825700
79645054559
79035682288
79258437741
79269126476
79104641550
79017730920
79255343010
79687452352
79267085553
79778669097
79236000123
79259290242
79262859382
79167066841
79257827042
79264548658
79775040790
79162251064
79262852270
79639693925
79646401011
79167701329
79099600005
79771359204
79267508994
79772618205
79254431914
79260101488
79087178213
79166193701
79227730708
79199318022
79684246667
79167745104
79260216664
79161233829
79037267448
79265812462
79775205865
79166627626
79161190811
79956662224
79264838464
79629526611
79175629245
79168108555
79853882211
79264510745
79260904483
79261770544
79262101250
79269911000
79687566665
79261003202
79151510115
79851323237
79152530809
79779668922
79150121231
79031979447
79035202692
79299107191
79262622225
79055536767
79261404679
79775325392
79772668033
79652067188
79680028370
79263888417
79096875712
79268814572
79167779900
79258303777
79264145272
79859994046
79067129085
79261531832
79015325593
79255051017
79853434894
79039694030
79035280785
79193999712
79775517388
79688976935
79104590962
79261258782
79152958676
79647110449
79250810410
79774745839
79163756760
79035789525
79252960676
79268108008
79254531079
79672044742
79263420458
79060929838
79852740697
79104685051
79268757888
79169133000
79150086385
79163849257
79280625684
79038911594
79528728441
79163132608
79104435759
79261349159
79091577860
79252277209
79031839196
79250037020
79093268535
79295511236
79263459290
79166215616
79035974712
79998131343
79967488626
79269701993
79160820014
79671040245
79263141627
79775310397
79778903043
79153236798
79276170146
79277918193
79106402695
79268979360
79272600003
79272155150
79299665741
79266812626
79639108220
79674917459
79879894110
79160433388
79680730004
79879588602
79101233126
79277920020
79639169728
79171236414
79372191714
79875592207
79270230001
79170127370
79879722456
79376554825
79869542215
79372112993
79869589420
79775804877
79297127897
79270186548
79674870795
79179418633
79879658237
79033354331
79854543202
79372160325
79879132446
79272917734
79022801381
79272134884
79021533464
79879854927
79272686545
79277884382
79522137671
79613805430
79277820797
79631182442
79171317249
79991587767
79178187875
79379934585
79272145195
79879388015
79279071033
79397078090
79967304499
79321114432
79179779213
79277609000
79608348706
79276120260
79376650377
79879697275
79171577531
79502013360
79608355599
79370707044
79179496603
79277073442
79608154340
79277983078
79626104999
79871553590
79053011388
79063375777
79608441171
79033310219
79093646880
79061257081
79279059102
79272668359
79179446100
79677250717
79277315471
79270280500
79277083923
79879328023
79277898954
79371818080
79282811810
79277385593
79270000505
79272027350
79270080821
79033313188
79277841784
79649908298
79276005033
79033015952
79272600707
79063416556
79963413811
79171536113
79272040050
79198004586
79879117881
79023397169
79170141777
79321144113
79277765666
79372159961
79126006904
79276909480
79827529678
79061251188
79826338364
79827390543
79179439463
79613927670
79049860048
79086378606
79277555010
79506326767
79775316148
79272042055
79033334219
79021889899
79826418028
79530002223
79049842585
79527363501
79221312688
79120506966
79193656420
79859777049
79103214989
79521421775
79045445922
79089104099
79122825357
79222222425
79122837562
79126115536
79521379153
79220268799
79049847564
79122429333
79623100280
79826108000
79126846184
79024413748
79222191167
79001992623
79122523599
79221112222
79086396726
79126969108
79826762601
79222121427
79226040226
79221920992
79126442939
79527333542
79536048077
79086301011
79538253851
79538211605
79122557077
79222225863
79530423945
79126947363
79028770743
79221289165
79025039897
79220276511
79506475661
79090238356
79617673203
79221786616
79126699777
79126020220
79122321461
79049857463
79655344444
79825222801
79002022373
79058022637
79617635150
79221280384
79222212141
79022698849
79049857161
79530421167
79321293005
79122400222
79521380990
79272082363
79028791142
79004012212
79655437770
79826675010
79226041909
79521311611
79058018337
79221183118
79527410433
79222210782
79193727346
79126433041
79089277575
79956625332
79221097545
79502030231
79022775241
79827039348
79222031990
79089055188
79122424666
79049841222
79122325655
79221241555
79058033203
79049848727
79090165555
79086369401
79221767799
79126267371
79022697101
79122077789
79063230815
79126091500
79655101757
79126374797
79193826675
79030858791
79920076001
79126560323
79126272618
79521460333
79245440057
79501930082
79193767067
79122078953
79221522905
79226468968
79326045360
79537299366
79126796555
79537003336
79687454663
79502033535
79175452843
79826294891
79108139522
79126962652
79122411270
79028044740
79521308335
79850559545
79126401110
79536050586
79531286714
79107528999
79056661065
79004987650
79204888801
79107508435
79806761111
79537073050
79175356875
79004956424
79517934586
79000830477
79774008920
79507344333
79657160000
79537057538
79995702485
79852384044
79117936546
79000741034
79642473333
79088168733
79514456058
79123122444
79030907406
79514576262
79051231121
79512449735
79507232575
79123005262
79030906383
79642499845
79090890095
79507290592
79049363058
79085739993
79227104060
79617886211
79525150087
79080007901
79518158528
79517784632
79517823972
79193582314
79048183010
79615764234
79525299191
79822759840
79123145454
79127763437
79222389808
79123226214
79068504589
79028938616
79080777074
79043039227
79183173118
79517944109
79518042224
79511292319
79514682003
79090939357
79030898280
79227205555
79514427840
79507392762
79518100862
79191252010
79124700707
79514439247
79193548108
79227432296
79658534389
79080810565
79030906042
79511284535
79127939168
79517878997
79080461725
79227430304
79080564586
79514885599
79000647900
79080403804
79043077703
79128940042
79000810868
79000776835
79080680148
79026012633
79000681515
79525130162
79085815139
79080492020
79518111228
79630804684
79191162709
79193028555
79525050538
79058350095
79822915713
79518171598
79085755574
79127777014
79507459569
79220115945
79517767206
79823196354
79030882626
79227212282
79068907222
79127906080
79822983328
79193439980
79517803011
79085832740
79507427099
79191240340
79226980413
79080596707
79925287934
79514767960
79995894533
79517925166
79871865661
79227041428
79272424347
79085728971
79046767799
79123035039
79600742852
79337770116
79033401788
79518919627
79085800971
79028669623
79518105821
79517777702
79172745902
79178982059
79514754217
79000958631
79600353433
79272479272
79000888405
79625583668
79080417788
79080612003
79872313939
79514790026
79090782898
79525115736
79851413705
79872787222
79093082950
79196296586
79957268837
79853628611
79370035099
79274244442
79673615123
79178575434
79053760010
79872978551
79655833206
79625592045
79874161550
79274133301
79872269309
79874202710
79177010900
79172613553
79172882124
79047649347
79179355514
79625760564
79046657904
79196835725
79172489506
79656006290
79061151550
79372904435
79276779808
79196440682
79673634874
79872971407
79376104950
79872973124
79033427085
79373106133
79782780179
79226433744
79600343123
79600454707
79061115997
79050255835
79655801001
79033888073
79272488832
79520327678
79625534535
79372999520
79053519360
79196470550
79173933759
79172687267
79872387866
79673638604
79179354615
79872827777
79377737751
79274272151
79178851982
79600370125
79178727927
79047087777
79274415012
79503286377
79063263656
79178704413
79375244996
79872269570
79172697484
79872122155
79655829787
79196411829
79375806923
79179115075
79600464107
79172860217
79050209150
79274669931
79867197455
79375223625
79196964295
79625485476
79196260850
79874032176
79196826614
79991552269
79600866371
79179146996
79061106631
79033184051
79600330786
79673645650
79872897172
79991575524
79673643669
79375807851
79872967515
79178583837
79173934171
79274696778
79373700069
79178708888
79600659601
79172473777
79033199779
79172912120
79656246777
79376133200
79625780600
79274903839
79376114774
79631253174
79272415565
79520302894
79996304100
79274961726
79172824375
79600792271
79172903206
79375953232
79179355258
79625563330
79274909900
79047149441
79046760994
79673728032
79600728171
79059717170
79274775149
79518998822
79991565666
79612015627
79255458521
79870014805
79315947465
79377776897
79127501077
79581832849
79178996276
79061171732
79686800333
79046730627
79534032285
79167698518
79529359296
79181849800
79219657007
79851797829
79655015032
79174226211
79035081643
79228528787
79172631463
79328473080
79032841563
79110278486
79263991635
79280899311
79159372313
79652858484
79093807215
79228249999
79103538018
79114856705
79640691222
79600386728
79185551514
79161266551
79217186128
79184534356
79057957783
