89312363913
89215894864
89111534577
89112233638
89117414865
89818703393
89217882883
89119184943
89213330010
89214152361
89215777360
89110252013
89213146345
89117767227
89117775110
89522084719
89118219555
89516446557
89219149368
89182954519
89214432788
89112153643
89516602200
89650756833
89654278109
89219328256
89219522269
89112354532
89818474801
89650131166
89516830903
89819770782
89219465078
89531608547
89516830903
89119216121
89006278096
89623530515
89219399139
89150103070
89219418836
89184484409
89312880411
89213468832
89219421570
89213010883
89312077057
89219412190
89095935465
89300000650
89218885230
89119597837
89819360949
89500246031
89062544144
89219353226
89119901232
89216360899
89523553038
89218665955
89213971133
89213361842
89119027401
89219384412
89219396113
89219057014
89219534237
89214489156
89643368667
89045556716
89627281635
89119274127
89213979232
89111957029
88129403220
89217964052
89119246644
89046481446
89219568616
89811608475
89219597693
89219587850
89119116117
89215859881
89219068892
89523989261
89219123974
89219471409
89650286400
89110332007
89523883585
89062490713
89213268375
89218681780
89117837111
89119027770
89112293335
89214396472
89673591287
89119374448
89219305638
89111505083
89500215609
89523822005
89059791981
89312025202
89117118359
89219044149
89944204483
89219543130
89219679495
89634378802
89817782891
89219072417
89052243666
89633116903
89219422779
89219244229
89213474256
89523648498
89219539984
89219294475
89627178296
89819581478
89214909099
89811514645
89110392930
89052533628
89500001999
89219568408
89219568408
89117244929
89062649691
89219534946
89112166154
89214286433
89219096277
89650487485
89500170600
89219503545
89213814788
89219361527
89111965597
89523699211
89217776708
89313508113
89219542843
89668777792
89030990482
89522890850
89516422456
89117454763
89627555159
89500149641
89046439795
89632437118
89643440243
89119203019
89219409300
89602766211
89052700741
89052272900
89112068484
89632458472
89213827864
89522344536
89531506332
89214312221
89502254167
89516616025
89650154966
89110025555
89213262299
89219952773
89992396154
89214112345
89219355070
89118240729
89119152190
89217792899
89218869103
89006536813
89219673533
89818808182
89119321887
89312264360
89213734150
89110944040
89819617655
89119345910
89119067968
89062925555
89210906030
89811202225
89602700831
89219989833
89046155928
89217505137
89312070944
89211810189
89217707027
89217749035
89211888499
89817388066
89312291537
89122960478
89992429169
89602890841
89219422255
89119615605
89214297119
89090927550
89531506332
89643299740
89643926786
89108125240
89531727915
89112387010
89210907115
89516533320
89633049941
89119239484
88125296544
89215581603
89063121830
89219693400
89213664069
89213041404
89155284456
89602453971
89111306940
89111172111
89211840910
89095883573
89219510833
89030946180
89117684799
89315771526
89062528792
89117777088
89650013460
89112887806
89112887806
89650539777
89852670706
89112887806
89216442292
89217400887
89857600105
89995200754
89643412235
89219738916
89215829071
89111588141
89117019342
89217459995
89217459995
89035231578
89500035322
89217459995
89697185885
89650840063
89113932831
89967736579
89119706220
89112310763
89118434509
89216442292
89117414865
89219432989
89510767985
89811325480
89692003160
89213783329
89052368374
89533475986
89213639277
89650919700
89650487994
89052735389
89627117113
89112313952
89219420331
89531466085
89675629057
89500155151
89112505801
89158655668
89046362677
89112727214
89618031002
89111390975
89657725350
89643450803
89602640919
89218487993
89119498868
89216529187
89111434090
89291423978
89119771390
89013211115
89213390184
89219150783
89119267963
89955996080
89219950994
89050763030
89257395518
89034547889
89209315222
89890902978
89528677172
89288494485
89999233010
89645742128
89528677172
89884182170
89035009705
89549326929
89673126867
89999233010
89169218848
89884182170
89882576894
89183488072
89883426480
89184341187
89673199656
89186120756
89164942231
89671120575
89673126867
89089247434
89203253931
89183780371
89780034044
89384054147
89054019607
89223321423
89180347283
89990803190
89779498258
89045428931
89182873184
89098346666
89227649951
89180918518
89183822060
89883489166
89183364154
89184389028
89298485003
89183656889
89883851761
89181374279
89182514021
89183261179
89883798000
89186309333
89181794142
89180221414
89897566006
89094446262
89184492971
89181111129
89181143580
89618502466
89184198190
89185184000
89181479999
89181048713
89177990997
89126656988
89186193198
89119888483
89654737723
89184372953
89388885005
89002631993
89282943057
89875870777
89183072846
89184095944
89881549374
89180070707
89181018682
89180067887
89649440567
89183075555
89180222243
89282013424
89280409374
89184698846
89181040029
89616440680
89180965222
89883404313
89618558008
89184575861
89615192077
89094466652
89385355009
89886692124
89064946033
89189851147
89964105512
89887706707
89183912695
89251622082
89094462779
89615942046
89882460656
89649208277
89184457057
89184467467
89181828049
89186063073
89094444546
89091197791
89280420520
89648987261
891812002966
89180464299
89028099523
89298396398
89883893534
89298300666
89898029481
89529206273
89034505494
89882477707
89032280228
89649253554
89189469860
89186529292
89064354747
89184565265
89182733519
89883851593
89648961808
89184601013
89284385404
89183223194
89288498633
89181111220
89184623801
89892652170
89182407555
89885255556
89183579534
89898129528
89237770677
89286379939
89281527900
89186677668
89180681560
89284146410
89180699903
89180259898
89624509342
89180230793
89183149052
89270504050
89284255557
89184824787
89528263978
89186354714
89885050501
89183823152
89615923800
89282814823
89615277958
89618546180
89286644575
89881825151
89184802815
89183881829
89181391514
89892872377
89182306717
89676537287
89187505015
88612519389
89184589162
89181801464
89189670875
89661711199
89615849602
89184755353
89002721001
89384176718
89280440626
89286064007
89034516558
89180517595
89054085221
89059266311
89127475488
89284112323
89604847772
89180027274
89624207078
89586491684
89192491503
89009456675
89056535480
89255957064
89204442789
89515545883
89036544707
89525417873
89805422487
89601151339
89204453649
89155456492
89518579716
89515545883
89081424803
89081467610
89204265276
89802469374
89515526402
89204291561
89152161482
89515625388
89515469124
89009287003
89204659946
89042119314
89304094222
89102839674
89009581358
89525587385
89204659946
89997732189
89515403094
89585680528
89515521673
89304094222
89009605637
89081487892
89601111174
89997732189
89518558576
89525586076
89525528924
89002997543
89056569187
89202280799
89202210234
89525417873
89204238466
89529592637
89204264436
89518558576
89515520276
89518653134
89515521673
89601204602
89518787293
89507658962
89036544707
89211314321
89204454578
89204238466
89042138990
89204442789
89255957064
89805411328
89956214926
89092122802
89304017132
89204198899
89225034181
89036561117
89204456050
89066734441
89529515440
89671719333
89102406299
89065905625
89102426463
89103469999
89204377955
89059552687
89525401955
89202257203
89805424853
89191881846
89601060377
89774140940
89507617995
89192313947
89102401789
89623311076
89515511673
89304186050
89529566793
89107460859
89202295309
89507500272
89030300777
89056534654
89525557562
89204457560
89065833881
89805403520
89056541181
89192458888
89303409984
89518503725
84732802001
89081310917
89202122079
89525471673
89065826287
89304040126
89103400362
89042132751
89065807207
89204391777
89204346036
89507663501
89056523143
89204361814
89290060076
89531494117
89685529029
89204600223
89515543639
89009517095
89531444248
89602712230
89500026689
89213596898
89643320992
89062621731
89052614122
89211896827
89516614020
89127862497
89516444453
89523851191
89533497949
89500035286
89531466396
89697269108
89127862497
89218985125
89581718165
89817778443
89643206882
89967711719
89052134969
89119082930
89062546591
89045531921
89032079383
89213534525
89219962788
89531420012
89046357937
89119889499
89697247803
89523505218
89817442064
89602832459
89052519622
89995178798
89650837996
89117757517
89500070601
89117261143
89219559755
89657480883
89657480883
89206644748
89650275543
89500215557
89043357221
89650124117
89216313493
89217852076
89818032957
89516792900
89817842285
89817255888
89117004664
89955935351
89522780128
89110040324
89037725820
89052329266
89213261105
89213739329
89650709695
89119649190
89215818374
89992199259
89819726347
89633437486
89818397153
89643402142
89500342971
89112420681
89117457616
89117265162
89119124075
89056662077
89045531921
89117457618
89998797677
89213531749
89657514282
89522058484
89657744866
89211893728
89531466396
89111384165
89522655843
89378732048
89602350393
89817473775
89657744866
89690881322
89213950196
89657744866
89262728899
89531507112
89531507112
89315815561
89112383389
89112458883
89216539739
89117935704
89210239321
89533567450
89995347979
89819866723
89219284222
89082625279
89219648676
89213704138
89502211100
89062697694
89217575410
89110062854
89110920111
89618082922
89213531912
89219420219
89213201542
89213564856
87214429509
88911170651
89216304012
89650260976
89516672009
89650208298
89112061885
89219400214
89217701811
89217435399
89213227685
89128562628
89643207701
89643978539
89214419836
89500351852
89859776922
89261008415
89057760911
89091508123
89678824071
89037550190
89152400984
89162722480
89255177845
89644533061
89998017863
89857766846
89165061689
89024240084
89857612325
89031646737
89094699359
89167638785
89250022878
89680986245
89037628554
89104458255
89263070272
89855651035
89653782131
89858164792
89251652616
89191032715
89096398282
89152086691
89099876358
89266472383
89163580825
89252209851
89636572888
89257394464
89251507550
89167474530
89104932716
89036693043
89153928574
89153928574
89771182468
89685479978
89104715692
89096469954
89255767356
89771124976
89851691600
89095493723
89154694911
89265914416
89269581680
89031155612
89256468818
89055297297
89175178388
89268444940
89099876358
89099876358
89689476527
89261455353
89266594293
89651323074
89166165617
89959235772
89160364393
89099936343
89263544438
89015668802
89829094888
89660087203
89261745055
89254542762
89037103147
89661099788
89661099788
89162442886
89055157594
89031487465
89013821863
89031845689
89510332552
89771182468
89167470707
89266505261
89268330618
89779575365
89684601231
89013393529
89055233203
89850905960
89686636278
89150110003
89267698828
89057389632
89686100076
89175763507
89684097930
89031241255
89169324272
89165699999
89017073637
89150944005
89032676277
89778384470
89610852576
89266250848
89685235839
89998546697
89773879745
89191032715
89295026109
89151005716
89162340998
89024240084
89262066059
89150548889
89253797424
89856202569
89645255290
89855529046
89686473377
89360041912
89262262177
89191032715
89684284818
89636572888
89191032715
89265931398
89998791139
89296120805
89651543144
89660015317
89014224673
89267132226
89661420035
89647154291
89014224673
89160363665
89269621984
89031793481
89014224673
89014224673
89261392950
89167819490
89269270125
89778804209
89671826471
89858164792
89992011573
89252328226
89636238406
89060550097
89095493723
89169481520
89035970932
89296384832
89014046697
89055315918
89055093308
89684467020
89261262506
89295133401
89651737679
89252825131
89057276849
89036162517
89299665009
89857601117
89670988899
89055595642
89060550097
89269458096
89779250316
89645900371
89299727616
89683581187
89153234068
89684283030
89154940056
89096276605
89252033851
89192247208
89160289258
89252086428
89774457978
89268950674
89261863010
89299665009
89687638690
89629501674
89687638690
89629501674
89653733256
89629501674
89629501674
89629501674
89653733256
89688676579
89775100975
89688676579
89777143278
89773172535
89096051118
89645291361
89057757225
89296782264
89017464063
89636532156
89688870001
89957874983
89685866894
89163480987
89774901227
89262817421
89853387037
89013568133
89164059683
89852531210
89661119631
89261419901
89683283035
89853387037
89161136989
89104422201
89162029294
89687638690
89687638690
89777192991
89152858220
89150858018
89777143278
89067764938
89151005716
89661203009
89031894303
89686738783
89683283035
89672855613
89995736642
89672019666
89775517296
89267017726
89055936141
89779799787
89299665009
89153234068
89997163388
89772711683
89014224673
89161800029
89037106414
89160528005
89631338985
89651841994
89032982872
89199657659
89687956195
89299281755
89264765421
89099169322
89057714783
89296120805
89885167863
89267536348
89254204005
89689961151
89165595271
89773172535
89261555007
89619256905
89037259607
89777089727
89780838075
89152230290
89165351009
89269431134
89504311843
89852625535
89161061884
89266647107
89032712408
89852912238
8859994245
89853090097
89199681836
89855539494
89775100975
89269515435
89684397865
89252043363
84957347227
89017518807
89104548869
89779539787
89181135041
89162115893
89639916023
89253803146
89067309237
89260125817
89150090525
89060550097
89850708110
89603445215
89686636278
89152758578
89251566585
89254703387
89652287335
89636566172
89261808214
89671711486
89252211171
89646286801
89851382686
89265838180
89151161626
89254503345
89151758417
89253548991
89266725822
89164830702
89856202569
89855529046
89250438238
89168148831
89771198955
89037248756
89683581187
89036140033
89153086198
89371432984
89670341284
89037140137
89036327507
89773879745
89263684782
89672134449
89683581187
89680761632
89055093308
89259120200
89855529046
89299585807
89251416939
89773773251
89257181770
89686138000
89035405945
89262316619
89037522392
89255557333
89686473377
89250585973
89169166202
89030000002
89161800029
89629603592
89853161396
89055173798
89636999980
89262714539
89652923768
89150595757
89652923768
89055093308
89015668802
89681881502
89777215776
89031155612
89850495597
89014224673
89654423556
89997154630
89851520734
89261597484
84232364200
89269667273
89645054559
89261471932
89037128583
89268444344
89067392483
89295153033
89269126476
89037181208
89263211332
89268604103
89268604103
89161690198
89645990788
89099833958
89050638355
89265724526
89267194823
89370758393
89261785447
89517101947
89096227666
89262845849
89262497825
89261381913
89262859382
89035095599
89108558306
89296556842
89252876769
89263056865
89266825700
89638863032
89853977780
89067141377
89998737947
89258437741
89167066841
89035682288
89031282100
89153523880
89255343010
89096450193
89851261130
89267085553
89268210377
89264548658
89687452352
89162251064
89778669097
89104641550
89636036645
89260952522
89639901284
89775040790
89257827042
89236000123
89099600005
89259290242
89295740832
89151423921
89771359204
89859208262
89262852270
89646401011
89772618205
89017730920
89167745104
89099138107
89255169965
89672669658
89162649601
89260101488
89166193701
89199318022
89263059347
89227730708
89037267448
89265812462
89261770544
89087178213
89639693925
89775325392
89267508994
89254431914
89165553696
89167701329
89684246667
89260216664
89264838464
89161233829
89169397322
89629526611
89168108555
89775205865
89261003202
88967973626
88967973626
89166627626
89999132425
89999132425
89687566665
89299107191
89260904483
89161190811
89150121231
89850529751
89687115655
89956662224
89264510745
89853882211
89652067188
89851323237
89259323050
89269911000
89175629245
89779668922
89263888417
89262101250
89261404679
89104308993
89680028370
89152530809
89258303777
89017844803
89031979447
89262622225
89151510115
89661926422
89264145272
89031409855
89055536767
89686880602
89067129085
89032565569
89067025482
89169216887
89268108008
89035202692
89153445489
89099138107
89261531832
89096875712
89150240372
89250810410
89015325593
89772668033
89261722796
89167779900
89268814572
89859994046
89255051017
89265296288
89647110449
89096882664
89039694030
89684439851
89688976935
89193999712
89035280785
89853434894
89162651813
89252092912
89775517388
89104685051
89035789525
89175991060
89774745839
89104590962
89855619819
89165513391
89151987615
89261258782
89268757888
89152958676
89252960676
89038911594
89254531079
89672044742
89163756760
89150086385
89263420458
89060929838
89261095080
89261349159
89267827857
89653498412
89036632565
89250037020
89269701993
89269694147
89169133000
89528728441
89166215616
89067524895
89163132608
89852740697
89031839196
89280625684
89167240044
89093268535
89153601589
89106402695
89163849257
89252277209
89153236798
89823456653
89161100160
89263141627
89263459290
89091577860
89104435759
89035974712
89295511236
89299665741
89160820014
89775310397
89031481211
89160433388
89854170027
89671040245
89266812626
89778903043
89296778758
89262791989
89268979360
89998131343
89674917459
89277920020
89276170146
89272600003
89967488626
89093632126
89277918193
89063452343
89879894110
89639108220
89680730004
89063452343
89272155150
89171453739
89370754913
89879588602
89376510653
89277970666
89376510653
89101233126
89869517591
89370754913
89376401109
89297127897
89171630755
89639169728
89674887855
89674897917
89674875782
89869589420
89270230001
89608098600
89053066415
89770735458
89170127370
89277088933
89101233126
89854543202
89033354331
89372160325
89608454226
89270186548
89171236414
89372191714
89649680590
89879722456
89875592207
89019420935
89869542215
89874305140
89376554825
89775804877
89372112993
89967237267
89608309247
89879658237
89613837723
89272917734
89397000732
89021536450
89033328219
89674870795
89171090958
89967237267
89879132446
89871611391
89179418633
89605748418
89277918193
89967416105
89277764530
89272134884
89376520216
896063430258
89297177071
89879756445
89377983754
89277668470
89608491626
89277533101
89879623142
89170318771
89371736319
89019430294
89372124082
89022801381
89601817522
89179779213
89277884382
89967304499
89276900964
89613816488
89021533464
89198033510
89321114432
89171577531
89879854927
89603535742
89376650377
89171317249
89372180636
89631182442
89372304540
89277820797
89277813181
89879388015
89272686545
89272145195
89991587767
89879786991
89397078090
89608418234
89522137671
89282811810
89613805430
89379934585
89372316655
89608154340
89370707044
89178187875
89047421421
89951980164
89871553590
89061257081
89277385593
89271564783
89277609000
89279071033
89879510603
89608348706
89879697275
89093646880
89277898954
89277073442
89608441171
89276120260
89270280500
89179475717
89502013360
89277983078
89626104999
89608355599
89879328023
89033310219
89279059102
89063375777
89033313188
89502013360
89371818080
89272628138
89179496603
89963413811
89053011388
89272600707
89677250717
89379926040
89270080821
89272040050
89276005033
89179446100
89272668359
89277315471
89270000505
89276571720
89063416556
89277203309
89179439463
89276909480
89272027350
89170181899
89198004586
89613834220
89649908298
89270044797
89061251188
89277083923
89272082363
89179450218
89639172537
89879117881
89171536113
89277765666
89033015952
89277555010
89372159961
89170141777
89277841784
89613927670
89272042055
89649796989
89033334219
89023397169
89260500076
89617785549
89041719332
89533826033
89086378606
89826338364
89321144113
89126006904
89024460839
89634457543
89655276511
89621808742
89058062449
89321251599
89049860048
89827529678
89634457543
89827390543
89775316148
89827390543
89021889899
89012307339
89990016075
89506326767
89621808742
89920190170
89826418028
89126846184
89221615720
89326199686
89582312528
89530002223
89222209022
89527363501
89193656420
89536089637
89530457842
89530457842
89530457842
89321144113
89634449049
89049842585
89012307339
89536089637
89103214989
89859777049
89045445922
89617882442
89678535144
89221312688
89220268799
89120506966
89028771098
89623100280
89000000000
89506426471
89122825357
89122837562
89521380384
89521421775
89222222425
89126115536
89222191167
89521379153
89086396726
89089104099
89122429333
89826108000
89122523599
89049847564
89001992623
89826969888
89966828225
89582241233
89826762601
89222121427
89024413748
89226040226
89221112222
89655319435
89221023201
89220276511
89530423945
89126442939
89221289165
89222126583
89530042678
89086301011
89222225863
89530575515
89221920992
89126969108
89126947363
89536048077
89527333542
89538253851
89058017688
89028770743
89502090737
89530583563
89012309776
89126634691
89538211605
89617635150
89122557077
89221280384
89506475661
89025039897
89536096889
89923385097
89002091233
89002022373
89530421167
89193721714
89617673203
89126740896
89825222801
89221786616
89004012212
89019494272
89655344444
89126020220
89049857161
89090238356
89226041909
89634431477
89058022637
89630436408
89022698849
89527251278
89126699777
89956625332
89122321461
89502030231
89126794569
89028791142
89617624357
89923344407
89043888550
89521380990
89521349133
89049857463
89221150646
89527410433
89122853571
89655082406
89655437770
89321293005
89122400222
89090074667
89222212141
89122325655
89126433041
89501996029
89222210782
89022775241
89193857113
89521311611
89122824891
89826675010
89126488222
89827039348
83432720371
89638560517
89521460333
89193727346
89222031990
89221183118
89049841222
89221241555
89058018337
89120419524
89221767799
89126091500
89126267371
89090165555
89089277575
89022697101
89122424666
89089055188
89827316932
89086369401
89655101757
89221097545
89193826675
89826587406
89995614884
89533804802
89221522905
89122077789
89502033535
89920076001
89126374797
89126272618
89030858791
89245440057
89126560323
89049848727
89025028116
89193767067
89058033203
89063230815
89326045360
89058012002
89002080210
89220228187
89122411270
89126796555
89501930082
89126049098
89126962652
89126268423
89041607820
89536050586
89041720262
89126401110
89531615160
89612101111
89226468968
89095043025
89655178341
89920034818
89122078953
89222242269
89521308335
89826294891
89028044740
89056661065
89001976049
89530025198
89009870099
89204948651
89537003336
89175452843
89850559545
89687454663
89622319231
89631765707
89169030795
89065974786
89537299366
89004956424
89108139522
89031793509
89807833647
89004956424
89051243866
89067735526
89004693972
89537057538
89657189202
89806700482
89537276918
89531286714
89537003336
89158804028
89107508435
89657160000
89204726486
89806761111
89004987650
84753557062
89537026090
89107528999
89066587465
89051231121
89623645634
89204888801
89175356875
89030178441
89537073050
89533789055
89517934586
89517293828
89517802492
89123005262
89642473333
895117763437
89821015542
89514797743
89642499845
89030907406
89000830477
89193163847
89995702485
89514612041
89774008920
89507344333
89227118824
89852384044
89507341724
89080007901
89117936546
89193582314
89518158528
89514456058
89525299191
89518085530
89000741034
89030906383
895117763437
89123122444
89517787082
89088168733
89951251955
89512449735
89507290592
89823132232
89090890095
89227044873
89511105400
89517823972
89525150087
89514576262
89822759840
89507232575
89617886211
89085739993
89049363058
89617886211
89080427656
89227104060
89121700336
89517784632
89000825393
89191252010
89030906042
89123226214
8351098883
89000913174
89097471602
89068504589
89049748214
89823191809
89048183010
89615764234
89090939357
89123145454
89518042224
89227205555
89028938616
89124700707
89123001793
89514427840
89525009913
89127763437
89028662813
89222389808
89080777074
89123109902
89193028826
89525264334
89517944109
89090722677
89085771766
89000776835
89658599796
89043039227
89030898280
89127939168
89068645856
89514682003
89511292319
83519006393
89043077703
89822895717
89517878997
89183173118
89525130162
89000810868
89518100862
89227503691
89123081141
89058332328
89511284535
89128940042
89193548108
89227432296
89658534389
89227222375
89080810565
89514475784
89507392762
89058350095
89084943228
89080461725
89000647900
89026012633
89227430304
89514885599
89822915713
89514439247
89085824200
89080403804
89630804684
89518171598
89000720640
89080564586
89193028555
89085755574
89514680030
89080680148
89085815139
89995865288
89525050538
89821039406
89511284968
89080492020
89514800886
89518111228
89000681515
89517768236
89823123412
89507475109
89085820407
89124058750
892227264012
89090796392
89514556580
89507459569
89525112196
89681293363
89517767206
89127777014
89080438043
89823196354
89220115945
89085887167
89191162709
89630928845
89030882626
89193548881
89127906080
89227212282
89068907222
89823127250
89517803011
89000919602
89085832740
89822983328
89193439980
89518144796
89525264334
89995894533
89226980413
89518105821
89000888405
89525115736
89514767960
89604668589
89514790026
89058303240
89925287934
89222380810
89090782898
89085800971
89080698139
89080612003
89517777702
89123035039
89925101899
89507427099
89227041428
89068542156
89080417788
89090997702
89080596707
89514754217
89517925166
89514627526
89191240340
89090829064
89085728971
88902612227
89185992035
89028669623
89068700684
89097454357
89521460613
89517833369
89000958631
89961891906
89085799702
89525042352
89123207102
89851413705
89046767799
89871865661
89110322448
89172745902
89872313939
89093082950
89600742852
89656022540
89033401788
89600353433
89518919627
89274271162
89272479272
89625571401
89337770116
89272424347
89272424347
89272424347
89053138425
89652646429
89376194604
89625583668
89172820714
89178982059
89168338024
89687310186
89046657904
89872978551
89872872381
89872781846
89196296586
89853628611
89782780179
89050255835
89235435891
89600343123
89178575434
89172536132
89600814777
89179355514
89673615123
89061151550
89172882124
89177010900
89092871295
89274133301
89872787222
89874202710
89503283097
89033442069
89033442069
89172489506
89053760010
89673615123
89003239109
89655833206
89673615123
89172758307
89655833206
89600454707
89656006290
89625592045
89625610765
89957268837
89274244442
89033414920
85594 43770
89872269309
89370035099
89047649347
89874161550
89047649347
89172613553
89600567773
89600567773
89625760564
89872971407
89996092541
89625760564
89872973124
89276779808
89375987679
89179234268
89033427085
89196835725
89673634874
89061115997
89373106133
89196440682
89376104950
89534982307
89872827777
89173963499
89372904435
89655949348
89782003353
89600381642
89033888073
89655801001
89172200025
89226433744
89173933759
89172416223
89179354615
89274415012
89372999520
89655974377
89655833206
89272488832
89175528853
89656009751
89172687267
89053519360
89178851982
89503132810
89534045348
89377722077
89503286377
89377737751
89274272151
89196470550
89872926535
89600370125
89178704413
89520327678
89625692900
89063250239
89625692900
89872862685
89625692900
89872862685
89872862685
89655886158
89625534535
89655939247
89673638604
89872387866
89872387866
89673638604
89534936882
89063263656
89534936882
89179154247
89503227572
89178639966
89047087777
89172697484
89178727927
89179115075
89196309531
89375806923
89178701970
89172860217
89196463416
89510699533
89274578864
89196411829
89375244996
89274902583
89872638133
89655829787
89274290978
89179328339
89872269570
89872122155
89872122155
89196964295
89869151445
89093698264
89093698264
89867197455
89375223625
89274098008
89503115288
89600464107
89053756206
89050209150
89050209150
89673645650
89179146996
89659445759
89179315171
89274669931
89375807851
89033184051
89518946370
89600330786
89170000000
89033184051
89196260850
89631394002
89869153343
89033184051
89600866371
89991552269
89874032176
89655801110
89625485476
89003250001
89003250001
89178583837
89003250001
89600659601
89872897172
89871816939
89991575524
89872610374
89061106631
89172912120
89196826614
89178708888
89172779339
89518998822
89673643669
89625563330
89373700069
89173934171
89872967515
89376114774
89871844864
89172824375
89872702877
89172238853
89061243338
89179355258
89172474698
89172473777
89991696223
891772871787
89376133200
89272415565
89274961726
89631253174
89172903206
89173100950
89274740777
89625780600
89656246777
89600792271
89274696778
89059717170
89033199779
89047149441
89274903839
89274775149
89377776897
89534032285
89520302894
89625558720
89046730627
89315947465
89179155472
89179155472
89600728171
89061171732
89600807724
89991565666
89375953232
89673728032
89274909900
89870014805
89996304100
89178996276
89179035529
89046760994
89172631463
89174226211
89581832849
89082874052
89379864744
89255458521
89032841563
89296321914
89529359296
89612015627
89031839278
89035081643
89066363113
89293760413
89698017064
89851797829
89622427291
89781819897
89093807215
89034991196
89127501077
89219657007
89686800333
89110278486
89500455641
89228249999
89263991635
89851797829
89036238093
89039691933
89652858484
89167698518
89644734303
89517825201
89090827167
89655015032
89185551514
89281282585
89328473080
89228528787
89609935646
89159372313
89251579953
89057957783
89103538018
89114856705
89161266551
89217186128
89181849800
89184534356
89635389517
89640691222
89280899311
89600386728
