+79999799377
+79999718851
+79999277888
+79998369989
+79998122716
+79997860865
+79997459840
+79997458147
+79997455304
+79997455207
+79997453855
+79997453722
+79997453143
+79997452028
+79997452011
+79997451451
+79997451437
+79997450243
+79997009286
+79997008589
+79997007056
+79997005995
+79997005340
+79997004886
+79997002847
+79997001500
+79997001368
+79997001116
+79997000813
+79996542295
+79996091769
+79996091584
+79996091533
+79996091221
+79996091019
+79996089628
+79996086422
+79996086355
+79996085697
+79996084660
+79996083026
+79996082471
+79996081950
+79996081050
+79996080873
+79996075582
+79996074335
+79996072780
+79996072091
+79996071234
+79996070435
+79996069240
+79996068845
+79996065097
+79996064317
+79996064258
+79996063319
+79996063229
+79996055228
+79996053478
+79995663622
+79995193925
+79995193373
+79995187112
+79995186218
+79994576355
+79994216517
+79994076666
+79994016660
+79993814648
+79993813834
+79992613123
+79992559289
+79991793579
+79990884945
+79990820464
+79969436678
+79969436593
+79969435294
+79969435058
+79969434865
+79969433563
+79968245254
+79965614750
+79965612453
+79963089819
+79963089017
+79963087528
+79963079684
+79963078710
+79963076677
+79963076477
+79963072525
+79963071991
+79963070015
+79959886733
+79953406559
+79953402029
+79952414364
+79951384714
+79951078115
+79937775553
+79924011414
+79923585097
+79922202001
+79920175399
+79915557775
+79914163342
+79914057631
+79913315507
+79913165102
+79913160170
+79913158985
+79913153620
+79912125025
+79912118633
+79911144638
+79898930298
+79898891049
+79898737771
+79894408769
+79888316174
+79887972438
+79886092457
+79885860051
+79885805852
+79885616667
+79882663835
+79882507690
+79880064275
+79876520007
+79874975506
+79874875104
+79873652832
+79873556782
+79872927077
+79872379059
+79871874432
+79871087217
+79869752513
+79869033813
+79853618576
+79852654081
+79852005300
+79850942177
+79850851697
+79841939771
+79835348732
+79835173697
+79834508203
+79829635054
+79827616692
+79825583418
+79824864064
+79824836092
+79824000621
+79822551299
+79821743949
+79821550957
+79821453772
+79818058524
+79815624404
+79815036969
+79814446666
+79813333705
+79809371309
+79808888283
+79807969954
+79807967747
+79807967746
+79807940000
+79805382528
+79805335417
+79805304207
+79805286136
+79805285847
+79805285200
+79805284350
+79805281548
+79805280138
+79805278953
+79805275011
+79805266826
+79805266710
+79805261584
+79805257201
+79805256608
+79805246181
+79805243630
+79805240716
+79805240038
+79805233762
+79805232769
+79805231868
+79805226010
+79805215831
+79805214031
+79805211895
+79805210801
+79805207374
+79805206688
+79805205353
+79805204865
+79805202121
+79805202089
+79805200969
+79803946689
+79803938243
+79803934695
+79803934386
+79803932246
+79803925893
+79803924236
+79803923621
+79803921702
+79803920462
+79803918550
+79803918215
+79803916676
+79803914656
+79803914145
+79803896101
+79803894527
+79803893026
+79803890217
+79803886802
+79803871058
+79803867286
+79803864074
+79803854365
+79803839686
+79803836615
+79803834811
+79803833759
+79803827556
+79803799070
+79803799024
+79803798935
+79803798528
+79803798018
+79803797827
+79803795544
+79803791331
+79803790070
+79803789120
+79803784714
+79803775851
+79803774768
+79803770284
+79803770206
+79803766357
+79803757027
+79803750181
+79803748191
+79803739576
+79803736327
+79803733453
+79803730886
+79803720994
+79803715508
+79803713600
+79803458675
+79803296812
+79803296498
+79803291447
+79803288806
+79803288060
+79803285351
+79803284607
+79803283138
+79803281994
+79803275756
+79803275056
+79803262467
+79803261421
+79803260555
+79803259008
+79803258816
+79803256808
+79803256144
+79803253099
+79803252434
+79803250907
+79803250326
+79803244667
+79803244250
+79803242405
+79803241864
+79803240079
+79803233339
+79803230610
+79803229215
+79803215632
+79803214177
+79803213217
+79803211694
+79803211110
+79803210799
+79803209449
+79803209444
+79803208406
+79803204433
+79803203005
+79802508007
+79800854531
+79800163089
+79788544001
+79786854910
+79778807092
+79778577228
+79778530080
+79778499041
+79778386399
+79777535548
+79777314317
+79776668890
+79776458355
+79775686276
+79775208732
+79774276553
+79774251105
+79773413246
+79773222938
+79773201731
+79773154210
+79773128406
+79772909800
+79771998416
+79771290465
+79770691059
+79770689183
+79696696916
+79689750527
+79689210866
+79686624116
+79685820005
+79680800505
+79676587999
+79663634477
+79660728206
+79659494578
+79658488697
+79653380150
+79652461059
+79648257374
+79646961992
+79645430502
+79645091555
+79644691605
+79642047171
+79640091118
+79640029491
+79638707540
+79633602236
+79631707372
+79630525771
+79628982275
+79627533374
+79627358607
+79626905599
+79625632931
+79624725108
+79624295626
+79623805502
+79623804042
+79623797666
+79623770610
+79623097643
+79623087489
+79623073284
+79623069015
+79623058075
+79623050626
+79623049495
+79623047985
+79623045034
+79623044483
+79623043379
+79623031096
+79623028898
+79623028014
+79623026846
+79623022947
+79623016056
+79623004447
+79622665122
+79615896168
+79615224300
+79614668888
+79614501178
+79613350505
+79612913149
+79612596185
+79611988886
+79611982652
+79611974408
+79611965740
+79611962211
+79611961020
+79611954005
+79611952416
+79611944909
+79611944497
+79611936406
+79611935414
+79611931708
+79611930998
+79611930989
+79611930378
+79611929588
+79611919199
+79611918066
+79611908422
+79611903806
+79611901141
+79611802456
+79611793098
+79611793014
+79611790410
+79611776766
+79611769940
+79611763986
+79611763710
+79611761346
+79611758791
+79611740643
+79611735870
+79611730581
+79611725545
+79611721152
+79611717225
+79611714288
+79611710500
+79611709741
+79611703247
+79611696618
+79611696575
+79611690983
+79611690161
+79611689892
+79611689020
+79611678484
+79611677036
+79611673472
+79611672609
+79611671933
+79611669901
+79611667151
+79611659186
+79611657583
+79611655581
+79611651034
+79611645011
+79611644193
+79611644071
+79611631573
+79610605068
+79610451488
+79606999955
+79606999669
+79606997055
+79606992545
+79606990404
+79606989050
+79606988667
+79606972790
+79606966008
+79606963452
+79606955135
+79606948167
+79606947779
+79606943096
+79606942696
+79606941619
+79606941107
+79606939390
+79606937367
+79606932545
+79606929412
+79606929411
+79606923666
+79606923642
+79606919966
+79606914777
+79606911914
+79606910767
+79606907626
+79606906392
+79606905099
+79606901201
+79606899331
+79606896010
+79606890355
+79606890258
+79606888227
+79606887152
+79606882962
+79606881925
+79606881645
+79606881447
+79606878797
+79606877950
+79606877621
+79606876111
+79606874937
+79606874480
+79606870715
+79606866416
+79606861369
+79606861292
+79606860690
+79606860555
+79606859041
+79606858127
+79606848900
+79606846979
+79606846938
+79606844044
+79606841951
+79606841383
+79606840980
+79606839178
+79606834296
+79606833593
+79606833446
+79606823557
+79606816400
+79606815055
+79606810712
+79606810232
+79606809888
+79606808197
+79606806767
+79606802085
+79606800800
+79606800077
+79606795833
+79606791173
+79606785000
+79606782889
+79606781002
+79606780205
+79606779838
+79606779822
+79606778406
+79606775527
+79606775515
+79606773301
+79606770800
+79606768681
+79606768671
+79606763456
+79606752884
+79606748100
+79606747999
+79606747708
+79606746874
+79606745756
+79606744665
+79606744601
+79606743900
+79606742090
+79606734405
+79606730961
+79606730758
+79606730400
+79606730003
+79606557088
+79606402785
+79606392815
+79606388289
+79606376596
+79606374120
+79606367917
+79606363777
+79606360938
+79606357585
+79606341248
+79606337275
+79606337183
+79606331087
+79606320719
+79606314290
+79606305885
+79606300101
+79606295999
+79606293651
+79606287324
+79606279553
+79606279007
+79606276397
+79606275222
+79606273109
+79606273104
+79606266285
+79606248690
+79606247587
+79606239973
+79606235314
+79606234066
+79606227588
+79606226591
+79606212506
+79606211120
+79606205396
+79603525235
+79601045553
+79600642134
+79586800298
+79581852377
+79539970136
+79537623726
+79534275505
+79529803120
+79528589936
+79527985716
+79527509212
+79525507469
+79525422733
+79524956783
+79524951364
+79524938466
+79524935646
+79524935443
+79524930751
+79524930272
+79524929129
+79524923579
+79524921138
+79524919155
+79524918273
+79524912649
+79524909489
+79524909442
+79524901930
+79524901195
+79524399191
+79524397669
+79524396333
+79524395189
+79524395005
+79524393717
+79524392016
+79524390941
+79524389485
+79524389442
+79524387283
+79524384642
+79524384244
+79524383637
+79524383159
+79524382414
+79524378773
+79524378040
+79524377978
+79524376997
+79524376992
+79524374348
+79524374046
+79524373333
+79524372262
+79524370685
+79524370007
+79524369424
+79524367536
+79524366471
+79524365685
+79524365293
+79524363345
+79524361193
+79524358884
+79524358807
+79524358096
+79524357535
+79524355904
+79524355423
+79524355209
+79524354384
+79524353935
+79524351369
+79524351311
+79524350695
+79524346234
+79524345740
+79524344497
+79524344209
+79524342198
+79524341620
+79524340397
+79524337788
+79524336066
+79524333676
+79524329884
+79524329505
+79524329472
+79524327337
+79524327000
+79524325443
+79524323890
+79524321699
+79524320403
+79524319381
+79524319343
+79524318381
+79524317371
+79524316414
+79524315914
+79524312018
+79524310693
+79524310520
+79524309684
+79524308394
+79524307918
+79524306508
+79524306352
+79524299858
+79524299826
+79524299408
+79524299037
+79524298449
+79524296863
+79524296746
+79524295626
+79524293539
+79524293458
+79524292687
+79524290131
+79524289825
+79524288089
+79524285922
+79524285698
+79524285657
+79524285636
+79524283858
+79524283563
+79524282926
+79524282820
+79524282712
+79524282423
+79524281430
+79524280818
+79524280336
+79524279586
+79524278119
+79524277569
+79524274338
+79524273464
+79524270401
+79524270060
+79524268783
+79524268519
+79524267868
+79524266841
+79524266600
+79524265905
+79524265177
+79524258091
+79524257997
+79524257977
+79524256464
+79524255655
+79524255123
+79524253824
+79524253482
+79524252959
+79524251900
+79524251704
+79524251559
+79524250102
+79524248186
+79524248054
+79524247505
+79524247430
+79524247117
+79524245548
+79524245106
+79524243084
+79524242009
+79524240048
+79524238342
+79524237256
+79524235510
+79524235080
+79524234764
+79524229555
+79524228422
+79524228307
+79524227180
+79524226575
+79524225396
+79524224788
+79524224060
+79524223858
+79524220828
+79524220733
+79524220683
+79524219758
+79524219652
+79524219645
+79524219221
+79524218864
+79524217465
+79524216957
+79524215012
+79524214828
+79524213359
+79524213268
+79524212362
+79524212081
+79524210959
+79524208799
+79524207007
+79524205729
+79524205702
+79524205325
+79524203344
+79524202897
+79524201723
+79523655852
+79522506910
+79522120149
+79521991301
+79521857187
+79520002248
+79518785748
+79518731714
+79518697526
+79518611696
+79518547005
+79517874703
+79517831315
+79517699394
+79517698676
+79517693289
+79517692851
+79517692020
+79517689603
+79517688858
+79517687606
+79517687103
+79517686964
+79517685707
+79517685660
+79517681344
+79517679686
+79517679457
+79517679026
+79517678239
+79517675764
+79517675191
+79517675121
+79517674799
+79517673877
+79517673509
+79517671311
+79517670880
+79517670087
+79517669358
+79517668915
+79517668123
+79517666261
+79517666205
+79517666089
+79517664438
+79517661825
+79517660788
+79517660739
+79517660034
+79517659524
+79517655957
+79517653979
+79517652948
+79517651594
+79517651550
+79517650324
+79517650311
+79517650151
+79517648429
+79517645819
+79517643516
+79517642355
+79517641850
+79517641016
+79517640967
+79517639215
+79517638968
+79517638567
+79517636690
+79517636331
+79517636178
+79517635644
+79517634839
+79517633631
+79517632548
+79517632257
+79517632073
+79517630503
+79517629692
+79517628562
+79517627122
+79517626499
+79517626493
+79517626189
+79517624522
+79517624113
+79517623932
+79517623487
+79517618750
+79517618656
+79517618186
+79517617739
+79517614555
+79517614475
+79517614262
+79517611225
+79517611099
+79517611022
+79517609987
+79517607240
+79517606387
+79517605229
+79517604739
+79517604632
+79517603052
+79517602010
+79517601769
+79517601677
+79517601589
+79517601370
+79517601272
+79517601240
+79517600985
+79517571007
+79517182999
+79516339484
+79516032683
+79515488061
+79513739016
+79513399914
+79513393998
+79513393823
+79513393069
+79513392220
+79513391517
+79513391489
+79513391055
+79513389437
+79513388412
+79513388338
+79513387509
+79513383673
+79513380640
+79513378202
+79513377747
+79513372181
+79513367315
+79513366700
+79513365815
+79513362870
+79513361904
+79513360805
+79513360246
+79513358873
+79513356266
+79513356174
+79513355513
+79513354869
+79513354830
+79513354016
+79513350372
+79513343949
+79513341820
+79513336606
+79513336260
+79513334137
+79513334076
+79513331666
+79513329422
+79513329420
+79513327274
+79513325268
+79513324200
+79513316415
+79513316356
+79513312585
+79513311189
+79513310400
+79513308133
+79513306682
+79513306527
+79513306294
+79513298141
+79513297575
+79513296899
+79513292902
+79513288665
+79513287728
+79513287426
+79513284144
+79513281758
+79513280155
+79513279914
+79513279596
+79513277669
+79513276097
+79513272251
+79513267776
+79513266079
+79513262380
+79513262175
+79513261949
+79513260003
+79513258533
+79513257062
+79513255595
+79513255375
+79513252677
+79513252418
+79513250012
+79513248588
+79513246540
+79513245290
+79513244545
+79513242938
+79513236863
+79513235232
+79513234229
+79513233066
+79513232573
+79513226460
+79513226096
+79513223297
+79513221122
+79513218153
+79513216057
+79513215454
+79513214401
+79513212044
+79513211355
+79513211291
+79513210977
+79513208280
+79513208192
+79513205744
+79513205417
+79513203324
+79513200944
+79513197787
+79513193632
+79513193474
+79513193390
+79513192909
+79513191073
+79513189861
+79513188663
+79513188260
+79513186325
+79513185201
+79513184450
+79513178752
+79513177698
+79513176436
+79513176232
+79513170909
+79513170747
+79513168267
+79513167991
+79513167707
+79513162831
+79513159180
+79513159154
+79513156217
+79513154182
+79513153674
+79513153294
+79513151475
+79513147476
+79513147234
+79513146968
+79513146644
+79513143241
+79513143127
+79513138210
+79513136973
+79513136824
+79513134370
+79513133228
+79513133167
+79513132016
+79513131063
+79513130396
+79513126520
+79513125777
+79513124599
+79513124446
+79513118014
+79513112736
+79513111345
+79513111086
+79513110639
+79513106681
+79513105220
+79513103513
+79513101724
+79513100509
+79512087008
+79511599910
+79511599415
+79511598554
+79511596322
+79511596167
+79511594574
+79511594565
+79511593933
+79511593466
+79511593195
+79511592724
+79511591902
+79511587453
+79511585811
+79511584824
+79511584621
+79511583768
+79511583158
+79511583090
+79511582462
+79511581831
+79511581356
+79511580909
+79511579773
+79511579346
+79511575793
+79511575490
+79511575214
+79511574873
+79511574229
+79511573941
+79511573927
+79511573197
+79511571997
+79511569696
+79511568003
+79511567913
+79511567156
+79511566414
+79511566156
+79511565491
+79511565452
+79511562566
+79511561240
+79511560513
+79511560322
+79511559185
+79511557464
+79511557274
+79511556934
+79511556613
+79511555822
+79511553376
+79511551988
+79511551910
+79511551039
+79511550244
+79511548826
+79511548581
+79511547883
+79511547284
+79511546445
+79511543824
+79511542405
+79511539878
+79511539781
+79511539599
+79511539372
+79511538519
+79511538272
+79511537964
+79511537623
+79511537400
+79511537370
+79511537300
+79511536695
+79511536596
+79511533561
+79511533303
+79511532987
+79511532605
+79511528197
+79511526779
+79511525967
+79511525950
+79511518674
+79511518176
+79511517751
+79511517719
+79511516717
+79511515131
+79511514378
+79511514134
+79511510702
+79511509235
+79511509111
+79511507922
+79511507326
+79511507271
+79511507110
+79511506867
+79511506417
+79511506214
+79511506210
+79511505742
+79511504817
+79511503984
+79511503542
+79511499507
+79511498887
+79511498242
+79511496968
+79511496927
+79511495798
+79511495336
+79511494934
+79511494920
+79511494333
+79511494162
+79511492919
+79511491818
+79511491713
+79511490666
+79511490346
+79511488388
+79511488348
+79511488090
+79511486947
+79511486696
+79511485909
+79511485857
+79511485462
+79511485370
+79511484859
+79511483827
+79511482806
+79511481642
+79511481279
+79511478658
+79511474999
+79511474463
+79511473897
+79511472428
+79511471491
+79511470400
+79511467885
+79511465800
+79511464405
+79511464400
+79511462880
+79511461743
+79511459855
+79511459807
+79511459775
+79511459547
+79511458419
+79511456795
+79511456656
+79511456503
+79511454837
+79511454707
+79511453439
+79511452919
+79511452553
+79511452362
+79511452322
+79511452008
+79511451801
+79511451094
+79511451090
+79511450948
+79511450535
+79511450426
+79511449612
+79511447157
+79511447141
+79511446685
+79511446392
+79511446334
+79511443901
+79511443832
+79511443794
+79511443696
+79511443373
+79511443331
+79511442431
+79511441670
+79511440068
+79511438374
+79511437756
+79511433359
+79511431433
+79511430231
+79511429834
+79511429518
+79511429302
+79511427942
+79511427124
+79511427054
+79511425792
+79511424276
+79511423266
+79511422847
+79511421155
+79511420262
+79511418213
+79511416010
+79511413272
+79511413136
+79511411033
+79511410151
+79511409935
+79511408881
+79511408606
+79511408001
+79511407265
+79511404913
+79511403326
+79511402145
+79511401632
+79511401304
+79511400446
+79511399623
+79511398851
+79511398283
+79511398120
+79511397309
+79511396254
+79511395752
+79511393938
+79511393558
+79511390727
+79511389224
+79511388152
+79511388072
+79511388033
+79511387821
+79511387492
+79511387397
+79511387179
+79511387058
+79511387053
+79511386383
+79511386364
+79511385877
+79511385628
+79511385549
+79511384773
+79511380622
+79511375710
+79511375479
+79511374532
+79511374273
+79511374261
+79511372739
+79511372033
+79511368635
+79511366165
+79511364364
+79511363502
+79511363355
+79511363298
+79511361105
+79511359988
+79511358926
+79511356735
+79511355572
+79511354345
+79511353246
+79511353046
+79511351935
+79511351520
+79511350849
+79511350308
+79511349944
+79511348762
+79511347726
+79511344462
+79511342161
+79511340816
+79511340600
+79511339366
+79511339144
+79511336783
+79511335851
+79511334416
+79511333212
+79511333014
+79511331463
+79511330558
+79511328897
+79511326472
+79511325185
+79511323205
+79511322020
+79511321710
+79511320400
+79511320117
+79511318626
+79511318332
+79511318285
+79511317588
+79511316789
+79511316739
+79511316472
+79511315699
+79511314942
+79511314624
+79511313641
+79511313600
+79511313290
+79511313289
+79511312832
+79511312707
+79511312703
+79511311775
+79511311759
+79511311071
+79511311044
+79511308594
+79511308510
+79511308419
+79511308202
+79511307532
+79511307278
+79511306596
+79511306198
+79511305681
+79511305550
+79511305417
+79511304729
+79511304639
+79511304302
+79511304297
+79511304178
+79511302027
+79511301202
+79511298543
+79510899509
+79510897770
+79510888597
+79510883159
+79510883080
+79510871358
+79510870611
+79510869007
+79510867248
+79510862577
+79510859493
+79510857847
+79510857476
+79510856730
+79510854490
+79510854486
+79510854177
+79510851650
+79510848384
+79510840447
+79510840214
+79510832727
+79510831486
+79510830273
+79510823911
+79510820589
+79510820077
+79510818945
+79510816208
+79510815676
+79510815092
+79510811593
+79510810571
+79510809351
+79510808917
+79510808071
+79510804515
+79510802862
+79510793371
+79510792502
+79510792018
+79510791814
+79510791500
+79510789919
+79510789668
+79510785804
+79510779729
+79510777848
+79510775521
+79510774303
+79510772355
+79510764809
+79510759111
+79510756575
+79510754705
+79510751908
+79510751891
+79510751709
+79510751199
+79510749284
+79510748581
+79510746546
+79510746497
+79510743454
+79510741791
+79510740464
+79510739977
+79510724914
+79510722928
+79510722875
+79510722643
+79510720806
+79510708171
+79510708008
+79510707164
+79510706113
+79510704182
+79510703207
+79510702134
+79510700055
+79508796020
+79508795374
+79508793997
+79508791726
+79508790386
+79508789887
+79508789632
+79508789565
+79508788463
+79508785735
+79508781344
+79508781342
+79508780146
+79508776205
+79508774654
+79508773481
+79508771775
+79508771738
+79508769855
+79508764754
+79508764051
+79508763958
+79508763786
+79508763355
+79508761971
+79508760678
+79508758924
+79508757102
+79508755259
+79508754725
+79508754290
+79508752512
+79508749555
+79508747178
+79508744009
+79508743978
+79508742127
+79508740767
+79508739239
+79508736008
+79508731732
+79508731451
+79508731059
+79508730621
+79508730006
+79508729719
+79508729532
+79508728908
+79508728330
+79508725715
+79508724028
+79508723488
+79508721927
+79508720445
+79508718743
+79508717706
+79508717279
+79508716138
+79508715728
+79508713222
+79508713131
+79508713020
+79508709154
+79508706531
+79508705869
+79508705741
+79508702482
+79508701643
+79508251432
+79507678029
+79507197973
+79507196306
+79507196198
+79507195347
+79507194373
+79507194349
+79507194318
+79507192810
+79507190899
+79507190729
+79507189776
+79507189124
+79507189011
+79507188007
+79507187776
+79507186458
+79507186418
+79507185487
+79507185288
+79507183389
+79507182491
+79507181113
+79507181017
+79507180444
+79507180252
+79507179376
+79507178476
+79507178131
+79507177415
+79507177314
+79507177284
+79507177283
+79507176455
+79507176307
+79507176209
+79507176067
+79507175512
+79507174896
+79507172590
+79507172549
+79507171242
+79507170605
+79507169192
+79507168645
+79507167503
+79507167416
+79507165384
+79507164119
+79507162908
+79507158635
+79507158581
+79507157562
+79507154201
+79507153972
+79507153663
+79507153583
+79507153467
+79507153356
+79507152422
+79507151890
+79507150613
+79507150511
+79507149355
+79507149045
+79507148578
+79507146085
+79507144041
+79507143060
+79507140046
+79507139973
+79507139907
+79507139668
+79507138971
+79507135981
+79507135419
+79507134692
+79507133026
+79507131961
+79507130651
+79507130415
+79507129949
+79507128858
+79507128742
+79507128360
+79507127854
+79507127504
+79507125563
+79507125460
+79507124851
+79507123045
+79507121742
+79507120431
+79507120078
+79507119917
+79507119424
+79507119250
+79507118407
+79507117640
+79507117591
+79507117559
+79507116533
+79507116290
+79507115605
+79507115227
+79507113992
+79507113980
+79507113948
+79507113927
+79507112070
+79507111382
+79507111356
+79507110408
+79507109157
+79507107308
+79507107203
+79507106999
+79507106193
+79507106072
+79507102563
+79507101624
+79507100744
+79505381053
+79504521506
+79503725352
+79503085357
+79384827847
+79384182575
+79383431978
+79381047535
+79377865111
+79373330586
+79373111141
+79364445075
+79324440005
+79320976601
+79320169595
+79318053285
+79318052310
+79316056678
+79308592707
+79308581989
+79308579554
+79308556545
+79308535553
+79308533474
+79308521466
+79308520340
+79308507359
+79308500363
+79308271083
+79307698179
+79307666966
+79307662001
+79307656555
+79307648588
+79307642510
+79307641272
+79307637536
+79307632711
+79307624880
+79307620999
+79304386249
+79304179196
+79304089089
+79304054569
+79303018288
+79302786178
+79300909190
+79300905180
+79300897768
+79300896757
+79300896362
+79300893231
+79300885655
+79300884615
+79300872638
+79300860002
+79300856010
+79300855919
+79300853627
+79300851106
+79300849480
+79300626481
+79300616043
+79300372566
+79300371996
+79298286963
+79298012153
+79295738812
+79295279081
+79295145510
+79294056368
+79292525959
+79292223390
+79290361000
+79290350520
+79290066835
+79290055539
+79290052926
+79290052081
+79290048432
+79290032394
+79290032229
+79290032136
+79290029609
+79290029021
+79290027232
+79290026885
+79290026522
+79290024106
+79290023089
+79290022540
+79290018598
+79290015579
+79290012227
+79290011865
+79290009212
+79290008196
+79290006900
+79290006546
+79290005732
+79290002882
+79290001184
+79290000953
+79290000268
+79289332901
+79289236045
+79289083248
+79288349649
+79287548201
+79287443277
+79286354315
+79284064016
+79284022286
+79283993914
+79283929512
+79283922174
+79283816001
+79283032507
+79282160000
+79281633669
+79280776066
+79280702440
+79276006984
+79274440230
+79273884832
+79272380001
+79269373478
+79268644555
+79265715506
+79264755330
+79263731777
+79261799616
+79261474822
+79260457528
+79259401686
+79257364698
+79255370052
+79253229985
+79252792888
+79251660020
+79250665054
+79250114299
+79249219077
+79247614718
+79246480134
+79246420723
+79245925832
+79244552212
+79244141282
+79243478720
+79243454055
+79242808256
+79241566496
+79241565613
+79237681319
+79237043444
+79236902228
+79235710764
+79233896601
+79233872979
+79233771133
+79233084524
+79232661770
+79231980812
+79230453539
+79228919453
+79227847183
+79224565215
+79223982555
+79223290817
+79223030926
+79222435259
+79222299016
+79221737753
+79221279462
+79220511251
+79219541967
+79215535723
+79214251798
+79213933959
+79212368405
+79211791661
+79210088594
+79208143160
+79208070103
+79207383690
+79207378323
+79207374977
+79207370079
+79207364010
+79207360769
+79207360768
+79207359866
+79207352425
+79207349064
+79207347256
+79207341442
+79207332563
+79207324892
+79207324110
+79207318881
+79207313783
+79207312063
+79207307169
+79207306103
+79207305664
+79207305040
+79207300770
+79207297140
+79207296640
+79207288820
+79207288430
+79207287081
+79207281007
+79207279307
+79207277414
+79207268108
+79207267549
+79207263680
+79207257527
+79207251103
+79207250304
+79207250005
+79207249753
+79207241245
+79207237011
+79207230098
+79207227999
+79207224941
+79207223355
+79207214835
+79207214140
+79207207888
+79207200902
+79207200504
+79207200096
+79207196139
+79207195386
+79207193326
+79207189884
+79207183515
+79207169156
+79207166843
+79207164202
+79207161240
+79207158101
+79207142560
+79207141010
+79207139330
+79207133896
+79207132610
+79207128660
+79207122003
+79207114621
+79207113122
+79207111147
+79207107708
+79207094050
+79207092496
+79207082443
+79207079485
+79207079220
+79207077975
+79207072300
+79207068707
+79207061906
+79207059242
+79207054649
+79207053945
+79207053412
+79207053340
+79207051685
+79207050671
+79207044251
+79207037773
+79207030574
+79207023305
+79207022235
+79207021969
+79207018111
+79207017666
+79207017252
+79207015500
+79207012010
+79207010079
+79207001966
+79207001941
+79207001592
+79207001113
+79207000466
+79207000437
+79205997170
+79205993949
+79205992587
+79205991400
+79205990886
+79205990845
+79205987680
+79205987211
+79205986247
+79205985088
+79205984841
+79205982481
+79205977773
+79205974629
+79205972707
+79205970563
+79205964244
+79205963830
+79205958595
+79205958425
+79205953382
+79205952748
+79205947735
+79205946666
+79205944648
+79205944491
+79205944409
+79205926664
+79205924472
+79205922979
+79205922335
+79205918887
+79205918484
+79205916313
+79205915442
+79205912303
+79205897545
+79205886071
+79205880679
+79205877746
+79205873006
+79205869351
+79205867050
+79205866608
+79205863989
+79205862927
+79205855588
+79205853503
+79205853036
+79205846568
+79205843652
+79205841849
+79205837438
+79205835922
+79205834765
+79205832857
+79205831700
+79205829388
+79205829047
+79205828613
+79205825803
+79205819266
+79205819152
+79205816239
+79205813310
+79205812950
+79205812689
+79205805666
+79205801877
+79205798912
+79205791240
+79205788828
+79205779519
+79205777727
+79205777210
+79205776740
+79205773479
+79205769358
+79205764525
+79205764446
+79205762478
+79205762053
+79205761141
+79205760793
+79205758928
+79205755828
+79205751011
+79205739537
+79205739290
+79205738815
+79205730426
+79205726502
+79205721577
+79205720945
+79205720902
+79205720027
+79205718520
+79205717774
+79205716388
+79205715795
+79205713494
+79205713148
+79205708734
+79205707693
+79205707503
+79205704943
+79205703005
+79205702803
+79205697489
+79205692011
+79205691689
+79205688953
+79205686175
+79205683575
+79205682705
+79205682634
+79205677264
+79205674391
+79205673437
+79205672470
+79205668894
+79205666583
+79205663912
+79205662966
+79205662514
+79205658891
+79205648079
+79205646777
+79205640513
+79205640164
+79205639938
+79205638769
+79205635738
+79205634206
+79205632722
+79205621709
+79205621075
+79205619444
+79205617080
+79205613784
+79205610493
+79205609088
+79205607277
+79205604471
+79205604120
+79205602480
+79205596078
+79205594895
+79205594007
+79205586288
+79205585560
+79205585416
+79205585405
+79205585343
+79205584107
+79205583162
+79205582539
+79205581020
+79205578854
+79205578684
+79205574802
+79205574005
+79205565668
+79205563832
+79205563632
+79205562485
+79205561599
+79205558495
+79205558200
+79205556612
+79205555663
+79205554512
+79205553055
+79205551312
+79205551191
+79205550557
+79205546986
+79205543466
+79205543277
+79205541447
+79205533650
+79205528884
+79205527718
+79205527363
+79205526116
+79205519580
+79205516615
+79205510662
+79205503433
+79205500099
+79204621552
+79204600504
+79204566112
+79204170158
+79202914130
+79202698139
+79202687787
+79202686250
+79202685682
+79202682400
+79202674573
+79202674449
+79202667782
+79202665858
+79202664008
+79202663299
+79202655112
+79202646404
+79202646091
+79202639412
+79202638020
+79202632137
+79202624405
+79202623610
+79202621776
+79202611197
+79202610938
+79202604326
+79202603856
+79202601123
+79202270073
+79202223327
+79202099994
+79202097248
+79202093459
+79202091429
+79202090105
+79202088810
+79202088339
+79202085917
+79202083699
+79202079031
+79202078917
+79202078094
+79202078005
+79202076370
+79202073890
+79202071950
+79202066246
+79202061214
+79202055646
+79202053421
+79202049365
+79202048789
+79202046710
+79202045211
+79202042612
+79202040696
+79202040622
+79202038561
+79202036499
+79202034102
+79202032717
+79202031713
+79202031610
+79202028818
+79202026391
+79202025245
+79202024716
+79202023438
+79202021108
+79202020818
+79202019969
+79202019962
+79202014543
+79202013836
+79202009973
+79202006145
+79202002322
+79200479106
+79200050880
+79199683222
+79198275805
+79197718983
+79197668106
+79197450308
+79196610986
+79196243156
+79196221222
+79195690217
+79194399393
+79194386828
+79194381991
+79194377462
+79194375716
+79194372375
+79194368823
+79194364644
+79194363764
+79194362602
+79194349130
+79194344059
+79194341218
+79194338990
+79194332271
+79194332082
+79194326040
+79194322685
+79194322683
+79194318808
+79194318587
+79194310520
+79194306541
+79194301070
+79193674915
+79192887136
+79192885652
+79192879347
+79192878304
+79192875854
+79192875463
+79192869485
+79192857966
+79192857645
+79192855078
+79192851955
+79192848805
+79192848506
+79192846988
+79192841785
+79192836040
+79192835518
+79192831862
+79192830747
+79192829336
+79192828696
+79192827719
+79192826518
+79192825647
+79192824813
+79192820545
+79192809969
+79192806612
+79192805155
+79192801633
+79192794505
+79192784959
+79192782064
+79192780359
+79192779798
+79192775168
+79192774877
+79192771744
+79192770827
+79192765291
+79192763610
+79192759569
+79192758031
+79192756971
+79192755000
+79192753464
+79192751675
+79192751519
+79192749355
+79192740847
+79192731993
+79192728732
+79192727070
+79192724571
+79192721204
+79192721015
+79192720747
+79192718655
+79192715021
+79192712800
+79192703733
+79192700265
+79192413313
+79192383961
+79192292606
+79192292088
+79192290805
+79192287603
+79192285076
+79192282221
+79192278352
+79192278208
+79192278109
+79192259128
+79192255999
+79192248140
+79192245869
+79192243303
+79192242912
+79192239181
+79192236138
+79192230508
+79192230118
+79192225980
+79192225868
+79192222152
+79192220704
+79192218252
+79192209754
+79192199679
+79192199039
+79192194093
+79192193132
+79192191645
+79192191455
+79192178345
+79192178317
+79192177898
+79192177192
+79192175638
+79192172893
+79192170203
+79192169148
+79192167444
+79192163116
+79192160231
+79192158156
+79192155701
+79192152050
+79192146419
+79192146167
+79192145575
+79192145084
+79192143792
+79192141129
+79192140919
+79192136054
+79192132300
+79192130084
+79192129635
+79192129167
+79192128895
+79192128440
+79192112908
+79192112754
+79192112753
+79192112101
+79192106338
+79191826482
+79191793439
+79191792082
+79191790799
+79191782529
+79191780338
+79191779588
+79191775401
+79191771954
+79191771918
+79191771884
+79191767463
+79191766679
+79191759242
+79191759103
+79191757034
+79191755017
+79191752349
+79191743878
+79191743690
+79191741372
+79191738779
+79191733231
+79191731076
+79191724086
+79191722272
+79191711100
+79191359184
+79191355341
+79191352222
+79191350976
+79191350558
+79191345530
+79191342009
+79191332332
+79191331499
+79191330691
+79191325473
+79191322809
+79191320800
+79191318000
+79191317465
+79191314072
+79191312180
+79191306414
+79191306164
+79191303902
+79188573012
+79187790489
+79185906990
+79185345808
+79184515168
+79183571751
+79183303040
+79181654175
+79180759044
+79180550667
+79180243157
+79178981256
+79178600190
+79178129177
+79177038613
+79177029527
+79175381212
+79174942788
+79173191817
+79171330003
+79171140305
+79171075114
+79170951777
+79169146622
+79167174171
+79164916655
+79159642772
+79159387818
+79157018755
+79156312766
+79155797816
+79155797529
+79155797222
+79155793361
+79155793031
+79155788962
+79155784963
+79155780899
+79155773888
+79155773789
+79155770642
+79155767748
+79155766976
+79155763727
+79155763098
+79155762785
+79155762309
+79155759082
+79155758284
+79155755586
+79155744741
+79155744195
+79155741710
+79155739822
+79155735563
+79155735208
+79155732931
+79155730801
+79155730794
+79155728149
+79155727952
+79155727217
+79155723530
+79155720538
+79155717193
+79155715422
+79155714708
+79155713402
+79155710758
+79155708131
+79155698514
+79155696968
+79155696464
+79155695482
+79155690630
+79155687785
+79155686996
+79155686067
+79155685780
+79155684200
+79155682383
+79155679288
+79155679092
+79155678153
+79155672880
+79155672535
+79155670271
+79155670101
+79155668147
+79155667363
+79155665407
+79155663825
+79155662573
+79155661633
+79155661535
+79155661014
+79155659887
+79155658932
+79155654996
+79155651434
+79155651007
+79155649043
+79155647857
+79155646444
+79155644313
+79155642446
+79155641697
+79155638838
+79155636967
+79155636544
+79155636411
+79155636008
+79155623912
+79155622221
+79155619771
+79155618055
+79155614034
+79155612606
+79155611723
+79155609619
+79155607372
+79155529001
+79155472309
+79155395084
+79155299576
+79155297210
+79155296674
+79155294716
+79155294455
+79155294079
+79155293011
+79155289741
+79155288062
+79155287831
+79155286520
+79155282155
+79155281488
+79155280484
+79155280193
+79155273610
+79155272010
+79155270156
+79155270126
+79155269119
+79155268344
+79155259077
+79155258848
+79155256627
+79155255258
+79155252131
+79155248317
+79155240702
+79155239091
+79155238374
+79155233898
+79155231003
+79155227831
+79155222580
+79155221312
+79155220783
+79155217769
+79155211697
+79155207354
+79155198488
+79155195761
+79155176727
+79155161135
+79155150265
+79155145322
+79155136403
+79155130435
+79155127974
+79155127791
+79155119219
+79155116175
+79155114824
+79155113148
+79154859862
+79154469907
+79153700333
+79153673883
+79153409961
+79153325506
+79150656508
+79149644166
+79149601413
+79149358186
+79147814181
+79147661343
+79147598510
+79144560466
+79144110007
+79143120122
+79142916501
+79142548273
+79142300386
+79141851012
+79139910660
+79139885988
+79139773377
+79139357947
+79138395566
+79137043444
+79136687072
+79136245757
+79134940249
+79133111037
+79129796637
+79128508273
+79128320538
+79127987740
+79126638289
+79125898335
+79125215723
+79124578258
+79122421630
+79120646871
+79116963006
+79110960916
+79109837879
+79107459930
+79107454720
+79107412277
+79107411626
+79107408606
+79107400700
+79107378691
+79107377772
+79107363601
+79107360499
+79107316074
+79107313894
+79107311074
+79107309086
+79107253884
+79105398763
+79105176057
+79104664002
+79104268986
+79103699451
+79103694589
+79103689755
+79103682128
+79103681579
+79103679939
+79103679930
+79103672079
+79103671899
+79103671898
+79103669956
+79103669603
+79103669581
+79103663275
+79103659710
+79103658573
+79103656552
+79103655889
+79103655609
+79103651667
+79103650514
+79103649970
+79103649773
+79103644277
+79103640719
+79103639770
+79103633865
+79103632766
+79103631655
+79103629997
+79103628452
+79103627200
+79103625379
+79103624611
+79103623544
+79103623286
+79103618856
+79103617786
+79103617700
+79103611108
+79103608603
+79103608291
+79103601548
+79103600864
+79103409466
+79103338823
+79103294030
+79103291264
+79103282061
+79103280312
+79103276940
+79103274744
+79103274444
+79103273743
+79103272503
+79103271927
+79103269788
+79103269224
+79103265582
+79103261211
+79103260798
+79103258344
+79103250127
+79103249699
+79103249477
+79103247004
+79103240512
+79103240416
+79103240288
+79103238276
+79103237668
+79103235591
+79103230579
+79103229883
+79103223115
+79103222871
+79103220735
+79103217416
+79103210992
+79103210559
+79103208063
+79103207215
+79103193192
+79103193132
+79103191966
+79103190601
+79103186458
+79103185397
+79103183334
+79103180228
+79103179116
+79103177907
+79103177542
+79103175145
+79103175120
+79103171887
+79103170143
+79103168855
+79103168078
+79103165197
+79103161433
+79103158209
+79103152524
+79103149639
+79103145906
+79103142840
+79103141654
+79103139873
+79103138702
+79103129128
+79103127256
+79103126774
+79103125800
+79103123806
+79103123451
+79103122894
+79103122728
+79103121083
+79103118970
+79103115380
+79103107240
+79103107121
+79103106165
+79103104694
+79103104521
+79103104195
+79103103618
+79103103232
+79103103072
+79103102175
+79102789198
+79102787277
+79102782543
+79102778306
+79102777393
+79102775747
+79102774426
+79102771844
+79102771565
+79102767956
+79102767665
+79102766663
+79102763940
+79102752873
+79102749631
+79102744316
+79102741005
+79102740064
+79102737432
+79102736821
+79102735630
+79102731948
+79102727450
+79102726365
+79102726251
+79102723182
+79102718018
+79102716789
+79102713859
+79102710685
+79102705073
+79102297273
+79102296655
+79102296370
+79102291292
+79102288933
+79102287964
+79102284445
+79102283656
+79102282175
+79102282098
+79102280244
+79102279683
+79102279405
+79102279000
+79102278655
+79102277307
+79102277153
+79102275418
+79102272931
+79102261600
+79102261585
+79102258445
+79102250136
+79102246906
+79102245191
+79102245065
+79102236700
+79102236055
+79102229030
+79102228286
+79102227903
+79102226239
+79102222344
+79102214707
+79102208718
+79102206318
+79102200052
+79102189199
+79102172809
+79102170798
+79102166589
+79102161343
+79102157876
+79102152292
+79102136634
+79102135801
+79102131903
+79102129991
+79102123563
+79102123412
+79102123056
+79102119063
+79102116757
+79102116036
+79102111859
+79102111211
+79102110899
+79102108806
+79102106427
+79102106404
+79102105641
+79102104046
+79102102847
+79102102112
+79100000719
+79099823303
+79099819120
+79098737330
+79097195365
+79097156109
+79097124850
+79096392763
+79096344564
+79096023744
+79094922302
+79094578524
+79094491483
+79094460004
+79094233305
+79092395537
+79092394666
+79092379949
+79092374464
+79092369775
+79092364589
+79092094795
+79092076847
+79092071757
+79092060266
+79092053869
+79092053026
+79092046984
+79092046155
+79092033886
+79092028689
+79092027827
+79092026606
+79092025227
+79092025060
+79092017548
+79092016358
+79092014199
+79092011577
+79092011229
+79092008702
+79092006322
+79090149793
+79089948641
+79089587071
+79087923268
+79087899695
+79087899522
+79087898651
+79087896598
+79087895440
+79087895391
+79087893740
+79087893529
+79087892880
+79087892356
+79087891203
+79087889956
+79087889623
+79087888424
+79087887771
+79087886025
+79087884711
+79087884632
+79087883549
+79087883434
+79087883396
+79087882462
+79087880420
+79087879714
+79087879606
+79087879506
+79087879454
+79087879221
+79087879103
+79087878437
+79087877649
+79087877642
+79087875732
+79087875101
+79087873349
+79087872780
+79087868879
+79087867576
+79087866563
+79087866554
+79087866006
+79087865811
+79087865087
+79087861198
+79087861145
+79087860147
+79087859227
+79087858996
+79087858803
+79087858560
+79087858506
+79087858505
+79087856925
+79087856098
+79087853997
+79087852261
+79087852038
+79087851743
+79087850469
+79087850040
+79087847431
+79087847165
+79087845494
+79087844568
+79087844074
+79087843351
+79087841722
+79087841486
+79087839946
+79087838630
+79087836206
+79087836064
+79087834830
+79087834317
+79087833833
+79087833272
+79087832966
+79087832564
+79087832374
+79087831202
+79087830811
+79087830623
+79087829433
+79087829423
+79087828060
+79087828044
+79087827892
+79087827814
+79087827356
+79087827199
+79087825573
+79087824603
+79087824531
+79087822259
+79087821841
+79087821838
+79087819592
+79087819486
+79087819344
+79087818557
+79087817031
+79087816644
+79087816092
+79087815675
+79087814196
+79087812621
+79087812584
+79087809343
+79087807581
+79087805578
+79087805527
+79087805249
+79087804786
+79087804327
+79087803214
+79087803030
+79087801030
+79087800725
+79087800419
+79087800248
+79087800004
+79085097455
+79083404001
+79082750396
+79082094266
+79081833885
+79081299730
+79081299698
+79081298702
+79081298027
+79081295032
+79081293594
+79081290777
+79081287676
+79081286898
+79081286213
+79081286011
+79081283389
+79081282942
+79081282785
+79081282708
+79081281237
+79081280329
+79081280190
+79081279522
+79081279367
+79081279307
+79081277922
+79081275997
+79081275143
+79081274702
+79081274497
+79081272783
+79081272603
+79081269699
+79081266970
+79081266387
+79081265579
+79081265273
+79081264847
+79081261227
+79081261060
+79081260521
+79081260001
+79081255012
+79081253163
+79081252445
+79081250516
+79081248083
+79081247817
+79081246681
+79081246426
+79081244312
+79081244232
+79081241846
+79081241188
+79081240916
+79081240554
+79081232358
+79081231604
+79081230640
+79081230015
+79081229377
+79081229272
+79081227646
+79081226434
+79081221040
+79081220930
+79081218417
+79081217511
+79081217489
+79081217311
+79081217274
+79081216794
+79081213156
+79081210463
+79081208144
+79081206868
+79081204736
+79081203945
+79081202808
+79081202445
+79081200170
+79081200144
+79081118485
+79080025511
+79068670870
+79068274702
+79066946565
+79066944606
+79066944338
+79066940052
+79066934930
+79066929777
+79066929212
+79066927649
+79066921399
+79066919211
+79066918787
+79066917774
+79066916499
+79066912618
+79066905087
+79066903667
+79066898526
+79066893844
+79066891519
+79066890825
+79066890564
+79066766553
+79066407686
+79066089586
+79066075200
+79066073592
+79066070171
+79066063108
+79066062883
+79066056763
+79066053898
+79066049376
+79066048519
+79066037889
+79066029746
+79066023502
+79066022828
+79066020666
+79066020325
+79066020073
+79066015535
+79066013986
+79066013697
+79066005988
+79066005695
+79066003155
+79066000982
+79065778778
+79065776573
+79065770418
+79065768634
+79065767412
+79065759204
+79065755124
+79065750663
+79065736219
+79065733060
+79065732285
+79065727678
+79065725567
+79065723711
+79065723314
+79065722121
+79065721410
+79065675361
+79065671192
+79065665999
+79065664766
+79065661602
+79065660124
+79065655979
+79065653589
+79063449800
+79063305832
+79062303440
+79059756810
+79058788239
+79058787254
+79058786878
+79057384983
+79056796164
+79056795645
+79056783683
+79056781719
+79056779659
+79056776564
+79056775938
+79056765916
+79056762771
+79056761088
+79056754260
+79056753713
+79056752063
+79056749786
+79056742319
+79056741574
+79056738996
+79056735336
+79056722402
+79056722179
+79056716018
+79056708955
+79056707524
+79056703293
+79056542604
+79055533737
+79055516385
+79055195554
+79054460017
+79054171499
+79053862808
+79052636811
+79051968852
+79051732529
+79051727919
+79051725282
+79051718377
+79051714374
+79051709740
+79051702233
+79051597298
+79051595488
+79051592211
+79051591733
+79051591498
+79051588583
+79051545405
+79051545026
+79051544910
+79051541395
+79050512312
+79050422363
+79050418666
+79050415014
+79050411005
+79050410346
+79050400428
+79048624077
+79048476811
+79045835542
+79045472918
+79045399543
+79045399439
+79045395573
+79045393919
+79045392862
+79045389604
+79045388175
+79045387800
+79045382914
+79045382626
+79045381997
+79045381059
+79045380707
+79045380692
+79045378739
+79045378050
+79045376210
+79045373745
+79045372343
+79045369083
+79045368699
+79045368628
+79045368262
+79045367117
+79045365109
+79045364182
+79045363875
+79045363861
+79045363026
+79045362745
+79045362310
+79045361478
+79045358762
+79045358032
+79045357238
+79045356509
+79045355237
+79045353865
+79045353469
+79045351163
+79045350799
+79045350693
+79045349222
+79045348784
+79045347171
+79045346634
+79045343322
+79045342475
+79045341634
+79045341425
+79045341379
+79045340943
+79045340430
+79045339178
+79045338828
+79045338643
+79045338168
+79045338046
+79045337893
+79045337179
+79045336825
+79045334861
+79045334767
+79045333479
+79045332384
+79045331843
+79045331495
+79045331435
+79045331095
+79045331074
+79045330672
+79045330269
+79045329315
+79045329175
+79045328900
+79045328786
+79045327744
+79045327556
+79045326121
+79045325671
+79045325306
+79045323957
+79045323673
+79045322827
+79045322182
+79045318870
+79045318035
+79045316613
+79045316137
+79045315586
+79045315078
+79045314333
+79045314165
+79045314105
+79045314066
+79045313351
+79045309776
+79045308163
+79045306909
+79045306789
+79045306232
+79045305100
+79045304856
+79045304593
+79045304552
+79045304284
+79045303510
+79045303200
+79045302273
+79045301923
+79045301798
+79045301196
+79045300046
+79045299673
+79045299269
+79045298005
+79045296834
+79045295728
+79045294343
+79045294216
+79045293138
+79045292849
+79045291029
+79045287803
+79045284499
+79045282010
+79045277680
+79045277590
+79045275790
+79045274879
+79045274740
+79045269894
+79045265788
+79045265510
+79045265471
+79045264234
+79045263464
+79045261485
+79045261177
+79045258784
+79045257526
+79045256955
+79045252929
+79045252076
+79045251555
+79045251305
+79045251007
+79045249726
+79045248097
+79045247121
+79045246711
+79045246619
+79045242224
+79045242090
+79045241724
+79045241548
+79045241355
+79045235370
+79045233560
+79045233037
+79045230584
+79045227707
+79045225350
+79045223839
+79045218384
+79045216373
+79045212423
+79045211612
+79045210120
+79045209599
+79045208809
+79045205887
+79045203713
+79045200406
+79045200007
+79044798321
+79044584528
+79043623668
+79043488445
+79043176180
+79042858177
+79042357473
+79042284461
+79040998128
+79040997859
+79040997141
+79040996465
+79040995974
+79040995926
+79040995263
+79040994374
+79040994373
+79040991734
+79040990606
+79040990551
+79040990238
+79040988960
+79040988439
+79040988185
+79040986627
+79040986124
+79040985613
+79040984183
+79040983768
+79040983234
+79040979700
+79040977199
+79040976082
+79040975562
+79040974945
+79040974456
+79040974089
+79040972489
+79040972006
+79040971936
+79040971514
+79040971455
+79040971089
+79040970087
+79040970046
+79040968666
+79040968256
+79040965334
+79040962838
+79040960664
+79040959686
+79040959336
+79040959296
+79040959162
+79040957838
+79040956314
+79040955392
+79040954830
+79040954496
+79040952917
+79040952810
+79040952147
+79040951033
+79040950447
+79040950405
+79040950096
+79040949754
+79040949218
+79040947702
+79040946197
+79040945807
+79040944645
+79040944244
+79040944001
+79040943423
+79040942081
+79040941967
+79040941953
+79040941504
+79040941099
+79040940751
+79040940735
+79040940068
+79040939992
+79040938678
+79040938600
+79040936553
+79040936189
+79040935093
+79040934782
+79040934393
+79040934199
+79040933647
+79040933334
+79040932901
+79040932729
+79040932622
+79040932502
+79040932447
+79040929737
+79040927552
+79040925453
+79040924950
+79040924272
+79040922546
+79040921606
+79040921536
+79040921258
+79040921144
+79040921118
+79040920906
+79040920803
+79040920680
+79040919528
+79040919133
+79040917372
+79040916882
+79040916761
+79040916393
+79040914848
+79040914171
+79040913428
+79040912951
+79040910919
+79040910108
+79040909109
+79040906900
+79040906791
+79040905681
+79040905090
+79040903657
+79040902968
+79040901442
+79040899653
+79040898489
+79040898484
+79040898141
+79040897208
+79040897100
+79040894585
+79040893755
+79040892245
+79040890012
+79040889004
+79040888522
+79040887947
+79040886928
+79040885956
+79040885855
+79040885484
+79040883292
+79040882818
+79040880755
+79040878649
+79040877275
+79040876703
+79040869986
+79040869492
+79040869122
+79040868744
+79040868613
+79040867977
+79040866361
+79040865755
+79040865513
+79040865167
+79040864708
+79040864546
+79040864172
+79040863906
+79040863746
+79040858298
+79040858052
+79040854408
+79040853994
+79040852601
+79040851292
+79040850315
+79040850251
+79040849728
+79040848640
+79040848268
+79040848045
+79040847771
+79040847503
+79040847500
+79040847154
+79040846305
+79040843938
+79040843927
+79040842669
+79040841227
+79040840772
+79040840080
+79040839258
+79040837506
+79040836992
+79040836119
+79040835663
+79040834357
+79040834279
+79040833888
+79040832592
+79040832302
+79040831660
+79040830719
+79040830498
+79040827630
+79040826949
+79040826361
+79040824831
+79040823040
+79040821952
+79040819885
+79040817881
+79040814124
+79040813216
+79040813059
+79040812827
+79040812557
+79040811272
+79040810509
+79040810463
+79040809500
+79040808881
+79040806592
+79040803340
+79040802882
+79040802833
+79040800895
+79040732444
+79038879333
+79038871360
+79038868060
+79038859728
+79038859130
+79038845934
+79038844478
+79038773602
+79038772222
+79038771110
+79038770872
+79038768682
+79038768081
+79038765691
+79038762919
+79038762121
+79038757168
+79038751909
+79038751334
+79038746030
+79038745787
+79038745413
+79038744428
+79038743314
+79038738383
+79038738064
+79038736219
+79038733189
+79038729042
+79038725432
+79038721133
+79038719105
+79038715355
+79038707944
+79038706009
+79038700745
+79038507726
+79038381337
+79037876064
+79036399295
+79036396716
+79036396471
+79036393814
+79036393531
+79036392404
+79036391715
+79036337211
+79036336631
+79036333518
+79036332657
+79036331399
+79036330303
+79034495027
+79034177773
+79033672446
+79033463443
+79032768602
+79031655060
+79030484700
+79030276523
+79030275460
+79030273948
+79030273946
+79030270661
+79030253000
+79030244757
+79030244633
+79028598879
+79028450664
+79028424290
+79028301814
+79028250139
+79026062035
+79025157391
+79024866049
+79022827392
+79021385602
+79020900937
+79019969437
+79019964486
+79019909559
+79019907096
+79017649793
+79017532934
+79016892808
+79016769226
+79016724590
+79011720218
+79011336655
+79009455180
+79009310270
+79005960857
+79005636908
+79004166405
+79003092579
+79003056360
+79003036857
+79002975964
+79002949497
+79002936669
+79002264099
+79001985309
+79001273550
+77071277779
