79029254331
79891615991
79030740861
79386980499
79629023731
79016217784
79682061402
79629020954
79629018562
79242172827
79530793848
79069241133
79014997784
79629055256
79029493977
79050911777
79659162797
79029446919
79131689299
79112201186
79835082718
79915165284
79630013404
79632639192
79209423121
79059996696
79885550455
79328882217
79059716722
79285238181
79131842298
79184516551
79302209947
79509672780
79640249564
79333270941
79676711626
79131621327
79229026812
79894434266
79650051166
79304412121
79528334602
79293363970
79137338895
79958980580
79641891093
79016216458
79050932242
79963826868
79131660861
79879871232
79965422861
79135302171
79629057364
79233466733
79370956747
79134912119
79333203699
79246068768
79039890794
79333496608
79333325223
79605553124
79298524436
79659314381
79029499429
79025901125
79134980222
79132039006
79025503813
79641617575
79518960495
79629055948
74957822674
79619600057
79690899995
79131960709
79134901717
79509960626
79233666993
79620841373
79134918782
79602487242
79509652293
79131688410
79645441474
79641168624
79518023371
79232021009
79833380727
79887003055
79233654125
79504301263
79875886436
79048993748
79025519054
79134920365
79899246316
79200008222
79029463532
79832994612
79176756691
79069045796
79601731319
79245353655
79831647239
79135302804
79836117391
79095916073
79080348709
79135007025
79029710706
79080349224
79504115651
79177123577
79080327445
79857429646
79082109995
79029289877
79090732554
79134944151
79232917838
79659402423
79619990244
79832295184
79189623423
79600502317
79851906550
79770321475
79139187711
79200000710
79658727902
79039282720
79069534205
79135034304
79770316704
79134908845
79080307884
79135161010
79069726695
79603143562
79685628671
79951241727
79135259382
79131671528
79059779708
79029579208
79134997269
79029904584
79064443847
79954406160
79659129991
79688886587
79965995960
79881993513
79809784486
79881995573
79631865073
79952209610
79851792121
79135056973
79918417927
79232076715
79134925556
79181032029
79326171739
79398201206
79915013393
79135148880
79187045299
79069066786
79800002906
79953119984
79604588509
79152768284
79953123308
79130482619
79098883766
79069100038
79039989371
79050930846
79135036265
79025524457
79131689626
79230208548
79676300949
79131681534
79025507219
79233525292
79080320006
79645599959
79509824162
79059990888
79080243308
79069031037
79631801787
79633519275
79326667111
79994707960
79025511111
79509728199
79016760829
79135040735
79134981041
79135006324
79135131231
79135300741
79826758704
79135044017
79501388130
79644059806
79087452076
79831482991
79039292527
79175703969
79209811100
79050918555
79920021958
79012467331
79620782759
79954430833
79361093428
79667384508
79303181773
79831937982
79586097953
79654715598
79108258944
79080342525
79029494447
79090489796
79099211560
79241325223
79654715591
79039286212
79134479123
79048994449
79958936564
79610778933
79131660434
79131681082
79918519245
79039296902
79130322185
79625268913
79056440008
79832994897
79135059048
79232061400
79274879796
79378917234
79509687436
79260243455
79101132129
79029616897
79016470582
79069009131
79135080136
79665552121
79852047771
79649550064
79918151549
79211693401
79615977377
79678297592
79069165955
79892117312
79135086642
79942222092
79029150110
79159541531
79648111734
79025515055
79232229022
79009290509
79242730084
79061901445
79025504249
79059988061
79965427277
79638887009
79134993139
79623680080
79287910841
79770328581
79130347078
79770327624
79916773423
79135047374
79099816483
79832077074
79029488633
79135265631
79953129944
79885857223
79398846363
79915433953
79398846262
79104888776
79199658446
79642858189
79857471181
79770344918
79933415996
79132050728
79214706317
79620888530
79697232541
79069002211
79134954537
79094791470
79511295700
79139937201
79770320241
79029738472
79080246027
79080315285
79918434668
79203550669
79130538020
79911060528
79134916483
79104163737
79124389276
79135043415
79898962802
79134911960
79888760217
79605730015
79836113996
79297774495
79613758888
79232067004
79617447555
79029496727
79624041395
79644154910
79910516053
79135066958
79134959614
79232040390
79131673272
79069002999
79913957726
79831626779
79134982699
79134948630
79174862711
79832688590
79962931935
79222451313
79059748052
79955301013
79232555044
79265484755
79059988359
79919037798
79069134402
79649187034
79134947388
79029157100
79831676559
79025508802
79951731647
79080312168
79039288751
79080326123
79803877098
79080310005
79398846270
79831228786
79134932133
79122256662
79398846194
79134962162
79131603593
79188312630
79066960005
79131672727
79232811191
79243956065
79135034197
79233694144
79130355801
79111644275
79034172500
79135879968
79659159947
79831696185
79293559005
79877935526
79267333811
79134900070
79834018155
79219198542
79233164121
79673163912
79674557797
79029264516
79235759020
79135257797
79914574383
79053951333
79131669826
79198028238
79048959112
79293364990
79131681268
79509677408
79134964415
79134947505
79232073267
79609993395
79131970988
79134908145
79658813968
79509680055
79233341502
79833619482
79135319226
79029498631
79841028648
79333223139
79232050131
79918323103
79235775349
79650533614
79233715737
79221184925
79658990817
79138330898
79955305021
79867336706
79918417983
79130433423
79050929424
79648075917
79195399654
79059783152
79509684904
79603889973
79138393034
79620766615
79131625221
79135053175
79059984315
79528520012
79135301974
79276375135
79140055081
79135038097
79624277728
79060774433
79131674252
79623685871
79775051782
79080311550
79131628691
79135063508
79080308801
79080325517
79135007663
79273426559
79145921897
79609358642
79134963891
79770345276
79232030435
79956051244
79608197210
79135033286
79135305613
79509682558
79623440099
79135013866
79286117719
79131623425
79675081434
79135026769
79831600013
79134979777
79131663762
79131629398
79131753802
79897427388
79609126662
79614980834
79633888781
79623331037
79031603054
79059581403
79824658053
79135044306
79509687499
79034299799
79069014993
79025502140
79135303219
79918417947
79125206863
79135049395
79134988970
79177961806
79649085385
79069987428
79059996829
79223094389
79835780021
79832902420
79131618990
79246640404
79891354069
79618517953
79025520627
79134990619
79026911598
79069116888
79194570814
79135302832
79029488665
79250655848
79638910889
79644291730
79512806873
79179488305
79177013748
79697111080
78006001958
79232026063
79039286480
79661509999
79180177956
79065101031
79050926916
79911903313
79048993918
79135313988
79643995012
79805573951
79134949123
79236596126
79604053643
79770321449
79135036599
79080300217
79588294509
79130480754
79134935334
79098145966
79131696558
79529858955
79824550274
79146041637
79134986125
79058842004
79029497122
79134943676
79096111147
79992236690
79069031331
79085973333
79135005854
79137156396
79288696000
79094764722
79509562767
79179294362
79135002569
79135947393
79871356531
79082133888
79062228520
79059771307
79134997559
79080309797
79870360354
79135011751
79134994666
79538563022
79284021937
79611619220
79615551027
79012098046
79832082300
79016471340
79050910401
79029210909
79156264106
79832966741
79881069747
79832233131
79006540207
79632616609
79314179169
79131631070
79604033001
79649085375
79897087108
79134959919
79135085213
79337777601
79194279099
79064601609
79135021476
79373094556
79627535891
79831431400
79134938221
79134932675
79135084557
79128938515
79535013253
79135081640
79131643471
79640583536
79107341919
79638802137
79134970614
79134926263
79130870750
79135011347
79135014300
79134909778
79624374209
79250726292
79333495988
79243913777
79080308282
79146372172
79111157977
79135552636
79080303655
79271231305
79016211956
79025516733
79337779199
79274036820
79632567609
79509676151
79659093119
79174460150
79080303177
79312131033
79134901685
79836017584
79123518492
79649085361
79135252828
79059982946
79080317323
79629795315
79134971621
79059777152
79130244436
79135319650
79891312728
79134932304
79657231796
79770318613
79186323197
79186529514
79910395642
79180517000
79134960330
79025521260
79649823884
79021548081
79233344802
79137671629
79659111388
79080344423
79832209217
79914574346
79157648997
79609035413
79812498667
79050929736
79370650465
79135256953
79610620877
79135302340
79243838297
79123275522
79141391966
79268613365
79649449474
79832752099
79131630406
79229465311
79610290002
79134966073
79135314641
79135011868
79826563424
79025514485
79131671899
79770346200
79288513085
79144497070
79646999885
79135251995
79658943344
79016472281
79135268242
79643200909
79835177746
79876782600
79091074615
79134962386
79129725889
79171892799
79581421735
79135773789
79080328219
79135067268
79233472827
79131628226
79929999740
79023622094
79019229191
79926666624
79888938959
79123938807
79600885593
79134431960
79131699313
79620163727
79133026496
79131699217
79655487244
79131616232
79964569765
79881330177
79615137677
79528168909
79533121941
78005502287
79370367701
79134912267
79088750900
79914399364
79134940554
79135055952
79231815923
79131667440
79039893250
79135305169
79080303408
79605471791
79131866587
79916467346
79025513549
79131899160
79875884286
79918323102
79131621666
79604420264
79232084166
79135268599
79770326420
79614745411
79059771625
79131675929
79029487067
79135083910
79131677812
79134918333
79059774832
79134971615
79134985780
79054978757
79526814607
79251832648
79039154447
79659160965
79016471703
79135046616
79880159999
79069008833
79050925402
79824157207
79220126067
79177822809
79080345647
79135030123
79788999585
79131651961
79953116025
79059991121
79050931021
79535946737
79955307508
79025528977
79770323374
79135257677
79050904932
79029443038
79025513238
79135031615
79992109020
79628276853
79193633731
79232028904
79770329851
79688881632
79135055945
79134900775
79312127203
79134913243
79025520226
79080304021
79911902948
79842757094
79056664993
79832920035
79016219949
79039288678
79059992881
79059987000
79039206283
79059532819
79537782800
79061722499
79132929336
79131949894
79134971159
79134992133
79135300605
79131937958
79131675776
79613588943
79135028570
79032750879
79050930374
79194290297
79025526101
79618958101
79050904041
79061079998
79131672123
79131641999
79913602117
79080343369
79080327535
79198019037
79093463914
79894619766
79025519658
79129997510
79951680980
79880025282
79050916167
79039866606
79131672008
79697110999
79134999746
79649824416
79193381701
79039895355
79314444616
79135300788
79233359991
79059982001
79135060195
79037341640
79069014121
79029486148
79134991999
79135262096
79134975653
79131653733
79134962178
79062525656
79135041203
79134917941
79030724395
79232068278
79134966141
79134952505
79991096665
79133223466
79338894848
79300003708
79135301514
79059783000
79135005464
79170413270
79059784803
79080303852
79131671820
79603747562
79776142811
79034444943
79134966178
79641191555
79025506816
79870431039
79197793763
79131669621
79232867689
79135022619
79054989706
79657278594
79251117821
79131614613
79080346748
79628838914
79131697552
79193038615
79897246778
79625542037
79676191515
79634331052
79800008770
79135002727
79152011717
79139777632
79016693696
79050912084
79025519747
79131655794
79131698474
79672609966
79896799106
79126952074
79177483782
79135061995
79324867955
79080346605
79232850006
79091922042
79025506188
79080309639
79361074444
79951241888
79774935783
79286022823
79638011989
79824404995
79198527160
74956655777
79014029707
79220540172
79130312491
79080306375
79029482826
79025509826
79131630064
79050914043
79886200557
79131666616
79214025810
79888328947
79619182239
79178543366
79220013447
79184020969
79062507849
79134978582
79059782868
79958931360
79131661899
79918518654
79831411394
79135001121
79093305108
79619500204
79398643399
79189623423
79131654333
79183539647
79654713021
79148907071
79063135555
79154603842
79881430552
79234755550
79581003502
79912091742
79135254024
79631838620
79245725302
79050937060
79050922020
79873505974
79509678938
79333276744
79913600398
79284015091
79134926962
79614863680
79135081666
79031544103
79831248159
79649085155
79059789814
79135039318
79886971593
79832746871
79029155635
79039294433
79823457900
79699678914
79288516610
79836925359
79619333050
79131624309
79872556191
79016227007
79279202236
79294305063
79770314453
79183014183
79054222178
79950961059
79811186133
79960500101
79022632167
79080307070
79089658888
79770342175
79826648779
79503858005
79639588868
79134991012
79130355416
79333490166
79500844004
79612271052
79193323600
79232029648
79159562444
79679071204
79612166737
79612173248
79623260542
79220024827
79039284666
79655174479
79618469056
79604230101
79612185099
79618489138
79649743444
79612172874
79135024552
79135066977
79887710838
79534578468
79251480977
79612174121
79134412975
79644113878
79612232043
79620844401
79050928127
79839998488
79134919608
79135027273
79135055362
79588445731
79131628380
79619992838
79172866588
79523169264
79316668885
79282536565
79131655264
79080310564
79300662121
79025507082
79130230326
79131659206
79176287952
79029449093
79607869928
79025507035
79135088193
79134904644
79080313061
79634701987
79134983558
79011422666
79131680624
79050938319
79058829053
79688233339
79187099169
79607980481
79131613979
79131642970
79607835673
79092100644
79025502625
79080330193
79051785555
79029158208
79612256583
79135068472
79937198494
79099954849
79020920692
79961034607
79914457620
79059999033
79139670520
79134919249
79915255244
79144709363
79612176867
79029158456
79916747436
79134940777
79398200819
79832564479
79038933089
79887344152
79834033515
79232026388
79686493088
79509680050
79039284247
79135262253
79082759699
79069013487
79916744429
79885735951
79656673537
79135039286
79365150301
79135686083
79135046459
79064441353
79131611649
79618452548
79607667774
79190762056
79131683307
79135034120
79918881985
79313223046
79025503422
79098844666
79134940925
79131676890
79025515880
79225222215
79689333387
79236335981
79025511792
79131323912
79131602005
79091247444
79607907442
79048990165
79841652414
79235937445
79284010009
79509678032
79189734228
79618468323
79120687039
79673053712
79615181344
79050930203
79059985352
79025512762
79674601773
79135009124
79199350395
79585280202
79135030907
79039288017
79063966680
79001057780
79232026859
79950615074
79950764484
79069040576
79326137258
79821849544
79826350586
79188622888
79831402971
79398640460
79016476718
79626838391
79134989536
79135063941
79135301284
79135049781
79050901217
79134952196
79604940899
79888312017
79232045000
79131649792
79884283868
79131622001
79232049454
79612264369
79135263410
79016471916
79090038270
79134981261
79135263964
79141234532
79069038287
79618250138
79133035102
79134940660
79612215340
79129193018
79398847385
79131672864
79131821516
79131676847
79131619489
79091191852
79131600502
79607839445
79894436381
79659152072
79606661987
79825142747
79063457152
79134911111
79135269287
79635177760
79854559857
79849990015
79243401998
79995596484
79509681446
79509688397
79844440030
79128850753
79194200109
79135068091
79025509057
79603828159
79080312437
79612166443
79257478935
79189018339
79183751324
79064293822
79025516477
79617151208
79125442134
79612235934
79064414016
79134983896
79371694535
79057777314
79882219017
79134902201
79607829093
79888316616
79039287055
79135361591
79898838676
79131683572
79607711423
79131664584
79872587827
79899924005
79509683792
79144779294
79064440399
79193577864
79911042370
79134950068
79069043257
79080318361
79146752224
79135054282
79233642532
79833225704
79814200976
79030583349
79134993011
79025528150
79398640427
79658995682
79029489763
79518129438
79050902190
79658286917
79059798205
79131639475
79135011289
79025526289
79080309224
79135031514
79059770193
79398643372
79050938143
79135258948
79658283961
79187061655
79080333995
79131663241
79602845774
79050927057
79039189826
79080301441
79288386702
79899946899
79131698098
79582622317
79848880737
79867960551
79050884242
79080304567
79994453787
79121176366
79609220046
79131615625
79135426012
79234925991
79039892121
79131634056
79659151601
79658281176
79131623804
79189080404
79052157367
79048996520
79131622288
79051414634
79832919115
79131606812
79069013590
79134938487
79037253526
74952237179
79189933831
79025510748
79832542376
79129101299
79627069900
79029493282
79871964327
79135054624
79125091709
79134962347
79048992816
79201736490
79029446586
79825186562
79134972556
79914574417
79612692023
79832862782
79612224589
79667883203
79135010332
79134900466
79134956461
79176251416
79059997711
79050911442
79326147848
79264256172
79176188593
79232061448
79134925193
79232029999
79181004569
79994488213
79025522294
79620718940
79059571908
79659218354
79064160000
79131617575
79135031453
79135013820
79152298888
79831632001
79651404955
79509681916
79060865712
79066397981
79620011607
79113979744
79658287833
79135020176
79097461830
79658287180
79050934052
79131653965
79171831245
79134965882
79016211255
79135084426
79135252929
79135046506
79953115952
79080332121
79898940590
79953128696
79048995346
79135025228
79232050304
79124292322
79146392468
79131686569
79029499337
79895235469
79080307181
79135008637
79883412585
79892328265
79188438700
79135017612
79029448800
79539200952
79131644340
79333492467
79134904171
79050903272
79237847534
79050904190
79835755267
79878965794
79194224817
79944999100
79832794128
79135266720
79659151768
79658281870
79650666061
79025521172
79016219994
79833741391
79059999242
79135303985
79131641717
79080347393
79232044776
79891305422
79635786708
79822411823
79097063130
79133229890
79918513979
79994485938
79581368546
79619994765
79039892222
79134925335
79053500012
79061289111
79398640595
79380303025
79125374089
79069104312
79069047977
79641440508
79134935593
79331603634
79135266165
79899072761
79135048623
79135319571
79236313054
79135005998
79135053365
79292046489
79061515986
79059997173
79080330270
79128955512
79080345313
79135823054
79029158470
79187431707
79133496548
79994421059
79153315611
79135006203
79964154955
79029567777
79182784742
79134983978
79885941203
79948884636
79610731538
79832140665
79153649938
79134910207
79836180778
79135305278
79082313444
79658291782
79131698543
79176184074
79232022361
79029151518
79885044141
79509675377
79169124557
79829889360
79135086114
79064207733
79925555882
79398846336
79131604939
79025509800
79134902145
79658994371
79039899439
79131636350
79080320148
79135955968
79123010783
79135083777
79135448002
79232027317
79025504008
79080322455
79131627245
79016213235
79398200836
79064470823
79649006427
79658665333
79333331321
79050933000
79059984473
79024375557
79134981532
79153148647
79283213234
79059998371
79029444252
79632597913
79677126030
79069028914
79135314737
79875339090
79080325991
79135308517
79234215384
79135300917
79048994984
79833552116
79653599446
79679070915
79893548925
79016214401
79048998730
79831068287
79069012227
79504346049
79134984461
79059777112
79831514233
79397442243
79822997866
79134994977
79131644231
79029503867
79954400262
79002475625
79677467217
79286571626
79124419365
79831655953
74999224127
79135766785
79030763006
79052119967
79059776845
79658290753
79080348305
79135161670
79040877931
79677080707
79135081722
79134933006
79080349492
79297957474
79959445946
79135001888
79134914478
79131630275
79505780983
79131667089
79080346941
79687155552
79135180441
79859971467
79681411010
79050908520
79025505415
79131673637
79833059512
79131684605
79059984488
79919092249
79059793553
79045739202
79066719595
79059795884
79069045714
79658281083
79095149919
79131666669
79888306806
79186559588
79929995050
79011550505
79158674239
79397910411
79950819885
79856453399
79131634834
79881857884
79219967400
79131677052
74999519318
79649084873
79676519641
79048990411
79025516164
79305558848
79131630229
79658281720
79039897610
79649057383
79069026344
79298524436
79241461991
79649944027
79080315991
79828891163
79135013566
79137126919
79145621757
79173447491
79836944501
79029499157
79500891664
79509895425
79835097138
79276120106
79131687618
79080310044
79658291228
79880656946
79134951222
79099499710
79134992527
79048994900
79800002495
79257953201
79131659145
79614678485
79059565834
79131618155
79887975428
79144845765
79634785666
79232047494
79131681131
79084610606
79050927705
79131698238
79827419094
79039892737
79770347368
79833779798
79954893500
79944999090
79050929365
79131609995
79994576418
79138345032
79134991255
79233291851
79048999772
79883062950
79019902484
79869627300
79059791965
79135037332
79134953021
79131617969
79232025416
79059568479
79191946586
79684266555
79681465632
79770327529
79238999010
79280040003
79384535810
79080342536
79835780068
79135052850
79641925143
79025506051
79135265431
79190734019
79328886494
79039283891
79050909102
79180086325
79867720505
79039295556
79134923029
79137982112
79956051649
79131664128
79039215366
79133966864
79822769719
79886006006
79230207293
79835340676
79029495848
79509674276
79030494513
79127358649
79016476603
79029480622
79184068546
79080301812
79135065610
79607791146
79135059449
79509684380
79614088842
79136615825
79080321055
79582227262
79135264511
79135024265
79134933880
79200000483
79658910049
79135007494
79095025929
79953127034
79069014960
79134916550
79832766684
79398223284
79002359359
79134993911
79622684119
79195750047
79025520102
79994458410
79131678888
79318888666
79624212192
79080300079
79050938547
79135250339
79144801257
79050900061
79180079050
79135035840
79145100831
79135035660
79062071777
79397910371
79134952701
79186298961
79331085054
79080323177
79029920214
79029443325
79131657079
79292779966
79607820591
79680710124
79634731042
79531129622
79952231049
79635312955
79131666161
73432290452
79135300365
79896660664
79080300145
79234500299
79056375305
79328880009
79144492364
79131623211
79134920001
79951240600
79031098626
79039062905
79609990199
79633214401
79770324684
79216088822
79134986668
79135030254
79148930856
79831578813
79247707888
79910491759
79892987623
79822914713
79124784422
79534884606
79187586944
79064668555
79029448138
79134994302
79080316230
79165537474
79509676354
79134966316
79585142130
79080303374
79131528704
79956500262
79632777815
79135314445
79025520237
79833815828
79141232884
79135053082
79670658833
79649084727
79104152575
79182769364
79233959177
79233537937
79135045067
79135307713
79658297192
79953121620
79667679341
79059775727
79162904395
79135386516
79131659286
79915433946
79878790572
79508938989
79064040550
79587777322
79607694896
79050026366
79135037126
79384436363
79659155100
79823633099
79517905777
79029441941
79034067479
79658296752
79951247211
79232075060
79950969868
79233055423
79770325253
79509681272
79300001926
79633331710
79029444441
79854724736
79284194202
79222679794
79029481885
79232078976
79603880917
79134924624
79135264404
79658866668
79135404613
79825002500
79143873033
79136581969
79029441958
79944444232
79090103777
79658907167
79135250501
79190397730
79064601221
79131697303
79300645555
79050930979
79338881991
79227970199
79910221164
79050930378
79649084698
79288532322
79375958025
79607800300
79676013849
79193024152
79069044999
79658944438
79658993828
79320933888
79617415565
79029441486
79913758942
79832930478
79039292626
79080311167
79620340450
79832039395
79232036124
79777405448
79659218592
79134980004
74951301255
79649084687
79132876151
79842533335
79614100892
74955029799
79131669516
79050902901
79890810257
79607811348
79613246846
79016474238
79640055272
79050915455
79375916509
79059990097
79131672877
79375962157
79658296473
79375914677
79659078153
79964299404
79135045436
79189089190
79080339494
79888759193
79181003178
79134903759
79375920145
79659154757
79131636701
79842840017
79871633588
79375918622
79133970982
79836349659
79172953497
79059987931
79698000158
79958934164
79645499434
79894691704
79610640576
79048914358
79684999902
79846600010
79658294384
79618382252
79135011245
79628133314
79135308563
79134915242
79134956037
79770326581
79509681939
79080310824
79025507778
79080307836
79131662449
79835042883
79884530299
79056792895
79822451451
79607802434
79509671344
79025506131
79895788918
79055292724
79050926693
79080316452
79060542210
79233431594
79069002775
79039891167
79582559036
79509673670
79095335400
79649084670
74951301257
79131300644
79131627477
79134977135
79638767676
79131640101
79627454340
79229101111
79625353098
79059700527
79160563633
79658294749
79059770995
79134947310
79248667193
79883660371
79135054746
79398218781
79135596626
79135016735
79183510208
79090927207
79509676754
79605553617
79135006167
79029789847
79199366660
79398219371
79232037990
79131709673
79131676864
79667674595
79050904219
79039291051
79080341786
79770341001
79616655543
79950745234
79658294727
79247100732
79131622495
79607794772
79097985386
79874777613
79059989500
79890384004
79509688626
79050930403
79131610043
79134977780
79770340129
79958930333
79135055256
79538883931
79783400024
79822639567
79059555572
79059777300
79131637871
79134999653
79059987818
79654824700
79131675633
79914155497
79678957731
79197119172
79131630555
79080137708
79637305150
79059774500
79230166146
79258881758
79039892666
79039185585
79832835133
79048994465
79048992459
79135312971
79039295551
79616108844
79135010262
79254947631
79649084637
79295132593
79673080491
79673148704
79131663814
79025521026
79605439673
79016219913
79059798011
79236570607
79135258089
79029443703
79135021278
79614812558
79050919844
79188005602
79615493982
79029480202
79582708016
79029441482
79688886241
79193195088
79131682796
79134921312
79994475002
79068765050
79059776505
79913990453
79069023786
79131609562
79059641897
79871098381
79511627176
79135068474
79950798335
79605553584
79134908971
79120523742
79131641640
79522710104
79059996013
79135301937
79602737585
79016212585
79135300067
79135250031
79139348631
79234850181
79612650163
79233695268
79234113836
79385199535
79109834396
79183013131
79134938680
79196535066
79059983838
79080307966
79059666577
79232027963
79629805845
79135317560
79667360871
79039621447
79135307905
79878875818
79050937471
79134980286
79029663295
79613695286
79808892904
79095244308
79061732676
79917947880
79173849006
79024524597
79131658670
79135015948
79644058903
79069023292
79962929300
79069032377
79135089885
79131673606
79050912511
79059991119
79809996665
79688887737
79876247298
79504291690
79031251269
79131625252
79333238085
79130340491
79677254165
79696766166
79034406667
79630358962
79059987978
79131686007
79183037702
79135310508
79509675604
79134925059
79151555275
79059774222
79012492139
79039637498
79039623519
79080314837
79135037383
79135064239
79135306616
79160214354
79155100173
79135608923
79950774950
79039899668
79144354960
79146808240
79035413093
79626953410
79374722719
79848881103
79263678923
79191371256
79055164896
79055164893
79588850539
79343339777
79638884018
79135008281
79888338998
79080316890
79674044747
79131648898
73919865615
79649401050
79135080209
79878632577
79629385555
79134971721
79039233427
79135267540
79203511115
79059798881
79080309022
79994002629
79897657371
79620827945
79059777713
79951240101
79509675713
79850005169
79080308048
79131664122
79615390809
79682226792
79649084588
79045697501
79055164845
79055164833
79045362736
79196180700
79951700904
79132591105
79134557264
79509873999
79050934919
79585132953
79135263390
79293226386
79029491444
79134573991
79069011095
79141274070
79050915181
79232032353
79134942699
79899309872
79280707209
79770347021
79016479406
79131606121
79965104583
79832825159
79135262991
79134972689
79135581948
79136317672
79134976746
79821029487
79123755995
79134615787
79059786638
79050925539
79964274028
79016226621
79510131827
79510131766
79621862774
79057399430
79621862773
79025521055
79092788438
79135080460
79964013653
79194984435
79037942861
79194278993
79135253646
79135009242
79602776178
79996560785
79169193377
79385390553
79613056040
79232011744
79069033705
79836129989
79509682877
79833744720
79141741034
79884276000
79134908545
79652666654
79131602743
79064440884
79950755172
79060233097
79048902482
79050708811
79131663217
79134982413
79184038856
79082063604
79300006460
79233478729
79623619111
79057742913
79039289160
79133790035
79194268071
79627406777
74737166546
79134996084
79131631664
79135040009
79048444378
79954400151
79029448392
79682225780
79069022650
79080325255
79305551333
79080347615
79061823512
79059278218
79647778895
79844440015
79877194044
79050926283
79381477552
79339990910
79286663839
79170222377
79135010527
79134921890
79264911098
79261227043
79114505391
79135001997
79398643373
79081704805
79995889293
79025513750
79135051969
79131662844
79685356948
79050913506
79091011413
79873886147
79872433215
79131676396
79175706783
79127972969
79131677872
79872580041
79037692691
79131640061
79039280222
79649162146
79615164294
79026284561
79050937297
79062546666
79625227138
79944441320
79029498787
79509687335
79608645065
79029449003
79131664594
79111666786
79025520122
79954410097
79529205155
79185617004
79673142517
79050917032
79232067343
79602795067
79131655528
79673013434
79033957747
79398640581
79131639873
79131631481
79821759525
79054385976
79620405052
79135043943
79123643366
79808882881
79135046137
79176610344
79135052754
79131698545
79601052018
79135267121
79113436326
79509670747
79528171118
79050927142
79532219595
79039899352
79096512020
79910475701
79947722777
79620805781
79811854951
79134951519
37322006505
79140904875
79854104952
79895321484
79833761898
79187202569
79029494247
79832054727
79054935445
79122052848
79029492570
79048998237
79220232976
79850427371
79956502586
79167536000
79063437422
79955303284
79670955151
79609524168
79637041723
79994460630
79135017584
79080322287
79064956511
79029128700
79098097610
79048994060
79048992904
79809585858
79054421615
79131865994
79029180275
79895009755
79134972658
79299949809
79216953103
79025511837
79149343739
79059991581
79994532364
79584087172
79135006666
79135257408
79037690311
79098193777
79080304941
79135929430
79135260952
79188336624
79135044329
79131637410
79050931889
79644295736
79016210228
79029491844
79870590841
79235429417
79131658955
79032615894
79064407603
79059795012
79131632706
79135043523
79029441497
79134990204
79821793304
79134939879
79232026285
79134972797
79966700147
79135045221
79048945775
79134982392
79131675336
79025515794
79504284357
79235798813
79134900085
79134980924
79964277307
79193551049
79282614617
79131654038
79232066569
79967126928
79135265282
79134944668
79620841302
79039293172
79134474454
79039294446
79174595040
79286015513
79059995118
79833782699
79826481701
79130434838
79068261366
79134952826
79509686960
79278066687
79269288294
79025502327
79059982673
79025512213
79682221872
79134971266
79374012579
79823423988
79926660555
74959812448
79131667764
79135080162
79135774148
79025514635
79037725755
79014476432
79831487896
79029491061
79284486799
79131632000
79069013196
79384667323
79614059094
79020006216
79509684116
79091761515
79182211187
79050929664
79232066658
79025500942
79913990146
79620751509
79618457038
79135302376
79232816666
79135027662
79131639200
79918417892
79269903184
79317777424
79029966147
79682223739
79096060039
79039899991
79134973640
79319888698
79398198644
79037907726
79954302085
79025524860
79096587731
79061864965
79068108082
79080323978
79835197712
79059770407
79398204412
79829058602
79130281058
79954407753
79069644151
79915550751
79135016179
79375395777
79228685502
79135016160
79262040868
79928889899
79829812424
79069800081
79623440077
79134960937
79135024795
79090108282
79770325068
74737176503
79048999649
79134930948
79254091901
79193939422
79832757533
79037721179
79174635023
79053486444
79131440708
79915433279
79025500547
79132872495
79644123456
79654715594
79213388888
79059774049
79121287145
79800214830
79131637847
79134946782
79631849534
79080255904
79029499992
79176447830
79135246231
79137292915
79082451320
79647488903
79025502929
79025523770
79134921172
79950745724
79131650620
79642501999
79232026577
79509677752
79130698035
79131620080
79131661562
79153133326
79131611993
79125272347
79617720044
79397808262
79045740775
79001300414
79622101775
79054888300
79080300029
79829661391
79503074157
79582825606
79029444307
79135006989
79135258534
79831430459
79025513144
79858051177
79080301933
79604000528
79048995352
79954407158
390273549450
79614520422
79951724104
79108962807
79892277272
79025163622
79220795777
79232068590
79538457148
79641116231
79080319343
79021647536
79604150902
79131651582
79644289921
79090955618
79131721618
79232810370
79502653598
79050913837
79617872231
79622103816
79037520575
79770323987
79135067884
79135257026
79095222081
79823654828
79509671553
79268935918
79189362358
79624044009
79676668506
79937196410
79642227157
79091961355
79134911605
79373188109
79080343149
79898937581
79659060555
79137672614
79080309495
79050935518
79889431613
79948880801
79509965956
79134900145
79134983181
79157872471
79051752666
79898924988
79054959774
79131623361
79039891559
79294740999
79134905086
79135891079
79220646977
79811490301
79161723652
79333219810
79025509352
79059998262
79609429952
79191545453
79232054001
79050931209
79786186933
79187010188
79059789889
79048999287
79659160836
79130341802
79914561450
79632837871
79135043413
79188343406
79092788418
79050911999
79131613747
79509678880
79135044224
79131979672
79148350920
79197161995
79829467550
79039185420
79135910930
79050904118
79039896266
79059799593
79585527566
79232063343
79914189232
79037509483
79248321204
79131610656
79059776008
79659159901
79918519350
79232456720
79135014211
79619992053
79615391131
79398846303
79122966904
79134929211
73833630567
79313768330
79892653829
79232024295
79048997375
79233680910
79648918397
79673042075
79633839995
79131612530
79637090905
79069016972
79333399997
79039290783
79292509033
79039185858
79234534858
79219755334
79134919770
79025504543
79131681533
79134928008
79134968000
79135082114
79135038143
79039283388
79677424778
79511857469
79135010131
79134986324
79189681266
79131612394
79050929382
79831471339
79039187225
79180009096
79134983341
79321283507
79692601515
79320508484
79630977706
79059980199
79135059059
79064439695
79177429785
79232038064
79961306241
79933331770
79029497321
79233479992
79235853308
79233306428
79831891195
79398846366
79832085531
79029214222
79209015280
79108410982
79665952202
79135211593
79080326448
79618964530
79658217124
79315550044
79195958199
79833596735
79039840211
79069047929
79232016036
79025524551
79509683244
79867844291
79134936984
79135035073
79511568683
79037513249
79838888871
79148140797
79134968836
79131677880
79657145211
79134985998
79284457405
79131645781
79872422853
79655340007
79144935832
79135064706
79025521185
79080303368
79135306707
79069019264
79131658236
79135317204
79322362667
79096143785
79956666150
79642012728
79131637610
79659994553
79025521268
79029494999
79048999639
79673343278
79199938666
79633831993
79600687958
79620759310
79139234104
79069006116
79509036993
79134903155
79134929702
79134980251
79910494844
79233917754
79098887754
79080327811
79025518738
79184899961
79006685685
79025522699
79398846313
79184057783
79508998448
79134900688
79770328722
79059993763
79147420064
79037513696
79082125141
79135022053
79055123966
79134904747
79063042673
79054526631
79050936657
79049498881
79397970374
79890879675
79135266499
79637995243
79371809144
79284582295
79659152743
79612221019
79131660842
79933333797
79033682068
79625323739
79918417950
79129204109
79080328900
79692135082
79039280670
79133049493
79109296423
79055537950
79069040555
79105924202
79922356866
79039209200
79288070348
79188060101
79926612121
79954316162
79398643374
79361957996
79945555592
79953116984
79685736150
79628300907
79131626662
79134980438
79871555710
79822760195
79135086736
79500344677
79039591390
79607555592
79631877771
79001000975
79398200820
79157177464
79130459471
79135055284
79186194447
79134903794
79131614625
79131671225
79025501434
79951747180
79933336001
79889708184
79131630529
79614820202
79133870929
79029446556
79378322920
79509677330
79131619018
79084439585
79131627178
79182010003
79135054529
79059778776
79770341783
79833054656
79135001886
79232046229
79013422702
79131681180
79133796337
79025506239
79135006462
79585384983
79131621917
79961070442
79034369107
79059780343
79527477747
79183053447
79650617663
79233472976
79019970150
79186171855
79134900218
79998667811
79069166010
79134927558
79134947087
79050932990
79118137957
79029499602
79913990092
79025506902
79607645146
79232029567
79134999820
79131659967
79132587627
79050908224
79138992539
79134980450
79145082365
79069006695
79135029161
79601164317
79832013631
79770344056
79509676239
79956990111
79614926920
79582717524
79238884404
79252329406
79622106973
79011532222
79134933236
79889517154
79037508480
79037515810
79134973287
79058414677
79585585324
79059787092
79025515330
79069038881
79641000176
79135019343
79069005254
79232025472
79384422204
79039185161
79254748586
79093033950
79254745189
79048993641
79069994400
79059996661
79134948593
79951746630
79994800003
79069021166
79066295161
79632647721
79025525011
79059995973
79620288082
79232034447
79619995876
79297986823
79080343103
79161126555
79918417917
79135082860
79233529967
79869767321
79131642125
79063694875
79029447230
79029157901
79770349662
79148467647
79069006250
79918417959
79689942915
79135958044
79069013774
79254755007
79676111251
79139026451
79094113758
79024244448
79134936455
79135068969
79582771594
79374781034
79823138043
79033911988
79870933655
79770321128
79610493704
79050924327
79232077543
79632567027
79232016050
79069033685
79619059098
79025512084
79069900255
79080303327
79134948018
79509687088
79809999610
79819880422
79770324602
79061070183
79842796385
79235948567
79374621821
79298419093
79050907927
79059787272
79888453045
79511277014
79634353374
79132258138
79130528795
79039111300
79888726785
79029480899
79033777182
79125685320
79131613693
79025526038
79135007999
79237258088
79048997038
79770311135
79134990211
79585277778
79233325779
79149203928
79135157782
79232068820
79625237212
79248213207
79516464036
79029483598
79964102213
79222657008
79134991002
79131629212
79135256199
79048997972
79655723813
79091184658
79134948853
79898015257
79881888686
79050908281
79048995146
79029486354
79770346198
79131603847
79134165001
79054493303
79885803472
79135309595
79050920819
79509991030
79673334251
79131660589
79069022999
79833198556
79138367695
79384366683
79362245953
79141712555
79232963238
79152147455
79918151391
79069921425
79619998702
79130475084
79095122193
79233021984
79092786093
79676244481
79066361207
79187516907
79998334761
79233362877
79692131889
79770315928
79118028382
79130333373
79050077737
79059990053
79181093175
79135009770
79029489401
79673957928
79826737872
79883666963
79080322726
79135061246
79885885080
79059770325
79134914733
79134977830
79131605080
79384433999
79146334341
79095815555
79135020078
79080340497
79538223207
79628836350
79504051171
79131659223
79131635837
79531099438
79135055394
79119173455
79059785845
79080325598
79135251669
79094433902
79523011206
79029483047
79918417971
79131618873
79648553099
74950125379
79897478250
78124907025
79134983298
79069048847
79373553647
79619993392
79025500812
79777564244
79897528431
79686151250
79649245916
79080300707
79135033946
79232061998
79134923787
79174489605
79509685509
79016000031
79509671966
79628593492
79692166298
79877088871
79048998937
79080343374
79678910897
79933333528
79148438353
79823287453
79952249268
79323079326
79067524213
79588439837
79607680984
79016474500
79189813284
79081052149
79189698070
79050929941
79604136329
79630796739
79131377214
79322380837
79770348971
79504043377
79021440306
79006957333
79649824669
79684955551
79135254475
79082406096
79770315798
79025513867
79131676399
79676118535
79135261121
79039185017
79187076434
79873120381
79135061737
79688579048
79139479127
79025502584
79039295763
79965327088
79232088923
79260282624
79260405373
79025502883
79210429697
79384339554
79285160504
79082059539
79050736428
79143894770
79287554579
79632588430
79832086207
79135029165
79670794383
79069047472
79283358406
79135259323
79911113123
79609882463
79950802588
79696455671
79134955005
79188114558
79080343030
79233333378
79131626064
79232057670
79333245819
79145838563
79892374351
79125920530
79183026584
74996535991
79295485369
79016219329
79101298915
79914676548
79139598030
79080312030
79531071224
79601118707
79827520465
79294000990
79910533865
79038546291
79627740022
79260210040
79174424215
79770322988
79180733311
79870980108
79384756835
79233330445
79098823135
79623111999
79139137570
79186163093
79135253753
79059776791
79135049521
79134968056
79174872202
79195127192
79998204049
79025520028
79131638899
79069005060
79025511261
79134900301
79135024480
79029492322
79203742289
79953168483
79913736884
79160988986
79637001920
79131608858
79614971758
79025526695
79115885646
79886043933
79832979079
79879186694
79673283599
79135001939
79384916662
79538506837
79620835677
79658986573
79915433275
79050920926
79692133098
79223124696
79056664919
79999835768
79991901838
79607772924
79025516013
79131561995
79135049559
79135250662
79134983794
79134966077
79832927633
79115383261
79069011260
79607799995
79677891930
79582717514
79080321053
79080303377
79134919328
79129196937
79822854923
79029152657
79910490363
79131635323
79080341848
79069000328
79604680104
79232026500
79862212121
79195309954
79080331833
79025507038
79131657684
79135042105
79872197292
79933330014
79064769707
79673332552
79833751238
79832672368
79131680994
79186198000
79509679999
79122606000
79134954004
79069011999
79134994927
79134947671
79039286416
79289567657
79132005339
79635036905
79069000208
79610585444
79135315182
79770322931
79135000581
79135054599
79135049363
79029440970
79029488838
79631839077
79135982965
79233746224
79131679614
79333205732
79174945569
79032769228
79770451111
79958934295
79029156715
79832098014
79064538419
79954407623
79619911120
79135041065
79835066232
79134946884
79962331385
79131647949
79134966408
79123351512
79029291122
79223956272
79080340225
79528088698
79050900026
79641967611
79040387117
79009948183
79029158268
79232025560
79016473020
79659154414
79890474504
79827804948
79069047060
79050905218
79674622472
79050909646
79831501218
79882507205
79232026516
79145055586
79062633332
79058462329
79959638654
79131666945
79656111002
79618456372
79996571607
79889346501
79515982746
79029483868
79135250978
79288886064
79125129252
79134907343
79131685117
79505263859
79137337333
79064468689
79509687022
79135765585
79025513382
79080304984
79131699250
79025501971
79039286500
79697605724
79232067381
79050913940
79256773406
79119736328
79069028213
79135266147
79029498766
79135005245
79131684886
79029440653
79134917822
79016472004
79016213261
79131640030
79050903777
79279478239
79910879167
79050904260
79135546469
79874924447
79871353099
79059782813
79934660160
79039292060
79913990193
79059987088
79181780430
79869292686
79134996221
79061085487
79080304429
79834122895
79134944161
79951756987
79529892025
79134996777
79134900991
79050931615
79149169146
79134981540
79517788129
79131560056
79039289898
79119845818
79029443144
79831709001
79588854485
79135250992
79659154797
79233336325
79823684108
79658775704
79888791294
79124289978
79848889044
79029154313
79624357090
79897402275
79039281844
79059786215
79676557275
79850064470
79132375318
79261810151
79080305018
79832772146
79831678676
79131954492
79398640719
79059984576
79588853617
79506942264
79628093682
79099214403
79131696174
79187732445
79649557037
79937228144
79069014702
79052391663
79628366092
79016476198
79151168983
79135138912
79856440999
79050933441
79131300196
79298271824
79620866634
79131614272
79588859932
79131608225
79164634665
79235348582
79608920113
79090155333
79006154444
79135031410
79277768967
79069049220
79976250267
79050720621
79059770909
79029494290
79300005905
79602753597
79656605000
79120790626
79913751834
79131660809
79963822948
79806341201
79069006858
79835752364
79140028164
79148829478
79182000771
79232027259
79823024985
79832572865
79913398295
79137320442
79918382487
79831913600
79509687268
79189150672
79135314388
79135033751
79069043346
79673136088
79881605407
79509680589
79048994429
79135245594
79135266306
79662640979
79911957567
79628880574
79889915953
79134981952
79131667730
79134990733
79126586494
79037519354
79037517942
79875867232
79085027577
79654956345
79503978196
79197772585
79670055588
79135004857
79135814378
79149541251
79138581664
79050916065
79890388002
79888331245
79131650185
79953128137
79025526544
79069004424
79990724444
79134914565
79134941111
79068997388
79930165523
79822826501
79134949735
79131646372
79135054306
79069040000
79581404512
79037509360
79146325050
79131674959
79131628373
79058784455
79050929833
79059998588
79131663531
79650480115
79911981645
79131644303
79135049249
74951301258
79138086836
79831664277
79887481032
79655417199
79821608084
79582603366
79059994007
79080305687
79292978522
79064383208
79020144446
79050925709
79910533797
79039283048
79002870929
79135258074
79956966904
79134981750
79280368069
79210923749
79201502294
79231011409
79280356322
79210923740
79221185871
79201502505
79231010491
79251154662
79131671186
79926680757
79134983239
79656480777
79126301404
79082755654
79260226943
79058850174
79826576688
79898784219
79891331528
79050915333
79131682644
79059795951
79303777711
79918151547
79509677222
79025510947
79232015624
79659153550
79520548158
79059795347
79134903444
79080300382
79082017776
79384430202
79059784909
79991248821
79090719157
79662617485
79030026321
79030024931
79030019624
79858498936
79135047499
79956534989
79135505331
79604546950
79387980679
79037510129
79037516033
79260259123
79135052261
79059993003
79868001129
79030012274
79030012214
79030012196
79131911847
79134927114
79035417499
79020114085
79500579299
79037522311
79134968878
79037510396
79233506994
79662616995
79629140720
79629140714
79629140663
79134957538
79232075801
79622226518
79897043491
79515880808
79191248492
79025517083
79879283431
79141245076
79830517325
79082012722
79134940912
79135722727
79178906754
79286114343
79397909398
79069011604
79177848981
79373050195
79041414214
79284465365
79131652654
79131604203
79131603472
79333299997
79831592461
79135037960
79069036659
79080322463
79136576057
79339999556
79059777567
79950965749
79134904998
79059884557
79232062833
79135851786
79650502626
79174338310
79135313163
79135046915
79232056909
79131630027
79069015372
79801950031
79130357203
79123544285
79232036268
79023073899
79659059079
79135057751
78619910478
79282093662
79131647888
79183076340
79628311793
79951249274
79135016547
79130563760
79504069059
79529926685
79177496384
79112586676
79135050438
79994405392
79237911582
79816667773
79048990156
79050900088
79859022834
79030131648
79030131605
79030131599
79134951256
79050935719
79025505699
79099981383
79181060875
79152315330
79030131055
79030131053
79030130996
79050903366
79284453030
79081130014
79648852740
79050920103
79642622553
79080304949
79178717766
79050929864
79877509887
79187859889
79135675209
79131638570
79131623949
79135026146
74951699763
79915020992
79648025352
79152417396
79135261505
79131662013
79875094076
79291037418
79069020369
79170642353
79224887457
79373661644
79770312154
79059859954
79203590665
79835450767
79525436008
79006427482
79134954622
79066851515
79134990362
79770345804
79260726927
79025508338
79110628287
79020202775
79397770858
79659058134
79676610050
79272314110
79292246632
79106680770
79131685325
79284594919
79189090395
79832952661
79069912782
79058810116
79069024241
79232026765
79131665200
79659154513
79069994111
79182908830
79267129325
79186724847
79881846774
79131601990
79050990204
79881857997
79029157873
73432435469
79135029747
79639573005
79025424696
79617999490
79659173885
79800003885
79059996858
79688882402
79658915802
79069537378
79131669390
79139065111
79167055797
79173791839
79770315689
79182042547
79048960019
79187488981
79135059956
79059661113
79025520805
79028218270
79050929590
79134982056
79134982052
79135158899
79016477491
79050927670
79193044287
79039291005
79220558190
79659101994
79050988622
79094473353
79821747549
79851288029
79050900035
79029486404
79625507096
79218736793
79951241278
79048995744
79881467088
79388740049
79024684445
79148904329
79069219594
79831000962
79134964444
79025528139
79232077193
79135317266
79050927289
79029448787
79039897259
