79883169505
89384028851
89892815687
89184956383
79528191593
89530885641
79892140484
89146055402
89189816068
89186450102
79881315862
89996370742
89186644538
89529723339
89186430017
89282829649
79615025948
89603831959
78002504064
89514115512
89528451449
79002842657
79897623470
89886691144
79883227353
89054717793
89892469838
89648961816
89183378156
79881358359
79528300672
89618186923
89787961606
89528410323
89180546715
89384028851
89886691144
89180536061
89531052963
89531104834
89528233182
89604761798
89136500554
89385263833
79615300843
89539149856
89180588807
79649094015
89530961541
79897735627
79897617478
89676738000
89189639570
79528337620
89887700504
89528409684
89034511691
79615328625
89085714240
89181141399
89892441703
89189852965
79883417155
79881364841
89131867531
79140043714
89180587081
79094554540
89002827700
89892469838
89183755085
89683332225
89886722949
89528408602
79891976155
79881358359
89618186923
89522030317
89384028851
89186433737
89184630860
89531052963
89198084979
89184919521
89530920601
79180659747
89034592479
89385263833
79957401400
89002331605
89832109228
78617600070
89284442135
79186400579
79284036068
89184670714
79897677130
79189183744
89189639570
89180504265
89086775140
89189853360
79385070711
79298336333
79155190628
89120121035
89042225535
89531089006
89964052880
89184593545
89996334635
79915368576
79615168538
79184899782
89183755085
79881358359
89604896428
89881368041
79186479957
89286634434
89883409911
89024038850
89298321316
89034592479
79181690532
89182451762
89385263833
79086730814
89615990186
89528657746
89648913303
79883169505
79184995829
89887621617
79883107712
79094554540
89180551616
89002827700
89892469838
89183755085
89886722949
89667405326
89898318291
89648961816
89183378156
89184905283
79649174986
79891976155
79883245260
79528300672
89883412241
89618186923
79883515757
79951801597
89881426107
89528312183
89298409266
79970575454
89892413212
89615105565
79891966258
79184887044
89835339343
89180536061
89182888992
89087054646
89883113682
89184919521
89530920601
89054083969
89180566268
89673002062
89183446341
89886720890
89189851229
89182131473
79034575710
79686509670
89887659222
89027021522
79883232362
79186645415
89531096799
89136500554
89649002933
89082635642
89182451762
79034526893
89883144499
89385263833
78617708370
79288400444
79298511430
88617612021
89298501899
79034597540
89086922661
89996378775
89282755147
98803489291
79528178527
79002344196
89996366234
89094658564
89282732499
89832109228
89002384670
79895654325
89182451094
79615300843
89885706090
89892850259
89654664881
89886201500
79186420445
89054083715
89885259959
89883434500
79194881227
89002696345
89180557476
79269253970
89184757502
79649094015
89184916303
89528599895
79184352318
79094456334
89883420202
89891950640
79883100733
89184670714
79897735627
89649306646
79883142090
79897617478
79241128317
89528542942
79897677130
79180071407
79189183744
89284055596
89180504265
79528337620
89182785712
89189853360
79528671380
89897636443
89180496914
79604874042
89282781903
89282157277
89628793376
89883130199
89186672700
79531159260
89184703703
89002548409
89189991223
89891650486
89034580138
79184961455
89180227613
89002385792
79284342020
79676645732
89184776628
89186731419
79886710146
89181141399
79385070711
89996309185
89883436424
79094458595
79649112465
79086798260
89897615181
89892441703
89186277542
89086746677
89002401208
79883417155
89186450102
79298336333
89388653266
79155190628
89180569957
79184201870
89180684417
89883234757
79886691631
89528536901
79883300188
79628773917
79999801975
89964083830
79886700923
79528662392
79385165891
79886200793
89883216769
79892460644
79887650950
89892425688
89120121035
89042225535
89182760926
89186695935
89282829649
79186420272
89284285889
89891974046
89288470591
79897604814
79140043714
89951870515
79814453702
89883241203
89886209164
79186689678
79996380885
79184962404
89883216914
79604900957
89184893924
89280354020
79029342881
89002966257
79180653177
79181405566
89676707421
79628553482
89883119302
89284444162
89615397184
89180838471
79910779916
89996334635
79181373130
79881358359
79186245449
89186433737
89183694184
89027021522
89086922661
79996358617
89832109228
89539149856
89883434500
89886731553
89184739644
79160135773
89054038338
89180504265
89086775140
89528638627
79615253109
89186672700
79385070711
89034583603
89883493820
89082007515
79184338721
79883111397
89186220123
89184737921
79054738932
89952664863
89086818286
79883232525
79673130078
89897616516
79883107712
79034101104
89183210736
89180551616
89288489811
79184899782
89183755085
89667405326
768685944040
89898318291
89648961816
79615042513
79002692104
79891976155
79881358359
89604896428
79528300672
89883461852
89964098609
89618186923
79951801597
89881426107
89298409266
89180546715
89615105565
89615260165
79184754314
89528293490
89094456616
89832794343
89886691144
89531145010
89835339343
89298321316
89184706040
89189965768
79182990844
89184548172
79184832412
89182131473
79615175656
89034592479
79183562220
89531104799
79883227353
89002331605
89886733598
89002510955
79528178527
89996366234
89883524590
89282732499
89298491821
89002378743
89184985808
89175490922
79615300843
89892850259
89654664881
78617600070
79649094015
89184146170
89676683391
89282571135
897562310455
79530756628
89287799341
79385010794
89898555085
79886724388
89883420202
79924088200
89886737234
89996339219
89633791111
89180504265
89086775140
89054014414
898866887422
89883130199
79531159260
89892331007
79676645732
89384740748
89528536901
89883244416
79914203203
79887650950
89288462503
89186695935
89618519688
79184338721
79883111397
89282829649
79140043714
89094500098
89514115512
79814453702
89604776613
79649445153
79892460450
79212405381
79881381619
79883322480
79384359828
89002802330
79615168538
79883107712
89615109338
89667405326
89886706624
89183378156
89881426107
89298409266
89886691144
79186245449
89184355726
89649002933
89385263833
89186701347
89282755147
79897676235
89184687724
89180211612
89530885641
79649094015
89528599895
79284036068
89996339219
79897677130
79189183744
79883374053
89604886581
89189991223
89180227613
79284342020
89184776628
89002691075
89181141399
89883517281
89892441703
89528536901
89964083830
89186402937
79385165891
79886200793
79892460644
79887650950
89120121035
89282829649
89673011915
79883458538
79094465253
81980728399
89892469838
79184899782
89615109338
79881358359
79528300672
89956604528
79951801597
89186894201
89298409266
89604755679
89615260165
79054019000
89531145010
89184706040
79182990844
89182451762
79883227353
89831298414
79094625491
89241654564
89661666111
89002378743
89964465497
89539149856
89628773462
79883135141
89883154110
79186231885
89887700504
89180632919
79086917133
89676594058
89528468378
89891650486
79086798260
89883500253
89528536901
79667602098
89186695935
89388676040
89189853558
89951870515
89673011915
89184117000
79002842657
89183495165
89184603278
89002966257
79385338599
79528311486
79186473407
89184813709
79883169505
89615109338
89384099664
89298409266
89180536061
79182990844
89184956383
89241654564
89539149856
79186231885
89180504265
89189853360
89180632919
89146055402
89883500253
89186695935
89388676040
89180153739
89673011915
89184117000
89189464491
79002842657
89384033788
89184603278
79034597540
79881368088
89186402937
81980728399
79883169505
88001009100
79180406836
79155190628
79951801597
89186894201
89298409266
89892413212
89615260165
89181848320
89183903198
89180566268
89059717450
89384765190
79891955678
89528233182
89212362611
89996366234
89832109228
89002378743
89182451094
89892315177
79649094015
89189942973
79186400579
89183504951
89996362760
89184170070
89054038338
79151569175
79180657146
79883309945
79892140484
89186482469
89891650486
89951928678
89182123278
89883458252
89654644228
79298336333
89881309838
89186644538
79184338721
89186430017
89284285889
89288470591
79140043714
89892414278
79186689678
89883216914
89186648137
79649445153
89184117000
79615800725
89604968264
89886687422
89189464491
79034590362
89002966257
79649103838
89676707421
89184593545
89002802330
89615397184
89184379668
89384319917
79892499866
79897623470
79883169505
89897616516
89189400844
89002827700
89648922102
89648961816
79881358359
89887623678
89618186923
89189781003
89180546715
89384028851
89649201551
89530920601
89180566268
89235069012
79615175656
89182451762
79883227353
89002331605
89649323593
89184144466
78617600070
89298345135
89883420202
89619995505
79883135141
79151569175
89180632919
79086798260
89883244416
88007074686
89120121035
89042225535
79140043714
79212405381
79881381619
79181405566
79186473407
89996334635
79892499866
89054717793
89128845214
89898318291
89604898921
89615774666
89648961816
89881322052
89884868634
79883515757
89298409266
79180442459
89180546715
89892413212
89384028851
79184754314
89832794343
89183903198
89054730734
79184878878
79182990844
89059717450
89384765190
89528233182
89011040325
79183562220
79298511430
89186707898
89672953129
89996366234
89241654564
89282732499
89002378743
89883434500
89184146170
89676683391
89189942973
79094456334
89996362760
89180127201
89996339219
79883142090
79189183744
79180657146
89887700504
89197477310
89528409684
79086917133
89186482469
89604886581
89649350604
89951928678
79676589040
89892130787
89182123278
79086798260
89002316801
89881317863
89184821110
89964083830
89885246325
79189950155
89082007515
89186644538
89381230085
89531089006
89183103011
89618519688
89005553535
79184338721
79186420272
89284285889
89628596376
79140043714
89951870515
89649194605
79996344502
79814453702
89385107551
79186689678
89186648137
89528555521
79186696315
79054738932
79180920071
89886687422
89181701735
89184735229
79094500385
89189464491
79034590362
89184603278
79029342881
89002966257
79385338599
79180653177
79883322480
79385359811
89883318173
89964080418
89515794466
89886706218
79676712719
89528216603
79002342924
89002802330
79186473407
89184851769
89184671631
89951966546
79223481815
89186239332
89529221463
79897623470
89648913303
89064353992
79615168538
79883232525
89887621617
89897616516
79034101104
89054717793
89002827700
79184899782
89183755085
89683332225
89604898921
89886706624
89648961816
79883245260
79528300672
89384071914
89964098609
79951801597
89298409266
79970575454
89180546715
89892413212
79897700301
89384028851
79184754314
79184887044
89528293490
89832794343
89531145010
89883226716
89183903198
79189486177
89189767660
89054730734
89186697345
79184878878
89184979508
89183446341
79184832412
89184355726
79332572597
89184519757
89002700338
89883405524
89528233182
89054081382
89011040325
89883144499
89385263833
89180537494
89183810734
89186707898
89182404242
89086922661
89996366234
89282732499
89298491821
89175490922
89528162684
79615300843
89002720325
89539149856
89180553243
79858590257
89180511732
89883434500
79787994603
89183424581
89085599444
89184146170
89184739644
89676683391
89528599895
89898277774
79002292396
89189942973
79615304802
89298345135
89996362760
89180127201
89891950965
89384768144
89996339219
89881313161
79883142090
89184694405
89883133888
89189639570
89180504265
89298251629
88617729029
89528409684
898866887422
89282781903
89887691515
79086917133
89676594058
89298313226
89186482469
89189991223
89649350604
89607607142
89952086229
89186731419
79384284919
79182239910
89189866152
89094583079
89384749088
89883458252
89654644228
89184682822
79654622099
89891982024
89881317863
89649228383
89298289112
79034517561
89384026757
79189950155
88007074686
79667602098
89082007515
89182348440
89649163073
89183103011
79887620676
89618519688
89005553535
79184338721
89898161170
79140043714
89514115512
79094452630
89883518945
79814453702
89385107551
89604776613
89184737921
89883216914
79186446111
89528555521
89886687422
89181701735
89280354020
79094500385
89189464491
79034590362
79385359811
79180588976
89186678604
89284444162
89002802330
79186473407
79649163073
89186239332
89529221463
79892499866
79897623470
89887621617
89897616516
89183210736
89054717793
89039099043
89181393351
89892469838
89615109338
89667405326
79184618118
89648961816
89183378156
79155190628
89186461115
89514565659
89881322052
89964098609
79184824945
89186894201
79180442459
89528410323
89180546715
89892413212
89615260165
89528293490
89886691144
79186245449
89183903198
79024052210
89184919521
89530920601
89184706040
79182990844
89883231661
89184355726
89182131473
89384765190
79883232362
89883405524
89604761798
89136500554
89648934696
89182451762
79883227353
89515916263
89086922661
79887694345
79528178527
89996366234
79086730814
89241654564
89282732499
89832109228
89002378743
79897665556
89184985808
79883375338
89539149856
78617600070
89180211612
89183424581
89883446165
89180588807
79649094015
79002292396
79184352318
89892432313
79385010794
89189942973
79094456334
79615304802
89184124541
89298345135
79284036068
89883420202
89891950640
89298350155
89886737234
79615142015
89184670714
79897617478
79951706654
89884867882
79189183744
89883133888
79186231885
89180504265
89182785712
89086775140
79253595322
88617729029
79883374053
79886679598
79649178417
89233992536
89282157277
89618277826
89676594058
89528468378
89184703703
89189991223
89898033831
89607607142
79284342020
79676645732
79897649311
89002691075
89181141399
89269145169
79002304585
79086798260
89883140105
79146252200
89094583079
89384749088
89881318099
89883231661
89654644228
89284037793
89184682822
89883227977
89180553864
89109269930
89388653266
89649228383
79155190628
89385203480
79886718163
79897718018
79886691631
79881386377
79628773917
89964083830
79384110454
89897624434
89883244416
89883465794
79881364841
79385165891
89384026757
79667602098
89186644538
89182348440
79892460644
89002694782
89042225535
89186260559
79887620676
89186695935
89618519688
79881332554
89898161170
79186420272
79140043714
89189853558
78002504064
89951870515
89514115512
89964083830
79094452630
89883241203
89186220123
79009187233
89184737921
89883216914
88001004500
79528731275
89528511213
89886687422
79897757406
79034590362
89133974061
79883322480
79186473407
89002331418
79223481815
79897623470
89086818286
89648913303
89064353992
89811316288
79615168538
79883232525
79673130078
89897616516
79034101104
79094554540
88001009100
89002827700
89892469838
89183755085
79180406836
89180621708
89667405326
89898318291
89615774666
89648961816
79891976155
79881358359
79528300672
79086809803
79951801597
89186894201
89298409266
89604755679
79604900249
89180546715
89892413212
79897700301
79054019000
79891966258
79186420651
89384028851
89528293490
89832794343
79186245449
89531145010
89835339343
89183903198
79654703990
79002787697
79881313716
89530920601
89189965768
79182990844
89531104834
79332572597
79615175656
79288492818
79182867636
89384765190
79891955678
89184956383
89883405524
89528233182
89604761798
89011040325
79883227353
79298511430
89186707898
89831298414
89086922661
79180961116
89996366234
79086730814
89241654564
89282732499
89832109228
89661666111
89002378743
89528162684
89284442135
89054083715
89883434500
79891953061
89180588807
79649094015
89184146170
89184739644
89676683391
89898277774
89628773462
89667660683
79649125644
89898555085
79881389000
89234443399
89180566544
89530961541
79186400579
89183504951
89184124541
89298345135
79284036068
89180402940
89180127201
89135982886
89996339219
89184670714
79883135141
79897617478
89284055596
88617307600
89883154110
89184840408
89180504265
89086775140
88617729029
89197477310
898866887422
79086917133
79180881667
79649186363
79892873031
89883411205
89891650486
89649350604
89607607142
79883228462
89189816068
79676645732
89186731419
89180669668
79183537361
79184404581
79086798260
89883140105
89002316801
79146252200
89094583079
89384749088
89883458252
89881318099
79186396672
89654644228
89184682822
89109269930
89528536901
89384849888
89964083830
89384026757
88007074686
89082007515
79914203203
89883216769
89131867531
79789701299
89042225535
89381230085
89881390019
89186695935
89618519688
89284285889
89180153739
79140043714
89951870515
89649194605
89514115512
79996344502
89673011915
79814453702
89385107551
79186689678
89528511213
79180920071
89886687422
79897757406
79385031316
89184860828
89189464491
89651356333
79002842657
79184860405
89002966257
79002438875
79385338599
79180653177
79531018005
79385359811
79384359828
89883318173
79952638418
89809999141
89618560623
89180633121
89528216603
89002802330
79186473407
79886713379
89881339448
89615397184
79883241746
89054734326
89529221463
89952250921
79892499866
79897623470
79964065448
89054717793
89039099043
79224018241
89180621708
89898318291
89648961816
89184905283
79883245260
79528300672
89883412241
89618186923
89892413212
89615260165
79891966258
89180577443
79883300535
89531145010
89835339343
89883226716
89649201551
89183903198
89531052963
89615118456
89531104834
89883231661
89184355726
89184956383
89027021522
89186707898
89515916263
88617612021
89996366234
89241654564
89282732499
79996358617
89002378743
79181968294
79064318622
89539149856
89883434500
79649094015
79061874911
89234443399
89298345135
79924088200
89619995505
79203771858
79151569175
79528337620
898866887422
79086917133
89676594058
79892140304
89186482469
89034511691
89189991223
89181176386
89952086229
79676645732
89186731419
79881368088
79184404581
79385070711
79384284919
79086798260
89883140105
89002316801
79884867945
89094583079
89184464526
79186396672
89654644228
89388653266
79155190628
79886691631
89528536901
79628773917
89186402937
79385165891
89384026757
79914203203
89883216769
89182348440
79892460644
89298462815
89120121035
79789701299
89042225535
89381230085
89186260559
79887620676
89186695935
89005553535
79184338721
79881332554
79881358267
89603831959
79140043714
89649194605
89514115512
89964083830
89881303369
79814453702
89528454258
89385107551
89604776613
79009187233
79184962404
89883216914
79528731275
89892467543
89886687422
79897757406
89189464491
79034590362
89384033788
79184860405
89184603278
79029342881
89002966257
78617790550
79883322480
79385359811
79883402747
89886706218
89528216603
89002802330
79186473407
79892463345
89002331418
89184851769
89996334635
79288832532
79186338442
89054734326
79892499866
79897623470
89298409266
79284141649
89384028851
89835339343
89189851229
89528233182
79288400444
79528191593
89528162684
89883434500
79883142090
89284055596
89180504265
89887691515
79086917133
89891650486
79881368088
89184821110
79897018243
89186644538
89298462815
89042225535
89531089006
89005553535
89284285889
79140043714
79814453702
79186689678
89879853379
79385031316
89189464491
79034590362
89002966257
79883322480
79384359828
79883402747
89284444162
79186473407
89184851769
79883241746
79223481815
89529221463
