79032787685
79242258089
79257078899
79037220099
79199197851
79825639414
79031823964
79111687080
79037774578
79276645765
79851909019
79656062605
79675962811
79281093114
79213918418
79080249793
79187792035
79275133838
79267553374
79878219072
79154208044
79374462769
79083373144
79132136808
79030995105
79660999281
79027925957
79037185688
79196324403
79649087805
79114983123
79178692313
79166210252
79282412319
79255145361
79062424136
79150818362
79604846202
79114068604
79184046110
79834091500
79112471501
79089435927
79601865983
79825842717
79268107975
79265968250
79603219172
79022708120
79163072116
79248390439
79876678907
79000546610
79852100501
79154527991
79229451117
79261910446
79266750117
79148988658
79165325652
79163602192
79173930311
79236729473
79166602438
79163087821
79654237632
79035269948
79033328777
79082252974
79222484825
79099715969
79140870058
79082000606
79043167879
79185905621
79035341221
79242174286
79161681408
79267857716
79276813545
79818299874
79615404059
79279329294
79062001699
79119859686
79155466376
79151439049
79226770369
79032209515
79130438560
79121214145
79020135578
79031792916
79284567110
79139214536
79031517779
79506559492
79996553207
79898004046
79110491330
79220323285
79811408869
79136870889
79133204886
79785605956
79173474268
79605303714
79104470948
79005567700
79213082738
79135850537
79189930522
79010934984
79242096192
79601044001
79160113620
79027921263
79104024074
79273030143
79652620368
79886694850
79852131133
79203831679
79172680802
79206442900
79827021323
79116224234
79161580800
79528158855
79052294541
79895328817
79093341891
79150921980
79068509023
79113656132
79252347277
79787844881
79048728311
79897111000
79057054110
79005585628
79788447175
79171088030
79033779333
79501294389
79049449420
79272663445
79113087737
79038183880
79606616301
79162723788
79370702214
79184508040
79996145120
79534305372
79215525407
79500065258
79283122590
79324258049
79272002929
79269887417
79265593577
79621981111
79059645764
79109086281
79517676933
79676040096
79083140999
79817981271
79125459403
79065531685
79217503712
79061965411
79224090892
79067476863
79093458999
79282962038
79033384952
79165178512
79514694077
79262877955
79095811925
79190484939
79036678030
79128565434
79114860496
79531744465
79035396808
79183502312
79271768001
79219795269
79167163643
79536245913
79140870077
79279005929
79052786446
79266703801
79022634239
79039541416
79004554800
79055479999
79532591451
79600814004
79524215507
79085120035
79138057290
79021997615
79295490172
79025243003
79378379770
79969616715
79150620906
79080922583
79176666681
79093078637
79175490816
79265252800
79853196464
79371136716
79035927025
79036080087
79771480869
79628878711
79996567676
79145556424
79029281842
79258284534
79224017911
79621008057
79051081180
79174694422
79653205568
79381439898
79210175237
79616579015
79032610076
79165473934
79041705365
79851906671
79222436970
79099021966
79000202028
79818361210
79281176178
79021207246
79278584537
79054696779
79136580403
79263114864
79254701355
79202103304
79024420002
79283455343
79066325135
79028771169
79622179797
79130661878
79850987333
79166347661
79200384511
79283458808
79039647888
79271503175
79283437333
79119055626
79111148109
79283177177
79265782469
79512301270
79181053000
79874187711
79505878338
79187702984
79207796999
79034582010
79602424884
79631706903
79873936571
79174009873
79104037998
79181709303
79261947087
79149002045
79159242444
79128533421
79163966340
79628563181
79128212866
79104256521
79053223237
79886722475
79283770941
79059355959
79220983616
79172423801
79120075840
79782105299
79777388929
79195229873
79064313907
79091599651
79245869629
79854320040
79123680809
79641815709
79852384013
79184400665
79247811550
79098929780
79124488621
79267281104
79292000002
79512600509
79778005108
79617794198
79146215038
79163533932
79209539902
79385068348
79280051146
79059410462
79217588526
79145418208
79232490321
79631070911
79029051698
79372421152
79286639690
79189393006
79165767945
79034438559
79853938691
79283062844
79627280579
79174009393
79115584137
79174632244
79537410406
79288214799
79500934762
79093491716
79128568333
79227654067
79198462269
79263758180
79062948060
79124215047
79237177594
79103670727
79244887771
79118385597
79029785559
79513762730
79295866471
79260839787
79535219908
79645065862
79036130494
79609652708
79882344450
79104001300
79195135403
79501811434
79181712102
77089600144
79371967177
79214078906
79290103668
79206498022
79165008941
79099717506
79116741031
79254629011
79371801234
79264033936
79032307933
79504151533
79653478569
79530083231
79133075929
79202675946
79210153704
79139966238
79226152249
79177701920
79115015303
79057885175
79037176103
79204429147
79236895599
79663660552
79214507870
79603041472
79780590697
79122650260
79030172702
79648790689
79035779944
79277159888
79262210694
79184683568
79645092754
79992214864
79996123456
79113159550
79290247079
79850206575
79119767033
79637657499
79313352279
79831928282
79108285608
79265327790
79120627980
79529778108
79009620498
79161025199
79138918506
79634048223
79521314295
79854122456
79139359476
79122454400
79128758938
79184757552
79091808899
79529743779
79157225433
79055746565
79221113031
79606251100
79111902985
79257815771
79167700641
79996407187
79166269777
79139842222
79236014908
79521639794
79228846689
79195938868
79518988946
79257502933
79119878647
79038500158
79525152959
79285090889
79235944044
79876636752
79219300203
79265381511
79190661089
79264999550
79219790934
79613027067
79097745521
79269377701
79315366035
79267667205
79181896551
79108247217
79278611191
79039819527
79050107591
79120268511
79082182308
79891643709
79035997396
79193006718
79535020424
79032215403
79815064202
79384602108
79089255556
79061114120
79186412986
79162221029
79148959590
79281788788
79057320947
79278582809
79209555558
79064460660
79831320659
79181987068
79033708088
79081687070
79131539975
79265950405
79027956655
79173485858
79267679209
79095493517
79859855060
79507475307
79025618000
79299349198
79150158664
79182329979
79165259042
79104419602
79192494549
79373040659
79149962239
79259442201
79162581182
79171265445
79220553940
79222594532
79505678293
79997916963
79992334622
79028028496
79065491825
79139470219
79653922505
79991237556
79140209256
79884665824
79217644008
79877162102
79869081457
79262045724
79169713601
79258503571
79381047759
79086403457
79263159854
79819664894
79204606252
79270344306
79628569777
79060830384
79165027512
79207553111
79780904421
79087168677
79192720337
79189934034
79181049187
79214673901
79296335711
79299313967
79375704075
79168207805
79648731470
79500597676
79141786903
79189982776
79529892833
79780016973
79293233414
79038021528
79685042373
79082546108
79172565834
79807067824
79000502516
79851288198
79107640622
79200575059
79217720614
79098173216
79031457654
79279565520
79609653494
79174587305
79824120505
79109079492
79661419456
79243473331
79286123466
79610781170
79829157709
79069246084
79147650087
79143454708
77026892733
79097986909
79151053133
79264022112
79180225535
79176769674
79037772243
79134027473
79133497945
79213856465
79224293521
79205100477
79897019179
79850565168
79652510176
79037649818
79779558056
79164427015
79057130044
77071365349
79613265577
79141908811
79834446796
79197295486
79269880889
79165365756
79086631463
79516242728
79034015178
79650579099
79106371633
79115506891
79373402210
79160308292
79645519186
79613640510
79150476256
79232710151
79043830643
79165454883
79105374285
79165971682
79165417649
79211406006
79525128434
79159009333
79604245358
79103254281
79210140187
79110462020
79035526520
79057063388
79622973039
79197096950
79106378313
79266925875
79534786671
79500770872
79827557367
79195675172
79222020452
79160267956
79811934138
79889999077
79788105082
79118472717
79190550115
79162102999
79219577747
79615712588
79516745167
79516488035
79652323631
79166808666
79059246972
79827950161
79267610051
79833275825
79152317656
79649182656
79093346155
79042713075
79213638358
79169099617
79203007000
79103535568
79274702430
79872285939
79122371811
79161677894
79030731025
79199812646
79222266758
79372488947
79061508029
79161808087
79094102519
79656710622
79377766229
79213806763
79277400009
79146607256
79082074747
79081505748
79290992521
79615811858
79505517918
79263968712
79600026266
79276896083
79852595520
79269595527
77022463940
79110087231
79612525988
79119044404
79082357095
79103023833
79663223841
79206923954
79782564147
79167586546
79655372285
79058485885
79206329217
79201376181
77757788600
79132158913
79098408570
77052991590
79534322408
79196315911
79121780676
79624481485
79871903613
79777462705
79030487958
79184054729
79227615603
79281304359
79117517479
79251293177
79252787618
79036699826
79153021662
79165304432
79052259877
79174882168
79130121210
79153621064
79819683628
79262297733
79996516531
79672342889
79021918446
79034444600
79515138510
79098167870
79969604380
79164088117
79262826815
79616790266
79173762888
79675960390
79636662477
79286744797
79234177801
79137452652
79022670554
79639347980
79119098225
79683002868
79606195092
79107192895
79161622883
79674637997
79099214248
79037940639
79023555155
79139371255
79036104329
79656529393
79181039363
79169376293
79267020027
79647122728
79112723543
79876179962
79603717137
79773389280
79827120737
79248888224
79185063794
79887622353
79031398389
79053198448
79166018039
79889310945
79176550507
79258835758
79119520318
79105410894
79281773641
79825192833
79287564046
79183875706
79523952953
79689212560
79128585406
79022711220
79180583323
79151757144
79013676026
79092772039
79657279734
79106644040
79233174103
79186245486
79224308844
79518590561
79081613183
79854103266
79204162494
79092122654
79771920930
79699701977
79228260207
79265853641
79169965519
79217811227
79636280607
79252488334
79129391081
79082656129
79526867220
79219838621
79205118025
79656035208
79858941871
79159851817
79120103888
79315966501
79057545777
79614613585
79160256401
79251842503
79261336055
79114506127
79082656129
79265443441
79533084571
79114105749
79155002489
79226208486
79161777612
79232914455
79198204230
79016005015
79260945102
79282130757
79261345224
79267857716
79272009993
79062804409
79892425827
79620008668
79527537946
79626285971
79684689199
79283276510
79788538089
79022670289
79234964911
79250336578
79138418411
79534305372
79233016098
79771571870
79085517890
79113265439
79385523540
79256492276
79602010126
79135138408
79251582506
79871628470
79213636848
79922391897
79652157111
79061529778
79782556041
79373469151
79604966623
79046320677
79636390447
79619114488
79043529637
79300849299
79281860207
79017800260
79191421484
79137297470
79512222130
79223542501
79147424108
79269494202
79196123825
79242140329
79027603004
79166625397
79374021234
79104738602
79181709303
79172971405
79215676474
79382002331
79529688585
79501331019
79261336499
79160355068
79308401021
79527065758
79117999923
79511358763
79788362213
79065869293
79119446279
79183114816
79114009792
79833086870
79134084064
79147857027
79068482666
79219543843
79614563799
79867865018
79883798680
79776615419
79821530423
79172708501
79180014220
79188218724
79174014635
79634400995
79035787450
79028087520
79108134784
79781179124
79211361956
79180021333
79833007219
79885309019
79778104120
79184088788
79213098305
79272673837
79114862661
79229451117
79174099220
79021946574
79061198669
79854844690
79678553877
79219257009
79266695586
79164363060
79155509750
79641825552
79147917235
79276512543
79286202092
79251933065
79818078982
79091117929
79064881371
79082082353
79787470721
79052848732
79829401684
79212243453
79202550055
79017648084
77029993781
79877364457
79626966149
79262701266
79384786579
79164478353
79099999543
79649117735
79029278912
79789209302
79268594157
79059392807
79000289122
79170538668
79621194357
79086332787
79118549213
79968961190
79153024207
79041616878
79517831615
79513212086
79058667433
79024785000
79092701936
79172765974
79026390509
79043779921
79000012794
79036700393
79539172353
79523450234
79967761674
79651544650
79016979192
79533056861
79021370910
79088342418
79608818461
77013543732
79653650555
79048349573
79097556226
79198840500
79042348908
79031710780
79162444142
79057000423
79130028080
79272000637
79161910983
79167391027
79214456678
79515815492
79222013958
79032250102
79224049077
79105763818
79822728548
79178758431
79111839208
79046456747
79532816890
79523245084
79061434747
79304378426
79822114016
79149447365
79501536132
79681889990
79056139818
79607888080
79197245898
79094608047
79775321269
79773214241
79069932597
79184062518
79128506980
79044130873
79009371499
79033402514
79293233414
79169791439
79064213686
79371194733
79263923721
79082708970
79506053051
79088849783
79200530033
79270111160
79028550970
79275167160
79064953758
79265931792
79199925415
79610083503
79119852737
79638995256
79609613234
79042231029
79126958099
79853560103
79173428827
77005350112
79119098225
79166050938
79522081435
79500237332
79606986936
79374357808
79148870757
77088242093
79515811965
79170150917
79265796727
79048937899
79162092663
79508108760
79023863450
79674070671
79263692841
79504349531
79501493300
79213024282
79182304996
79098105522
79841633056
79063339199
79155700614
79173107138
79179124872
79124408705
79048648808
79655864984
79246741763
79265585485
79293773217
79127061727
79255025710
79120161515
79211826519
79146850870
79128584041
79135411928
79871883308
79113623305
79000502516
79114950586
79373154877
79135383230
79127629088
79611733108
79046775689
79049780496
79821240595
79507568292
79163238588
79131282124
79139155229
79172734845
79172645000
79205448917
79178566251
79661000121
79519587634
79872396580
79867189725
79677891540
79874379406
79142346600
79833806075
79312541608
79104057080
79872928121
79114663407
79184111231
79173928937
79119531145
79672768827
79196138030
79177703099
79025246882
79174303355
79259078863
79034215025
79178567265
79063297232
79183956771
79686556100
79068164750
79624502377
79027447543
79112176022
79142753052
79992216325
79190057656
79600796942
79608631428
79183248234
79393301997
79262272095
79375961994
79600606868
79153999963
79874010871
79641804703
79197188922
79177275801
79198085567
79165482473
79610449420
79086530228
79231858288
79774846817
79381035161
79147168188
79676606881
79272551489
79101372826
79199563195
79173986442
79393935722
79211386066
79140299224
79869043668
79260839787
79035452258
79110808309
79172930019
79228126494
79261515049
79685751808
79229523094
79115761786
79208757459
79127234104
79615651640
79089422500
79066325135
79027956655
79061345588
79508109855
79196448887
79146863882
79044474275
79613678147
79313000133
79097763051
79172949697
79120078725
79127599399
79637330818
79177300487
79518674512
79278644712
79099501406
79061156934
79620040637
79252006479
79523314770
79031503269
79852080568
79122577099
79685777744
79031870317
79087827137
79217599180
79379724767
79261234567
79870263637
79647847096
79137177379
79779466768
79279597241
79507516565
79193033641
79154927192
79630565939
79032294869
79616896689
79265269292
79166249763
79771492124
79831847917
79142388428
79219278937
79228451095
79196569459
79110237556
79054170407
79096690055
79053904198
79222696414
79193346481
79161233959
79516408543
79199990843
79253447376
79173985366
79172416213
79922288689
79265220178
79167252511
79514992576
79176742752
79169384997
79117433271
79025105573
79686002780
79227780080
79284046196
79771880277
79131808134
79657421772
79167154879
79393057270
79531258260
79216307943
79119504647
79775251724
79964054133
79788618518
79505571808
79104504468
79174090081
79226189868
79035311861
79923328316
79063803107
79805144621
79281179095
79181252172
79168475043
79102279136
79213806430
79969468743
79855870224
79256490819
79270439365
79020436343
79675081147
79243113330
79229238254
79610543596
79516528175
79281033278
79058415575
79119743234
79875778797
79777077261
79032251374
79530917797
79254935901
79091331529
79093534455
79171226570
79537349151
79142600014
79626340303
79859907936
79107158548
79501321321
79168043888
79118845872
79146927193
79024950705
79041720320
79282499422
79227754020
79080053168
79191076846
79131838446
79218823023
79537320613
79150220288
79963844977
79222396947
79171552005
79242498546
79315803187
79854671685
79273262034
79201237227
79212925081
79961707974
79180563324
79539255425
79043170717
79091264393
79237754498
79170376850
79268612177
79214262425
79000839800
79891950959
79206209679
79292151150
79019862556
79031575522
79045566472
79874092748
79649881882
79069917648
79622210584
79050080292
79640369559
79649711123
79306747797
79872374198
79824625567
79021028478
79027371488
79135694943
79048445959
79262490324
79858538277
79047785122
79523791777
79118136200
79139523731
79523912557
79220944662
79196556207
79255423104
79213302343
79090743037
79991001168
79263476089
79043961749
79148712548
79782566138
79834654596
79261119646
79525613525
79780343461
79524385220
79524374433
79132873997
79119261910
79375345100
79034066517
79180067775
79020757309
79234806959
79165117875
79040353020
79821216488
79094974553
79877536546
79135301036
79189032883
79922354980
79175603696
79514296587
79031297740
79185064271
79250102366
79518003131
79996241130
79299155554
79080331266
79275304990
79266653375
79056152387
79655089255
79038194303
79508786587
79021738444
79872916485
79003009597
79859757534
79119123021
79233217073
79507704349
79057019773
79684486901
79062282525
79141908811
79035011150
79519135150
79143686924
79232469117
79507373664
79877015327
79151711958
79659013870
79655085237
79376112540
79622846321
79028410256
79023508531
79603950785
79829339848
79037161739
79154338944
79194054090
79601069911
79853660996
79269007995
79177653055
79281776269
79267133043
79200779050
79167074963
79501077070
79099338036
79246333898
79228980475
79012746265
79273025644
79922903679
79628494145
79505130580
79002515909
79163448876
79039752469
79130305421
79299990655