79104587504
79255570000
79166598514:@MikhailTimonin
79037507128
79969100607:@Zafarbek19
79969720505
79151939618
79037922159
79653405842
79031506050
79036661450:@Irina_Makanova
79265555505
79859709029
79263171729
79104451655
79689017920:@Tesgrupp
79876780408
79015858277:@N35511
79660047356
79265812373:@Silkovdenis
79653443452
79264024865
79168618955
79036100990
79771390549:@Ibragim93
79160638686
79636960101
79168070343
79261654899
79163191133
79299403738:@veritaka
79261184768
79259253995:@expert_kanal
79256425669
79104236774
79015042322:@Gir_S
79067240001
79852386089
79104800562
79261234777
79036359048
79647795004:@Tanenoka
79835295156
79254046698
79260163716
79067755326
79119902745:@pgsofia
79858042725
79057195666
79175653262
79883429106
79254799015:@kryukov08
79263737669:@Alekseyich
79165958289
79164877373
79260731900:@DAR_SKS
79996773130
79165335412:@igor13067
79172529552
79152605951
79165434485
79687338877
79060497727
79032201517
79852497958
79263366171
79031095493
79165476704:@gusevaig
79252873973
79661210758
79114591422
79175484872
79261688943
79619202005:@kyzvilch
79264681505
79296631080
79168153934
79150570353
79997678427
79260931826
79165496090
79104415444:@MKarinaN
79778006038
79266549962
79167266098
79262854794
79162403030
79057305462
79031603288
79859229155
79255898239
79169706408
79263252109
79166788475
79161455068
79252623725:@OknaRegionov
79252004331
79175113474
79855003333
79153539999
79177074215
79037247416
79257160800
79255077730
79637778555
79152889404
79251002609
79997988334
79684757755:@Gazsantekhmontazh
79168228733
79775990016
79166217780
79687899292
79060720797:@AliceFoxt
79858734007
79035202991
79260420000:@KonkordSB
79031147723
79263693805
79852479944
79261763205:@notek_ooo
79854112545
79646495367:@AVE6902
79853447766
79032869481
79257902746:@mari_rozd
79265900083
79167799177
79067323929
79162006094:@Klementyeva_Yuliya
79161200078
79055273138
79255420125
79035490490
79153313244:@skripEYE
79261070703
79652923179:@pavelvitega
79295708252
79151384160
79104028725
79267652045
79037128133
79262866635:@YasakovSerge
79220788222
79856449757
79169739651
79262812951
79031308502
79637102177:@ppppkml_lum
79164067880
79265552479
79263283598
79998349091
79253775752
79776303707
79265571927
79621631707
79269064679
79165383085
79150407057
79252775207
79773623139:@che_guevara_lynch
79261870425:@jahska
79266683892
79637729824
79169899344
79166180232
79265775676:@VadimMarKan
79170883313
79687965700
79168161238
79264216623
79857610297
79163598026
79778880123:@inita_groups
79030107887
79266311608
79262655363
79268142239
79267371917
79918730298
79032404330:@Kaimann77
79265611490
79035083239
79154640077
79264950000:@cybrid_irq
79857680319
79629555333
79265770200
79295753313
79261961178:@AlexNavkin
79103152278
79636975990
79032301200:@podolskieokna2
79852390999
79854182271
79067200768
79893006010
79629487484:@Polex03
79854108121:@eurstroy
79161261203:@Sova_invesrment
79161076750
79166286627
79645007111
79857638872
79254534486
79263529752
79055700444
79166159905:@Lrina_Kosykh
79268502577:@Vaska_K
79652097037
79639629393:@viktor_oz
79253912028:@Miixa13
79212868232
79109854343
79276860511
79254110690
79026323811
79852273777
79267330094
79262134762
79257026102
79150811848
79267747015
79255438451:@Musaliev
79854127103:@poisk8888
79067330244
79645557700
79037677334
79265845556
79104932867:@hfarhod69gmailcom
79637825456
79264206446
79165281610
79652317233:@ZStratilat
79857398512
79038365099
79269110481
79261818899:@Fr_Galina
79254628292
79858856329
79777086823:@StroyCashu
79154853053
79261770222:@Elpotolok
79166957923
79263879642
79255009559
79104582782
79637111325
79262575159
79778987118:@KovalevvAndrey
79254970101
79057294477
79859720111
79087110000
79663370230
79163976726:@Tsarev80
79651828797
79067161505
79629628818
79853692812
79015581141
79161855155
79647797154
79254439129:@paulrevival
79265325018
79161985441
79263907505
79859969962:@natural_stones_mh
79510010100
79169141851
79854192191:@AA199109
79660740507
79151734905
79175607344
79257419200
79164733786:@Tatiana_vdohnovenie
79163769135
79162725555
79253831466
79167473313:@Vladimir050585
79265958116
79851908087
79104373669
79652001717
79160214838:@x_men_50
79269054301
79999999999
79653798919
79104246241
79265733434
79283366688:@Dmitrii_MSK
79857238667
79996365653
79785708161
79269133103
79295213126
79265993540
79263916292
79262563415
79099694999
79038254811:@korobeykin_roman
79150479787
79262193973
79263332286
79166548612
79261532722
79852113830:@aserg1
79654333419:@kolomnasts
79036627080:@Katik_20
79859131313:@Sergey_G_01
79150038495
79166006268
79859231332:@profstroygroup
79164026872
79099015509
79015421202
79851835729
79166111480:@loktis
79153033399:@Arturkirakos
79683639311:@Spartek83
79262485741:@Alexey_Kelevra
79150959375
79164092433:@Radugawhite
79167377910
79257710281
79035571192
79035039716
79262573744
79259255500:@GrillHauz
79055487744
79253530029
79166427337
79152645656
79268005282
79269028111:@Viktoria4595
79260984802
79261348135:@powerful_shark
79037598210
79057983030
79096884436
79030070788
79038110101
79296234027
79163859088:@Igorexa578
79161561090
79250852376
79853511000:@kov_alek
79802512868
79660216999
79858376655
79263123070
79255108744
79055270795
79253970070
79258250852:@valeo1983
79672598939
79261741080
79265914457
79262792475
79067027404
79266310110
79653380704
79057487872
79163330390
79167688021
79253179595
79853350554
79651517740
79025161180
79651823203
79035243886
79055467015:@Bossagroup
79160796570:@SergeyFistik
79168352926:@Artur_Msc_Sergeyauto
79852337553
79629001090
79857653550
79269977473
79165554545:@Razhik1987
79265252535
79163884789
79268365382
79166816896
79264092297
79035263652
79099098469
79168032911
79257968488:@Lisitsa_Vitalii
79255556262
79255073234:@Oknamarka
79688805544
79689169406
79104229060
79039630974
79261273997:@Denis_Vladimirovich_Mishchenko
79099115693
79268511777
79151203632
79160206969
79032258811
79262799928
79637121572
79951155457:@madeira555
79260053270
79851894848
79055411103
79652525740
79270185315
79652995842
79260649930
79688999919:@MAndreevich
79296492014
79265916151
79153820004:@RinatGiniatulin
79166569953
79104234879
79057092348
79999068119:@gas_garant
79106206658
79267191901
79258434888
79151251502
79165965723
77714086547
79254904790
79265022080
79152655548:@portemet
79032185998
79639638767:@Velmax2020
79057211046
79263736675
79269325999:@Kirill_73
79160519797
79153271118:@glavstroyhouse
79037207695
79197717778
79258897950
79067094736
79174001339
79161171607
79166389449:@buyanovsoulu
79250255568
79853656233
79852615900
79175543806
79299337422:@vodom_nv
79303092627:@Signus7
79165212325
79067036933
79175610933
79039669904
79269303020:@nastyamay12
79015125464
79055450445
79162847701:@Irina_13014
79037541973
79031943827
79104152613
79959239045
79255185537
79258627847
79099815655
79161827926
79199680265
79036143087
79037770415
79032780072
79999668443
79031394024
79057657955
79295605979
79268766805
79135342247:@nekras92
79067411981
79269947307
79035871893
79103122610
79150019695
79253029806
79261546087
79099559642
79199666930
79175543209
79037770760
79160993935
79260690778
79299084900
79168738680
79032852047
79258450613:@DenisLarin7
79637850310
79258580088:@oleg_akishin
79266124888
79264371922:@AlexeyVolgin
79299114250
79262776511
79164312171
79104049208
79853544242:@a3544242
79035081368:@Nikolai2205
79057327073
79057606090
79015915261:@sk_olimp_khimki
79031715435:@irinafrank1
79686027063
79060856861
79260178995:@Shvachkomax
79857345066
79260000000
79165444264:@baglikov_i
79685084146
79832500563
79091696017
79262313364
79859709757
79031188787
79057063327:@Yrui8808
79250949668
79296117219
79035707498
79296603808
79258457866
79032458343
79859913484
79637645955
79253770566
79163196366
79032727137:@safevideo
79036283866
79121752842
79032427995
79055786858
79169543640
79057502487
79057095787
79096431310
79857658522
79773643252
79039663252
79778139928
79256263960:@soleg81
79260442406
79266927782
79031418592
79268973867
79778733747
79299992533
79154274781
79267102403
79265641250:@Alexkozhem
79647022872:@YURIY_artrefit
79169459805
79037562666
79265224660
79856434366
79999903677
79167877070
79262034856
79175545355:@ovsyannikovss
79266182466
79166262319:@kulimar
79154155220
79164910081
79801200840:@ClimateProfi
79801884558:@Spot_studio
79057910100
79166445326
79267820123:@Tservis_pro
79053916750
79166952790
79637110361
79169914969
79153558558:@Viktor_Kiselevich
79166233134
79104449857
79152379894
79067087675:@olmo777
79099401266
79164388814
79058149672
79166915172:@stastar1
79035855019
79057441424:@FormulaSP
79099067522
79268090099
79776920530
79030094305
79365222000:@drova_vologda
79055090897
79265952472
79037361415
79253336930
79037908674
79651987887
79254078038
79161506000
79852165454
79257170696
79852050503
79235247890:@tony_pepperrrroni
79106441777
79629355999
79168215984:@anna00611
79169067504:@kakaiarasniza
79261530930:@EduardKhabirov
79035744480:@lidabelova
79651402736
79296663456
79686245624:@energo_connect
79296226022
79370811417
79857731060:@Odi_sant
79120202022
79853331914
79166920451
79637716504
79151848570:@heroinekow
79169017000
79150779943:@Ssshatov
79859396768:@iMax78
79267630755
79037413594
79166790370
79264033225:@antena83
79152708378
79296481590
79151917852
79647812386
79111503370
79651826993
79150655545:@shillerevgeniy
79857689923
79162229091:@Dollsville
79167534102
79037929567
79260416541
79032160650
79640424600:@Protein_09
79169095987
79057425066
79262341650:@ivan1769
79037964669
79265541052
79262852416
79851590272:@QUAttROAD
79267457075
79263000977
79265964898
79159132090
79035647175
79645214408:@kleymenov_andrey
79161174030
79166386745:@VitalisioS
79039752227
79166072807
79263140778
79153227748
79169572227
79773020207
79174952970
79167541616:@NKB1210
79851620605
79646441046
79104831259
79267608465
79167786137
79276236311
79166599962
79857686076
79261912265
79269590267
79855337111
79168197543
79856448454
79264732273
79265448116
79854314431:@Taganay074
79065072277
79099935800
79258010801
79857785393
79162449303:@iren_conn
79260300001
79269058575
79032167273
79104745236
79775017008
79264981504
79196562339
79255093046:@ecokrov
79150512319
79262170540
79856448504:@skollisecretary
79257850757
79301131313:@Saykhan_95
79852319077
79688158008:@yutniisochi
79250671914
79139258462
79651335999
79257402946
79263194466
79652137557:@Volodka_nach
79260335861:@BIGteaM_msk
79296548262
79164479167:@projekt_video
79255050066
79168760722
79268955963
79032222276
79163017733:@Sprinki_i
79037484141:@Karesh_707
79104331241:@Irina032022
79057330898
79099699797:@Allberton
79055287535
79251752119:@katan2018
79680505056
79153774679
79258387837:@Ed_jukli
79031558184
79261252852
79161243979:@Tori701
79852104893
79013579906
79169784261
79254655000:@gskcompany
79169064969
79055602750
79160619709:@Esk1978
79252816699:@domstroimsu
79055939765
79275900884
79035582102
79154121186
79258864696:@oknaroniram
79165018849
79857295583:@MaxPetrov1502
79035636080:@svetlana_bohanova87
79254267458
79167985881:@Lav3ys
79081540780
79857970970:@paintera_ru
79035732081
79261002686
79167240074
79778950977
79035339946
79774413922
79167833083
79151111199:@mary_giba
79852310923:@nadzorpro
79253050399
79251817155
79778782787
79851167320
79360006800
79032189587:@Serj1k
79263631503
79262718684
79651396165
79266696248
79104526142
79037901088
79165417507
79774727772
79645102060
79852335470
79039664191
79104041106
79261340794
79296712344:@Vladvolkovi
79035540414:@svpoletaev
79032781877
79152065128
79636785437
79160716288:@Platonovih777
79250923565
79660707007
79164597887
79037852274
79166841583
79154080522
79267234999
79067767757
79032181540
79152282701
79153936367
79259242606:@SipPaneli
79032102281
79160152925
79262134719
79039634796
79165366367
79645512520:@kld_stroy
79195280227:@ees_96
79850716685
79166011464
79296279182:@Irinastegalina
79099299099
79636396481
79038248354
79200050603
79017910477
79262551979:@maria_liber_tango
79252003031
79265926557
79266544129
79296838302:@roki2603
79269580712:@P_Nate
79035499328
79645990070
79263488498
79165007702
79852275396:@sidorov_expert
79689568848
79637548278:@Ildarkhaydarov
79672941531
79268181906
79168332333
79267897474
79057271007
79166611601
79036698669
79261293230
79161272665
79030035333
79057450284
79670930041
79267570848
79999770358
79670321214
79645369400:@www290876
79603862021
79031079595
79263248021:@Umarisha1
79264960366
79858031090
79658002000:@art_exclusion
79147723865
79663501010:@svet1949
79999168689:@Okraska_Sten
79015309549
79684988880
79851609454
79261984182
79851056056
79670219916
79660998180
79017865617
79106429500
79160101514:@FrolAlex
79852658180
79800898008
79262444445
79663270507
79032421277
79030183680
79857602402
79268340213
79037432944
79055109523
79035960155
79163309938
79686070826:@D1vnyy7
79265961519:@kevazhenin
79033670500:@Stef_nik
79671707423
79686485996
79258288281:@sergey121308
79261017474:@OlegSlastin
79160444545
79160214106:@pmedvedskii
79299114050:@arscar
79169575683
79055099666
79264649750
79647265942
79067889846
79165183829:@BrusovaNatalya
79266895818
79104958893
79104066715
79267775119
79265219402
79152703881:@its_Natashka
79036869378
79653203240
79683639270
79150140163:@DenisDealStroy
79779500900
79263638203
79267140077
79165462854:@lemark07
79645529999:@OV1705
79652991804
79181522742
79039642798
79252232629:@megapolisclimat
79654355520:@DaryaConstruction
79057963822
79160641717:@Yadobroslav
79687594483
79150050770
79261884172
79857732008
79637821473
79055223817:@NiTR085
79161461752
79258581209:@LenysikN
79037255001
79259241883
79266134639
79055760344
79165021103
79268166080:@Dim_Dimich84
79268268266
79261772564
79165976942
79037222188
79629644562
79055377868
79687067773
79166248565
79038054050
79261802288
79660084042
79855880007:@Pointer_87
79036140133
79037007368
79172844944
79852228832
79259255770
79779085537
79060519404:@KiraRuby
79267905278
79636990224:@gongogongo87
79165863842:@yuriybobrishev
79260462957
79031236522
79153160718
79299849064:@AUB2810
79651992626
79645007060
79257072728:@DenisIvanoff
79857668328
79165104520
79851985596
79266574537
79166033708
79859239342
79268979838
79670977970
79150184200:@levalstep
79645922457:@remont_podogovoru
79264309799
79261476192
79160720706
79259006526:@Evgeni009
79166323529
79099707733:@Kamenskiy_76
79998979812
79036621521
79299165760
79266211152:@Maria_Manujlova
79375610440
79265862736
79037970646
79168526658
79164935583
79057455579:@Chuvilova
79689680876
79269134955:@Lisina_fresky_fotooboy
79917870767
79853482740:@msingatullin
79096721117
79255045466
79262264658
79104186568
79269129911
79257406215
79998417320
79039615131
79850671914
79031529222:@illarionova_design
79955010390:@ppavelpp
79032149010
79055379671:@andreybusurin
79047708999
79150341090
79629101859
79161885693
79167957726:@Kar_AMR
79032174376:@Khodakov_Denis
79621706189
79267839710
79055363521
79262060517
79629182412:@f8wdaa
79636256885
79151877353
79160248903
79687922300:@Armada1001
79166049792
79663048416
79166182148
79266601607
79687475533:@AnastasiyaGanina
79661951076
79265343578:@SFedorov71
79854391548
79586470000
79269099074:@krasnova_elena_nikolaevna
79676623954
79099990027
79055505599
79055235472:@int1111457
79859938507:@pvv_live
79779193400
79262773734
79670321583
79920212022:@LalianaS
79651231918
79031309855
79197776577
79258619320
79162670386
79267073424
79096560036
79169329712
79055511831:@Kirabuh
79853602441:@BorZh
79969791324
79267337711:@viktornavoev
79043698530
79104379744
79852333535
79295740054
79264737758
79771391857
79163596750
79135977354:@scriptogenerator
79039608848
79032448248
79262948217:@evgeny_apachev
79629368432
79691119777:@Tero_07
79154767667
79263047503
79037207856
79135300320
79161800042:@Vadim_Grachev
79260445734
79647830868
79260577341
79166003721
79647791894
79164684949
79164234075
79161512553
79154887425
79163353486
79264248499
79166973677
79065417666
79258006424
79267022112:@SARMATWATER
79645326873
79652938070
79853635511
79856040428:@onedoors
79264512679:@megawatt27
79261347989
79164829210
79039741741
79104420922
79257877948
79104145288
79255079509:@Zelenfroynd
79032259787
79168612846:@papastiflers
79015031689
79629561000
79166855894
79265711219
79161368771
79099457976
79261351510
79295638945:@Persinis
79057134649
79262706614:@urf_Ruslan
79169719695
79687088870:@MMikhailovich
79037943682
79151101082
79929999399
79160070514
79151649834
79057807891
79162994362
79151245626:@AlumRemontnik
79687329091
79057773879
79163618434
79687081819
79191057802:@Alexotes
79690490677
79163599939:@Kackag
79162186349
79859708972:@buka_buka_buka
79852292592
79852228585
79197702888:@zitzpa
79266861186:@Denis_Papenko
79266666742:@NZT48Vlad
79164995544
79264355152:@smmguru108
79268195108
79166421450
79037926873
79160951072
79266935298
79261220206
79265611903
79232899933:@ant700
79647189610
79252335032
79857679059
79152042000
79266000611
79269041762
79776904144
79250057864:@OksanaBoush
79261864530:@Dmitriys3
79060384828:@Vyacheslav201
79152996844:@dvk0302
79151300001
79253370035
79169377257:@nina_tolstykh
79998176785
79636959729
79055612606
79260328311
79031511180
79261654002
79687444142
79262877111
79161277979
79296919027:@Saratovtseva_nata
79161229308
79260217666
79032263300
79250435363
79852991651
79166930544
79299427426:@Wild_West_Lines
79265544546
79266808435
79166187533
79262817536
79670627570
79854104031
79057733888
79260303369
79037901749
79150309856:@OLEGOVIHZ
79263523588
79265525595:@ClimateforLife
79055598054
79163488545
79223711430:@malina_soap59
79257070838
79151715168
79857688092
79036126950
79010427420
79121771995
79582477840
79199709001
79037971614
79859904799
79262643077
79165301418
79190891797:@lew020
79067946294
79268247847
79257712735
79851445558:@nuk_nu
79255554255
79857639323
79856221931
79035826882
79161653200
79035462042:@DimEremin
79035560747
79253201969
79031486502
79037653224
79268353303
79689103919
79265847515:@Dmitry68
79263310665
79166007583:@george2547
79222509079
79776721535:@RDBlade2
79163708272
79037180696
79858318288
79055089073
79778496344:@AVbard
79254414085
79261525528
79031614154
79269505055
79164213906:@Anber16
79261385604
79055049015:@Ivan_Khudovich
79262383595
79104111850
79855283595
79031445386
79253838013:@annkunzhutova
79151163536:@Remontctroi
79653670777:@Tsvetokk
79055073232:@Pashu36
79057255016
79155489828
79637102836
79647717832:@Armen7755
79032970200:@Kalashnikov_Inro
79685493733
79265987418
79104131569:@chinGiZkhAN80
79037960478
79853604545:@gormanik
79258588875
79683587173
79269904090
79169007007
79154428880:@Unitystroy
79037428037
79167225291
79031428842
79104659659
79039691622
79296699642
79663117733:@olegmelkher
79152107979
79263459373
79151472128:@dolcevita_marina
79265280212
79104316755
79253347690
79250973533
79262568410:@Ilinkova_Irina
79153886373
79261532984
79067225783:@lakota777
79654046258
79687137187
79104144111
79268893626:@irinanik111
79663800220:@ska_energo
79269075052
79164688288
79772676642:@YuraShulzenko
79258839918:@proman69
79683853111
79671957575
79255182490
79261003863
79197661022:@valofey
79091313534
79258574659
79037234415:@Danaltim
79104731284
79035822105
79153692909
79208211111:@Dmitry_Velichkin_111
79150008580:@gbo2535
79647993364:@Golubev_group
79265976010
79252967937
79167927208
79265727378
79269949907
79161159135
79690500006:@Splitklin
79167997145
79263497236:@ram9237
79268640298
79264808032
79254771864
79168084191:@Panterr808
79162931035
79526792900:@sgibneva_yana
79957879508
79262309964
79055397798
79163079159
79264957759
79096827358
79031675448
79037203186:@EminXaqan
79265771700
79999866940
79052403440
79671921567
79299303254
79150718992
79036878102
79152722277:@Wold_winner
79164247720:@NataliAronet
79015384272
79267262007
79152459928
79854101328:@OlenkaAg
79031246355
79055516191
79160187833
79620286015
79261384507
79776189366
79104649489:@Natalia_karasiova
79636334333:@ViktoryaK
79253415851
79688555553
79037926551:@Sergey_aliev80
79265775517
79057981030
79856887884
79162934466:@asiyan88
79161604807
79637117911
79099063957
79263952211:@AntonKurd
79254919212
79299172931
79037289454:@RemBeri
79268185205
79167802768
79037291749
79265225958
79199690000
79030487881
79647044237:@ZAlexeyZ
79175396392
79253725021
79652847460:@Elena_Isakova
79150003432
79651188882
79683888598
79255176647
79267506662:@Ekaterina_APG
79015172487
79099979725
79252401302
79165984347
79859984336
79686833936:@Vrezkazamka
79775293708
79252312676
79261586666
79166137194
79262660456
79269009558:@DDremluga
79169297219
79104549814
79646451191
79999641249
79169777799
79104636536
79652342822:@Perfilyeff
79168888966:@kir_san77
79035188305
79160768347
79172118401
79264781096
79257824188:@Ira_kos
79778117970
79262241785
79055050543:@ZabavaG
79161865229
79036291903
79856302581
79152447044
79260251818
79950000500
79267088887:@ReformaRemonta
79169999984
79031229384
79163037256
79774170770
79262505446
79055114548
79161466191
79166775083
79265904476
79267270606
79852731113:@vitalik092xa
79265744886:@Prado024
79263282640
79255064987
79856434711
79255185796
79999185168
79857742287
79265902014
79660997141:@AlexeyRedkin
79670672755
79152415844:@Elen196
79019019248:@mrhaus_1
79037297097
79263135941
79623638080
79067040090:@Maxsim_220978
79263956184
79161283150:@igorveklenko
79852742181
79854260709
79166257655
79099992085:@aleks_mska
79265331603
79854144454
79152138133
79520004000:@Ylchiik
79037176047
79122455004
79266675747
79605653494
79629861121:@julja_belyaeva
79152898986
79152710233:@Healing_Water
79268126002
79263734777
79166963001
79265754381
79253330554:@registral
79120170329
79262702705
79779819084:@SergeyMuza
79055262544
79263998943
79153874040
79636588141:@Alexey_1975g
79264243735
79252912131:@UMisha88
79990964931
79154105440
79250372408
79265190951
79265373998:@shinkarev_dmitriy
79112934016
79265878241:@bogomol_mihail
79220210526:@bloodykorin
79104650278
79100080028
79269509101
79152054501
79265721614
79858503334:@mvgroup16
79162403448
79671125151:@SergeiSergeevich1
79055049224:@PaskoSergeyA
79250034335
79265509617:@Shteblet
79035821999
79166740282
79260963767:@WewdAs
79261332088
79250091302
79250004400:@JonnyKas1991
79261873388
79055395062:@nastyamk2007
79296662149
79853860504:@Samoylov_Roman_69
79057557944
79150336186
79257807333
79039664137
79267256171
79299754233
79610014002:@Dm_Luchinovich
79165623004
79032406990
79772795543:@uvarova2612
79645896246
79999773736:@USmorty
79308171898:@menedger_fenix
79261332000:@aleksandr_aleksandrovich0
79032408990
79295163544:@Lenochka717
79152609812
79264033730
79037961193
79788240447
79060903084
79299303266
79777042202
79289014079:@DineevaNataly
79167372939
79266052869
79266886866:@rgomde
79963301564
79104150439
79032605566
79296229045
79267867795
79163125731
79859989641:@Zabor_d
79260102282
79269031036
79264002830
79067246069:@Ntshhh
79260603927:@Zaz11011989
79032435363
79637827865
79169508919
79818813707:@GANOMl
79295433989
79660992541
79629428715
79037150370
79263009858
79179174545:@koronasnab
79672549522
79165265531
79777686873:@Gnostici
79276857419:@ahh_nastya
79161536726:@gagik740513
79175052285:@MurlinVK
79250806559
79670021111
79147053590
79261220166
79997140676:@Leshevmct
79039609341:@Mos_elektrika
79258237313:@Dmitry_Makeev
79035891148
79056969011
79255071097:@Zvonarev56
79099817173
79160645463:@rfcats
79154254825
79035330707:@nikxolod
79265674901:@Roy_Jones_Jun
79263250018
79646406020:@Alexey_10320
79992087150:@trnvmkhl
79099291616
79015782866
79151975970
79852172888:@Pitri777
79168802255
79262640580
79637723137:@Kosmosss666
79168406558
79670223227:@SG4563
79267238329
79166013808
79031471772
79154002111
79266002184
79857104570
79168220004:@Veniamin256
79853561491
79164756669
79152498193:@illuwatar
79057249236
79161720305:@Dmitry_1387
79265365589:@OlgaBelaz
79169990604
79626249436
79161980865:@Nat_Shikunova_77
79263638028:@beregvoda
79250098481
79645535544:@remstroyy
79060444700
79265528032:@AntonKamin
79773056564:@Angelash111
79163595887
79166013050:@climat_kontrol
79036227623
79854908888
79067991075
79636666088:@Rttr777
79165507608
79165230727
79151573396
79255500800:@Aleksandr_Yarandaikin
79169999585
79262665556
79250711391
79153922908
79263876635
79853321698
79153402345
79660556565:@artur123454
79993618705:@yulazma
79265466907
79165571452
79262308045:@emalekss
79056930469
79032017918:@fobuc
79163950756
79255655769
79661458800
79067614232:@Metalikov_all_design
79167280096
79035095332
79166010483
79161257271
79037208174
79175903300
79152600022:@barsent
79261234243
79057660859
79204439209
79165607428
79773924183:@antigazz
79268622223
79209030008
79162993345:@Alexander_300570
79037306570
79265949817
79911089977
79859781710:@Alekseyivanovich001
79853090001
79031811561
79262229906
79504083333
79161743366
79108319003
79258960626
79620474820
79969771513
79153770770
79067761841
79636815976
79036122086
79672949579
79852403450
79859225679
79055479709
79031714496
79258945415:@OVOLobnya
79162279900
79269580067
79152797971
79261376375
79163444777
79163747395
79035297791
79253736923:@the_gorlab55
79263451685:@Dmitry_Kutcher
79776320540
79199991888
79151672357
79263381380
79175125250
79031729940
79151187251
79162055044
79032376750:@tany198080
79256287550
79265668855
79250000032
79031361985
79268406768
79268287578
79139795276
79169827410:@AG_Gera
79067898887
79268680333
79198206337
79162522849:@viaIriska
79154076077:@ElenkaEgorievskMFC
79031164585
79260718061:@Barabashkarulit
79167422764
79037585081:@SergGrigo
79255895097
79108543455
79168399733
79295873382
79809803193:@Nova_Comp
79036615544
79252230079
79252027100
79250233217
79263642907
79163325680
79643955797:@OpanovichOksana
79680382059
79269994400:@AntcupovAlexandr
79099067085:@NAVladislav
79651210299
79167166938:@daniel_2022m
79057029756
79268303365:@Maria_daria
79999285919
79060967464:@Subzero14012
79258595495
79688356386
79263744174
79639630164
79175301983:@Jackson_e_a
79859986536
79150131241:@Elena_27_11
79268287657
79654045319
79167999945:@lapapel
79262682615
79697772564
79859988487
79037393969
79680718455
79266650122
79250856184
79663661444:@Mywer
79267321206
79055556853
79096992272
79251600067:@kpora
79154595805
79851479171
79265294538
79637503741:@edifan
79168798153
79153172639
79166748285
79857366976
79661222332
79685240117
79160103353
79267110215:@vsevidnorf
79852629889
79265497558
79852360852
79853326733:@YanaVoshch
79259002000:@serebrennikova_va
79670380284
79031496290:@zachita08
79688980042:@ilya_akv
79265836989
79258734023:@OOO_RuDat
79639732893
79854430900
79652589316:@Galina_Gulevich
79623995272:@NadezhdaVah
79854607114:@Aleksandr_prishchepenko
79168777649
79219498814
79104330816
79647989315:@dva_67
79263734651
79162232496
79153175566
79163262536
79258147211
79166386042
79253362335:@okna_24_7
79296990026
79269637577
79150071528
79175320404
79150413041:@KarenKasparovMSK
79853098906
79639656777
79150092849
79859696907
79267147780:@Sveta_SvetaSveta
79857743838:@kultura_ostekleniya_okna
79852777949
79162222986
79636656559
79037288406
79067429189:@denkuss
79998452669
79296512543
79036211231
79289061451
79636524565
79264018118
79852846852
79295565177:@feski4
79261351649
79251537553
79153448824
79096949000
79257273257:@TWIN_31
79036640676
79166306416
79853138034:@ProshinaAnna8034
79166078008:@Elenik5
79260086988
79175953841
79258873280
79164921219
79164669900
79671178818
79882101708:@strat11
79775998135
79260703615:@Memfestors
79263010149:@SunSchoolKotovo
79166856620
79853465500:@GRaFHomeRealty
79057967283
79153705690
79856432707
79263002130
79687282424:@StroCast
79104600201
79163185417
79772702433
79150852802
79776097471
79165166126
79169590000
79256831175
79104215209:@kuharka20pp
79255718010
79254280417
79197735240
79055933366
79261806805:@itp_servis
79035443089
79104706498
79257363446:@igor_rumiancev
79670788728
79257446410
79260836555
79853311803
79266508391
79263622222
79680761335
79262395451:@Liberty70
79645101541
79851910816:@vogolu
79150104940:@Anton_Safargaleev
79269071295
79851000553
79039831248
79109144181
79032833662
79162162238
79263630550
79264633900
79175342293
79260175874
79060757507:@ElinaM69
79150426903
79285232222:@elsam05
79636235550
79067541112
79671618850:@N1618850
79166306474
79266943328
79220590008:@Phacochoerusrus
79096557273
79637863240
79166290516
79991119591:@Edem_skii
79030137832
79263150869
79162626994
79260525078
79269008711
79167409499
79035539902
79610131035
79263492227
79253332020:@Bondhistory
79775895299:@Leonklimat
79104073703:@swetmalik
79774415131
79647116688
79256102979
79060091055
79067248286
79251606007
79852071111
79266561212:@Alex85XY
79636736318:@ArsCh12
79154639996
79252993313:@Yurahek
79261655084
79035010151:@zksobitye
79162636052
79311000708:@pokahontas859
79254026956
79261595467
79175950802
79955002322
79162236471
79260823171:@Nik_oleg13
79250854805
79183165212:@Merryfish
79057325425
79167774412
79684422770
79997735002:@alcotel002
79999796871:@SuperSerjik42
79996745168
79255327733
79857650303
79166274996
79036640664
79851284856
79263039877
79654405888:@Alexander_Gordienko
79031351255:@LAgeneralova
79777083242:@Kiraaa3
79265353805
79295163062
79169308811
79260011977
79525566788:@Potolok36
79104233879
79257652196:@nf_bizbi
79166767986:@VladJet
79162025284
79163323713:@iamelectricru
79160247626:@Mamikkkon
79264042030
79031675702
79032956368
79250949898:@natalie_idrisova
79636778626
79165125183
79068001155:@DimGusv
79164086692
79168814158
79854102193
79779166882:@armandauto10
79857675966
79296266750:@Segei_Vladimirovi_4
79032566565:@Ostap_Bender1979
79266245691
79267021565
79268418812
79295003357
79261815088
79651555775
79857624078
79858880325:@Baronov7
79852200651
79035346141:@BulldogBar
79645007507:@AlbinaSurgucheva
79645924140
79035811147
79651300537
79269158019
79407133388:@annavladikalygina
79154247883
79258441840
79646412912
79776192340
79031686992
79265900082:@Dekab1309
79035549900
79165635454:@tsarkov_r
79263187060
79031071737:@potolki_prestige_tm
79037996873
79258083484:@niginaaaaaaaaaaaaaa
79680778833
79037954255
79774076086
79060359573
79031337708
79267300499:@Vik955
79388000102
79162655765:@Pavel383
79651151000
79167735307:@Dmitriy23232323
79199955850:@Udachnuydom
79161962996
79161452439
79257140105
79857973245
79299233500
79055436366
79999239352
79261506296:@Alik2025
79207509777
79151083499
79258577995:@Stoneteks
79032509407
79263355470
79660999925
79096238357
79998116017
79653273999
79777135942:@antonsop
79151173030
79035082468
79255420698
79263228825:@graf802
79998711890
79853595471
79166339851:@Oleg_709
79162036052
79296557738
79099093118
79256278197:@Tyapyshkin
79772680805
79031139141
79263692937
79032946673
79163077344:@ViltornSh
79266671706:@Voxter78
79263829950
79153605693
79164531563
79266800422
79261013433
79035493428
79161419711
79014244220:@dronesmedia
79099047151
79898384431
79299165747
79037388204
79167512704:@Zhanna0519
79032336926
79265960010:@AEMStroi
79166315221
79057606602:@papamix
79857678439
79057741901
79260194433:@motodor66
79852274101:@kpd_stroy
79031239319
79166396570
79629673700
79165218186
79152761352
79035247246
79091670048:@mtbeton
79037533664
79151124555
79037818111
79032457227
79269111185
79261500654
79104661940
79161766207
79852535817
79289517674
79152404770
79265250000:@sveta_2326
79055052989
79160744454:@Fast1377
79645119510:@stasya_burlaka
79854104478
79250911667
79299222322
79653175377:@Konstant_STP
79086491495
79036114304:@koma_1971
79035479794
79201585944
79639656541
79267330000:@a9951369
79259872008
79269954488
79776646534:@Maksent
79252229223
79254056175:@AlexandKul
79510957731
79263202745
79163540853
79850012121:@savanesov1
79265489583
79264618460
79261406545
79057458391
79037230394
79772803761
79263500000:@Dragoon2001
79636764538
79037298900
79672033301
79788176248
79169316122:@Nataly1527
79267710052
79851296855
79104045310
79104040150:@MTY_1985
79857640080
79153676680
79035270425
79854363758:@bionsetoo
79263549923:@pmlpk
79779368020
79268204002
79258554111
79037432495
79169991775
79959191500
79263533106
79250359338
79265804706:@Voronova_Marianna
79265715434
79057674315:@Serzh727
79775360217
79057405277:@professional_CE
79160715792:@amakarov4099
79169663695:@PolinaMyasnikova
79165005911
79037937855:@Ramis88
79852755473
79263197633
79099214562
79169992058
79260309921
79037733929
79164506611
79295109949
79151677392
79670328848
79265517484
79197616309
79778780878
79261669614
79037305614:@Tanchechetka
79262688270
79150130542
79165279600
79629989694
79686405062
79104656968:@KSNmsk
79852110655
79055555906
79031478309:@u_podlesnova
79067411711:@Negadaylov
79104444416
79151890563:@SemRunner
79689680952
79166888986
79261047546:@aleks29452
79031791239
79261509840
79857843910
79252474789
79160039966
79055931663:@Artemm_d
79104235841
79162538687
79680828384:@kondidat19810
79017038850
79057038378
79296062386
79629193275
79257556530
79150080012
79253732999
79654044405
79161149755
79364440607
79064048204
79150751084
79998001698
79037375213
79299004368:@top_group7
79266086173
79296461247:@Sashazot
79035245656
79036139989
79670000745
79778322762:@sistema7840
79852202382:@Elena01011985
79031987677
79637102155
79265975715
79035790519
79266567332
79639996006
79685975970
79035876537
79158475383
79646461260
79067477083
79180405566
79152438060
79853092024
79295623464:@Nicadimus
79255488867
79269702728
79037398596:@rckcompany
79120172022:@kta_413
79055388693
79257872727
79651307758:@Kitaeva_Lena
79255502046:@MSK_RAVNOVESIE
79104268008
79636448746:@BoldashevAlexandr
79295802653
79150372998
79032505131
79933371307
79169045997
79251994442
79867241252
79162481158
79039664104
79152091296
79166161161
79265499595
79057226815
79637631996
79266640859:@maxim_krovlya
79268982225
79150870077
79099524070:@Antuanmk
79263950782:@sagama15
79103374696:@smb3232
79256296339
79255074143
79120192021
79163491159
79998288779
79260595338:@nomaxgroup
79670281188
79255905623
79166913322:@shurakov_mihail
79164453658:@LisOly
79030006779:@spik777
79169897430
79289837773
79262245219
79299793544
79672774477:@master_styazhkin
79032676600
79260249896
79057004064
79260123888
79261791030
79153602044
79255210552
79250983297
79015995120
79155010000:@VSapronov
79032804887:@Swetlana_Tihaia
79264128055
79032000503
79851112910
79104018620:@impokon
79255448855
79261403795:@GL400
79399002081:@delo_dom_David
79298445557
79637511577
79167692839
79261302525
79037253410
79853094466
79264506492
79153516788
79671000561
79160106060
79035985859
79267799814
79036195260
79250638999
79162302578:@RobertoBrauni
79037964458:@TVNTeterin
79265342418
79166020218
79773764506
79689683033
79109250707
79688847113
79096405033
79295182011:@Olka_Ulianova
79266009040:@Remgazservice
79165258891
79269069531
79037795349
79096449466
79850505263:@PavCarik
79671199819
79057124101
79269225492
79299610840
79254657159
79269060033
79771650087
79260540867
79269740919
79651781111:@romanbikbov
79670727496
79264287180
79264065560
79165035943:@salondveri
79636203217
79268877075
79262489300
79035673884
79602834967
79037606792
79169009808
79257447448:@JohangirV
79774132116
79166727260
79168526460
79254300000
79661597000
79099431077
79268109094
79258627651:@terraokna_site
79688182028
79778483959
79015139013
79057098898
79035991689:@Astra_servis
79852804965
79858154862:@Yevgeniy_Grankin
79035407477
79263017125
79099720218:@ugilyak
79100021442
79262584267:@GeorgiyRogov
79258008113
79661578808
79661777725:@aleeezzzzz
79772508250
79858444440
79637822229
79258644772
79268108718
79162520000:@etalonms
79262159415
79266147669
79055302814
79652275947:@alenochkacherry
79031507436
79037330320
79175495952
79104191977
79255918773
79637121915
79629555588
79250210875
79197759884:@SergioKSY
79857950177
79035851729
79295687021:@siberian1785
79165915982:@R790413
79166957499
79030095722
79670543910:@Andrey_179
79032618180:@PritAntonAlex
79104198910
79204678881
79267884532
79688828573:@IvanovEvgenii40
79150345979
79295918652
79104647731
79037298399:@Magleli72
79257627711
79265435284
79252049483
79629613779
79778932688
79031890417
79268190260
79774373297:@CeilingSova
79852110906
79651081250:@anlomne
79171951834
79652345588
79996609475
79055729308
79031357966
79251265116
79067828616:@KsenitovaKs
79779172870:@Levonp
79689583535
79160701890
79687930170
79853388363
79166850610
79774822044
79296262618
79295376769
79096993400
79057802099
79686528834:@EnergogarantMO
79265591798
79250023533
79266864080
79060616291
79167472177
79161512626
79037753837
79263496060
79265272697:@kozerod
79067405205
79162685950
79267771115
79175320518
79269804586:@moskitka50
79163316397
79162508436
79262587882
79854906930:@mgbumaster_Ilya
79263958014:@vvsolncev
79160289988
79032735336
79670171855
79128277474
79166837882:@Agasi_MS
79036748554:@BulanovSV
79998849594:@GeeksBand
79857848345
79995555355
79265394050
79220170014
79266121439
79266127704
79264950006
79166694535
79857608267:@RAV2307
79535000575:@Romdi4
79163174943:@Bodreeva_Marina
79031044561:@Rassa6
79161238583
79067507557
79852112327
79251776917:@garik_sherif
79807011754
79853000300
79168866228
79266906130
79099996909:@mds_dmitrov
79169579788
79255706067
79265357070
79855285847
79031198968
79639281204
79771429192:@And_iko
79062056922:@dmitriyromanzev
79857692669
79175852730
79163465511
79031740060
79161272842
79161926055
79056430844:@AGer777
79265798235
79164370751:@svetik_ah
79163490825
79778776908
79108617153
79158563676
79198883641
79775195144
79253510011
79067148383
79258440444:@chervonest
79647121958:@AntonPodanov
79151220493
79099010755:@usclim_ru
79166508737
79035922262
79166068410
79152176560
79857602702
79685441465
79264130349
79295378206
79163707516
79151003557:@danil_beglets
79855015151:@AlexSosha
79153323388
79851034343:@Al_S_Avl
79175458943
79251000602
79066064661
79859974977
79057889363
79637773047
79647678650
79773318792:@Natali230481
79250381103
79772569085
79857604283
79855650959
79031305899
79262139373
79091559610
79266231371
79032047040:@d_k_2020
79854104244
79773406673:@Julia_Kante
79037959128:@mmm_max_mmm
79857668393
79163607058
79267970744
79160275926
79663795033
79776881400
79268717858:@Mishana1986
79299890758:@ALFREMSTROY
79153780124
79263208185:@blackdeathvodka
79039766555
79252402898
79258256535
79104651619
79266625106:@Crimskiy
79096503821
79031120661
79264707061
79250101338
79671671167
79165993687
79913081771
79296055566:@sawka0o1
79654215656:@fedot000
79258558084
79251105031
79161901620
79263275807:@ZadkovS
79055948523:@mistercolor_ru
79507553443:@VladimirSemykin
79161581959
79166905958
79267845624:@markgodyna
79295447753
79175361248:@VALENTINA_Leonova_Puschino
79032300202
79299929633
79257724201:@Tverikin1970
79031160155
79262090900
79163831848
79852024779
79255176073:@tennavi
79067610640
79038317844
79266133224
79067033642
79169794846:@CHERBIVONG
79265684461
79251172767
79671281111
79263527242
79037433346
79629560206
79162129272:@shevchenkoyuri
79255229239
79099217446
79267326072
79852846247:@viktoryiahuseva
79057768191
79031932968
79636696695
79264444592
79035112244:@andreich83
79067767877
79055138621:@klimenkosv
79150218416:@BearLake_Detailing
79153020041
79850540011
79639002030
79685815331:@eurosynergy
79067732633
79160727780
79999845996
79236528545:@Olgaq1
79124626111:@taras_klimov
79162470566
79037461602
79099829826
79859215054:@svainod
79160079895
79262537375
79859286035
79851663276:@FRAMEWOOD78
79154412026
79096397788
79066243263:@nastyaper19
79852457708
79265602848
79636691233
79067243958
79636104870
79262391436
79773272826
79876543210:@Feofant
79774830131
79162171284
79017910240
79254596537:@Warmtec
79774675407
79034883082
79299039717
79263753427:@ZvezdniyLord
79057853200
79262155114
79253762681
79265478114:@jeff2608
79254039092
79035503988
79267248066
79853881188
79160210057:@yanavoda
79688866444
79109404768
79099928885
79257770052
79164654257
79252461511
79252677257:@ya_s_vami01
79851766605:@VVashukov
79253944954:@annlaptev
79169519915
79254541329
79035655215:@Uhtryd
79858900646:@igor_kuzmin_89
79036786780
79060190990:@IntegSB
79852227107
79036726865
79647774714
79268353200:@Sealine48
79251605566
79162337397:@zybrikov
79261042717
79035890003
79251647705
79774971693
79037967170:@Galkin_Yegor
79055509990:@Ilya_Ukrov_Stroy
79039768343:@mastercourt
79779966420:@Buhmagazin
79771700694:@mailrt
79262290020
79647111110
79255170745
79105268737
79153434404
79163844797
79853873945
79096978855
79670777345
79261350552
79153067996:@wizard357
79039643225:@maryana_kati
79857737184:@Ekaterina_Alex85
79054745721:@Revansh2021
79854275974
79225645951
79850465465
79670106966:@Andobad
79953019798
79037839242
79167322989
79265083949
79150082882
79261761136
79168885323
79100007773
79032507681
79687527527
79661684166
79037232102
79777962275:@Profgrup
79250988946
79852545657
79258009899
79265895235
79663606644:@olimpkarkasa
79031297660
79261412457
79269160135
79154881587:@vladimir_glushko
79265385714
79636026868
79104226020
79067977185
79991850000
79636906969
79851897763
79032004019
79663834012:@aleksgerda
79653737349:@nina_nezamenima
79037826881:@Alexandr_Poniaev
79647949203
79037225489
79167647199
79299145988
79035784408:@redshehard618
79166918702
79065268773
79536522828:@luxariy
79060559035:@DimoxaXa
79629907012
79857643629
79999788470
79161836495
79164027978
79857679058
79295064282
79647696232
79154646933:@Marina19650803
79881717089
79167870007:@spirckin
79265306020
79286622030:@butenko7623
79776702351
79652508000
79167888169
79055552197
79067751451
79660009663:@sashiksorokina
79859175560
79153968955
79055504622:@EkaterinaStich
79164353035:@dveri_litvinovo
79778046090
79654888555
79162920864:@Dol_Dimka
79660992357
79262779859
79670397407
79663550000
79067655190:@forever_smile030
79645901720
79037153597
79950994353:@smolinandrey
79161604661
79850447214
79263746500:@PerilaStas
79055572855
79031085336
79037968247
79688761440
79266116406
79152221556:@mr_bergunov
79250151515
79670098960
79263487379
79258979116:@Sergeu_S
79262918899
79850997747:@nemecvdv
79261526720
79652912170
79267778633
79651555333
79151266866:@aadmin2021
79031288846
79166739546
79250587552
79263287924
79254535515:@natalia_dzhukharidze
79162191880
79163509502:@ebmironov
79295801030
79255077454
79859674786
79255313132
79099792225
79030099898:@zimovalexei
79164123218
79261677175
79031568677
79175658809
79854784940
79266924215:@Myachina
79254734959
79031447717
79162960493
79175555857:@andreyikv
79151429040
79163832000:@DmitryEgoroff
79646309413
79057794069
79261271011
79165287239
79032801273
79772686500
79263509988:@Vlas76
79067027911
79108939939
79654270930
79060726762
79167782197
79253398853
79265917152
79261351058
79032285511:@Viktorofff
79160169945:@irina_shurakova
79104855414
79167744242
79776487574:@GK_INGINIRING
79166143243
79252800000
79152639523:@oksanash02
79852584008
79165337750
79581845465
79266916158
79025668804
79037995923
79258082266:@desanto1
79057332101
79154441818
79164532776
79610566264
79169129404
79057788053
79265651363
79163216819
79153425445
79773129774
79032220634
79035810093
79151672661
79261695260
79251260777
79265053020
79055085575
79636147140
79265288326
79857802308:@Magal_44
79265751778
79771410658
79057318751
79257456671
79852332208:@Zhak_CMK
79854565775:@khrulev_official
79645130008
79636074090:@Xenia44u
79266711454
79168792593
79680689888:@armir91
79175555228
79295753853:@krovelstroy_ru
79269014006
79253614627
79852185270:@PARMANF
79264091558:@BVNatalya
79036622112
79258396030
79130700000
79252071312:@annaOlhk
79284225243
79269945764
79269995986
79773962012
79164447300
79263250511:@marlena978
79162243952
79099991323
79255974909
79254093995:@brain_and_home
79261501917
79055055351:@www_blasting_su
79166378165
79261893823
79055277014
79036603437
79161681889
79851605527
79776335317
79670097099
79854901865
79636557771
79684043909
79160145729
79261474424
79265520943
79267083738
79104060495:@safonov_dmitriy
79176223682:@ntung1
79166086969
79169583327:@xhelen4
79262775855
79262228331:@Dmitryttt
79857697602
79261382142:@Viktorzamki
79006295777:@primexxii
79250018472
79670273821
79777600900
79252395687:@kavkazstore
79259112751:@TishinaPlus
79150503711
79268500000
79160072707
79153500202
79167131109
79102858585
79261230632
79651511055
79255172365
79636437553
79161487598
79261881512
79307299992:@DskDAstroy
79150096823
79857674208
79039680588
79859238276
79055394290
79774932487
79647886878
79257710188
79262052150
79199963615:@Martynov_Denis
79152467722
79197660724
79154490707
79260140882
79251914042
79686515495
79164160035
79261812748
79175696823:@olga040584
79035750504
79035467892:@Larez65
79175851486
79055509307
79154871531
79031887201
79037856049
79166567677:@Montaghimzashita
79265933667:@sawertyup
79263454256
79998838118
79265428167
79256200307:@m4z1a
79652235093
79261750253
79260951321
79268388682:@edo808
79152051323
79153431947
79852856226:@AlexSavelik
79261679282
79253770369:@Artem_Tyryshkin
79262054147
79267246665
79264487388
79857848701
79254927027
79093214545
79636102133
79779920963
79104905575
79169583032
79162903322
79663211144:@AlexB_v
79260573232:@rumexpert
79851865585:@CarProServiceM
79165577888
79852666815
79067069291
79688839092
79852565643:@metallgiga
79166649340
79015488555
79857666450
79255438472
79060911600
79653799826
79266091476
79585585430:@LeTrujk
79258203365
79265763901
79050621454
79258882796
79055522221
79164434044
79671829545:@lyna252
79257403479
79854441664
79260191616
79257390101:@Guno_777
79773124707
79160106890
79651340240
79165613638:@smkrada
79859988008:@VeraVinn
79175021560:@konst74
79250861138
79199634575
79166114391
79645799201
79261460391:@otopleniedomamos
79269000611
79255143320
79208989682:@about_website
79100005502
79167355344
79031323430
79653971841
79263053416:@SpecProfBur
79537328672:@rzn3484
79032333721
79165301412:@Irina_Makrushina
79852450038
79116954851:@ilyaas
79253911195:@SuvorovRuslan
79684464944:@PaulVitti
79999779021:@TerritoriaKomforta
79169442573
79099492371:@alekseikova
79295527715:@FinmarketLena
79636930910
79265250963:@SKladyaDom
79268435654:@jimmi_todetski
79201524042
79253783461
79672126330:@reggip55
79267899488
79270701095:@Viktoria270489
79263427122
79164844425
79261644117
79037440659
79265839903
79255094703
79167991834
79251795770
79296847077
79636253462
79035506274
79032280764
79163422607
79255198805
79032410554
79030198614
79168422435
79168780712
79165611490
79998441192:@mamikon001
79057115111
79161401729
79119250651
79654201956
79857312007
79037001455
79166905860
79646450402:@alex04029
79773011484:@VladimirVladimirovich88
79104649990
79269917353:@y777BB
79168020707
79162395837:@Vsevolod_Kotov
79035486501
79031343782:@IrinaSha3782
79261418283
79267398010:@GSMix
79166216614
79151248744:@RemontOkon50
79684985014
79104475335
79772629055:@aleks_sav68
79265313354
79275133888
79652596954:@XachaturPap
79035559176
79296204958
79037268085
79164839147
79686878899
79031792693
79037525973
79162103448
79295704249:@k_stanislav_a
79164464065:@RaKhavb
79883966889
79253573358
79100034646:@Aleks858585
79266974007
79175649999:@platform24
79995558181:@max5558181
79853060918
79253181619
79255771020
79266616266:@A_Geo_Che
79253744099
79990018007
79262086840
79853317327
79022313215
79261285424:@konst_kadastr
79161223016:@abuelo_100
79263140204:@AY_Gorokhov
79266174125
79036740345
79037928673
79647077009
79271977798
79264029914
79637261817
79777239747
79099492000
79067755950
79036840198
79031001004
79175217633
79154652763:@styazkaknauf
79686106647
79253001030
79037951558
79265954977
79265433882
79161492397
79269096614
79099022692:@Irina29760
79607482429:@ATK44
79165794070:@July_Bond
79168555255
79647975488
79031478984
79165742244:@d39421
79261009674
79037503499
79267571507
79154531433:@Irina_slobodenyk
79261621417
79163760612
79167272781
79036260466
79057791151
79037686938
79266295555
79670700992
79266789077:@Artempro26
79267794212:@ilyasudarev
79169096672
79654366680:@bamks
79104395548:@qokert
79163357845
79037284660
79166046086
79647709953
79175305856
79161646218
79091655519
79779554717:@NikitaLomakinburenie
79264679675
79167125026
79261726375
79647049765
79023076120:@evk72
79060874720
79268544777
79654075278
79646463232
79852118676
79260231786:@Natakish
79166379903
79265464222
79035401329
79999919591:@diamcut
79166053745:@LaristraHaus
79037532575
79030013007:@PVPankinMSK
79253914542
79037206089
79030000095
79686880550:@podolskieokna
79262695669
79852334727
79267755454
79258912095:@rutermodom
79264954357:@septikmoscow
79680364545
79254776777
79258964648
79160737369
79265681311:@idaytsh
79104588846
79038311972
79161644104:@aleks_anisimoff
79105455714
79251857443
79031414222
79859288320
79257750011:@iddqd77
79646387485
79163557300
79880594782
79067292651
79852310003
79265608674
79647973600
79260053905
79160391525
79166152712
79036677479
79169628004
79265431872
79032523627
79169111886
79255053066
79851149834
79265974093:@fraiche13
79039682435
79265440074
79161613720
79151854549:@kirillmatvey
79251993639:@Komfort_klimat
79263517512
79262492999
79688421157
79680029111
79164549179
79265312991
79151377203
79263665972
79057849198
79035782181
79031744015
79853106644:@Mike_Telep
79857603797:@Nikitos1684
79257009777
79224219445
79161561037
79104128729:@Vzick
79030120474:@imarinevich
79269774777
79161319856
79262941243
79154257947
79250007210
79263475701
79265530870:@zharptiza
79660081991
79627515939
79262055060
79265943263
79296500672
79037259337
79671332966
79250579911
79653296211
79260376555
79263407885:@SergeyA
79105004288
79261158021:@Tanusha1965
79166132901
79652883001
79160525042
79854107477
79684757087
79055516595
79268352900
79091587368
79161156372:@Alex_prnd
79855754441
79261297179
79262573851
79661938233:@eloty
79104988531
79645168456:@kyvekino
79263717327
79851309287:@RomanBaluev
79161218886
79269646414:@G_a_m_7
79031968706
79163626719:@Anton_Kornilovv
79652366131
79167882509
79032736249
79163786838
79852391134
79167386564
79858910707
79636442473
79165210248
79857682526
79166067798:@TolmachevE
79164278811
79162074060
79104025411
79808888213
79152588913
79255421799
79260927122:@korol2877
79032029577
79169148871
79853169090:@olegakagleb
79031858227
79653969081:@kupov_com
79197297804:@Pavel_Panich
79164604212
79257371377
79916241148:@InjServis
79261692550:@Natashulg
79161685992
79263215157
79167037094
79859991358
79015186131
79151227171
79260634049
79015436950
79067576496:@Johnny2012
79853504495
79166737353
79852392782:@alekseyenergo
79031865354
79057550874
79055722785
79163060544
79251482311
79663270323
79308311171
79015268838
79032478465
79250049270
79031350075:@gaz_vsk
79165939333:@komardin11
79162204001:@Vorontsova_nm
79853650283
79671563896
79032220970
79255339987
79220112022
79775010091:@lakibarru
79264405607
79647030710
79652112329
79264954006:@PavelGovor
79037008979
79257715316
79036621249
79164975885
79295684111:@Cholavin
79265636875:@cropsagro
79256562951:@PavelMedvedicin
79251650265
79261051893
79055722290
79851619595
79032412140
79265456815
79803300069
79251028894:@TrofimovSY
79199970888:@aleksei226
79614854356
79689894088
79854365692
79999881458
79671351404
79166456493
79151295970
79057038867
79299811417:@Timur_140989
79252482332
79151295190
79015279564:@Antonoknatd
79099595522
79197292525:@EkaterinaNovikovva
79266277137
79261986312:@Elektroprovodka24ru
79032005545
79857640814
79775005078:@vitaliy_kramer
79268445767:@GKZGAS
79165254799:@Sergey_1991_k
79091596781
79031169090
79161781226
79165977866
79166121821
79295715008
79031460967
79254711588
79688222510
79262033423:@Mifune13
79773997171
79197287979:@tls_la
79251318397
79031679772:@ashotjan_erkat
79610736655
79035785780
79857787110
79267185163
79153531268
79856110114
79161700796
79031658513
79030121485
79030014680
79267231300
79853164630
79031362848
79257938981
79997150625:@msk_stan
79033630607
79167155913
79262342132:@TavyTum
79154130803
79153182539
79096333343
79151592060
79055530435
79161227088
79651210909
79299550705
79660998989
79154167440
79261848506:@ulzakharova
79166727703
79261472222:@T_2601
79263237529
79104514266
79263887010:@ElenaKA2787
79169168274
79998402691
79263343434
79167749990
79032123330:@osa212klin
79233749220
79264791141:@lndiano
79859123176
79269818877
79153100395
79261768929
79265280000:@Remisam83
79030035955
79645506170
79166502544
79037404081
79250042444
79258806255
79268708877:@Sergey_3108
79166435952
79153500862
79119791517:@tech_ttest
79295781130
79039680068:@GoldenHouseKorolev
79636349911
79255024078
79265645138
79166486671
79262947977:@aleksandr_3451985
79852265440
79099377864
79265834577
79161427317
79199670329
79588030013:@AlexDoroshkevich
79037895585
79032928646
79267650007
79774937008:@Design_Interior_103d
79653004162
79037933388
79857409999
79167835549
79859158905
79857285800:@AlekseiOk
79264100206
79091507688
79150888777
79255857733
79257822800:@dobryakvilli
79267172771
79269890455
79279922224
79642622922
79167296716:@Pikin_Ivan
79295265048:@Kruzkovdenis
79192379902
79647922883
79250084020
79524587130
79037454385
79169599505
79037293114:@garrri78
79032237918
79263791314
79161502507:@khmelikvictor
79055060991:@AlexPolonik
79254220577:@TiTaNDeR
79067778866:@Marmit_07
79037820113
79257644669
79639795444
79250059400
79265250350
79252278324
79857739545
79128150004:@deputat82
79264797126
79296409794
79267858505
79999970020:@menlin0
79287185204
79152625200
79257234301
79295802034
79036141414
79161874042
79163290099:@Serygazah
79165026373
79257711403
79167565854
79057207011:@Lisbetvseti
79255147692
79037074017
79055230623
79162920221:@Akus50
79031863911
79262350283
79262579599
79859259541
79104947711
79296686978
79261149464
79163007441:@shelikhovaa
79163184941
79850010111
79150612131
79165149719:@egor1213141
79250568035
79269263233
79104542858
79852338196:@Ivan_Manenok
79257005370:@AltexGroup
79164069000
79265798814
79260728262:@regioning
79263815080
79032149031
79262647591
79169359494
79169318785
79963790000:@timetobefirst
79055009421
79265642848
79266179561
79167349763
79163320664
79612899029
79163078661
79162662258
79854578514
79104713080
79265599953:@Izabella_B
79102590220:@id3438800
79166856265
79168804696
79268119390
79104452916:@Srj_om
79269284255
79264275701
79166171807
79264117195
79165199385
79266212777
79185529040
79268777330
79032758735
79269568464
79260238916
79859916045
79265435923
79852289912
79162889988
79686204411:@yusupov_konstantin
79164652107:@Avtopilainfo
79999203122
79262559905:@xsveta1
79161210464
79777430030:@Yunusov_0030
79212946240
79296548842:@Rantos
79166810651
79175671216
79652551100
79255108134
79201220323:@FreedomMaestro
79261651845
79153869930
79035123828
79167848633
79691029999
79263343200:@exceptionleo
79852767605
79253777788:@VESELINN
79166987881
79268391178
79670718290:@yanichka777
79031389084
79859229018
79060589905
79160055405
79264922984
79269918320
79037821888
79261339889
79671398072
79852324601
79250905939
79035380687
79164107352:@dmitrii_zatianov
79295557708:@bonnitamur
79166886875
79851799257
79091626448
79267861981:@TTeelleegaamm
79263565736:@Allo4kaa
79227950676:@Ctulchu85
79254553402
79154578101
79108419314
79165809089
79037431067
79151213975
79253443537
79998119066:@IrinaaSimonova
79250360743
79036831986
79263052360
79153717575
79994593273:@ValeraLykashev
79295201119:@Cayman1994
79251316226
79162968263:@Rodnitsky
79259064007:@ramil_25
79099649507
79263471225
79778523133
79191074049
79167418461
79104833338
79067447095
79263489774
79162572069
79032669849
79252228301
79256333733
79169123449
79629981190
79261232929
79161754655
79266354242
79296061291
79033661591:@Yurii_Pribylov
79191008005:@DCE99
79639999967
79295051631
79253322826
79670406791
79859223788
79778956252:@georgich15
79168475709
79031154661
79629821979
79269308552
79036752208:@mos022020
79260507673
79269593266
79169138041:@bavaria611
79152471587
79267671870
79105002550
79032534662
79031331861
79671227917:@Airborn74
79689654217
79636007755
79253351096
79851560001
79250062733
79268555791
79645828767
79654047964
79160323946
79035289363
79099631685
79677500000
79099618927
79999787878
79260646032
79853930977
79951541446
79620525553
79257293652
79257966855:@energosplit
79228582110
79671197222:@Maksim_Antonov
79199941249:@Marina_Kulyasova
79055619901
79160156986:@Santros
79853809909
79255087471:@teplo_garant
79676050940
79269298993
79265235323:@Vitali_5235323
79951150299:@Ivvgyr
79267889660:@pogdin
79265629845
79250110165
79166036222
79360014426:@Vaduxin
79854912261
79110879737
79164655532
79031041913
79852588664
79175417666:@Zamilat
79015312441:@MosGeoBur
79858844448
79197248484
79637555188
79672829109
79024320161
79685139717
79267174712
79169863602
79167974835:@DT_AxeL
79653067474
79645009799
79035036563
79160596864
79150693899:@ogerelye
79011856115
79676675615
79854182151
79856446521:@AvantageSvet
79775153703
79670194935
79160891189
79258412521
79037282654
79175554022
79060476239:@MariaViktory
79096553768
79057459960
79252610961:@denn2567
79264583518
79251114693
79854920522
79262332536
79851593549:@Ansar_Yusipov
79647879095
79252320101:@ivanchik_vik
79127229250
79991848406
79167181026:@Fleurkutu
79175678793
79031633090
79067075675
79998003636:@ilia_efimov
79166123367
79037230085
79250819595
79264757715
79269266996:@offenbau
79032194830:@rc_consalt
79266031378:@minidom_barn
79609001800:@Halfdan_svarti
79859918129
79671460976
79257758426:@Dmitriy_Bark
79857733161
79267024496
79099010678
79773783148
79194371204
79261503340
79636859858
79035006007
79188251959
79256242774
79031783030
79035857409
79670786396
79265316361:@rashidbuk
79637670802
79853655043
79636699587:@mariakochkina
79165001555
79852119171:@Vel1601
79261768695:@Natalia_8304
79197627628
79057758050
79959160207:@baladoma
79037266194:@IKlimshin
79152953615
79031636367
79857890666
79255005455:@mosburstroy
79255172967
79266998424
79261187484
79032221072
79296521997:@Leonid_losev
79035074521:@Nikolay_Petrovi4
79696164986
79252536689
79037791808
79169360700
79037846274
79197664182
79774594864
79647833270
79164180595:@arina_29
79255430843:@BM_stroy
79252003787
79296471942
79265998601
79162976538:@tatyanaanta
79265788992
79163664723
79060907934:@Vladimir_sb
79999646430
79629834629
79096410411
79263111437
79265693050
79037834391
79854806084:@prusachello
79031979049:@kozhemyakinds
79852473330:@YaGri
79999204008
79265829469:@rnc_ssm
79262722858
79857640706
79637827640
79169530180:@Projector_mo_ru
79090000000
79161524395
79255560206
79215407967
79257400665
79104056939
79261698400:@rpamm
79250429477
79151192224
79263489648
79855435512:@Vvsswam
79095360000
79260075700
79255062880
79857649181
79774873935:@Anton_Cherkasskiy
79250907604:@olga_p1213
79166381252
79268195040
79031858684
79169093310
79035395352
79037921527
79881895530
79155373737
79250836425
79652400800
79015108037
79057632104
79154885880
79265195996
79104821530
79031053931
79099590757
79636777218
79031946185
79646488385
79164942383:@Ann_kab0201
79851953393
79055735557
79036175747:@Alibaba500
79164694245
79296110300:@Topec10
79166029644
79267624795
79175663350
79035262888
79990014179
79262571816
79774695245
79629271198
79263750720
79651395072
79151322575
79269199287
79778807949
79269169407
79295119644
79150424343
79265436699
79262354453
79253760552:@Aztri
79626380007
79015027897:@Bekker75
79250811103
79269911077
79853503628:@BensStorm
79166850315
79852118209
79153890296:@mdzvv41
79953003099
79680980666:@graf_bokov
79163003555
79153695357:@Marik1105
79104050596
79261285353
79265433554
79852876260
79252288990
79773148948:@Sweta2710
79857730532
79152987943
79163302733:@toniyork
79800038390:@pankinvladimip
79258488400
79166166105
79254556706
79660262632
79166838333
79775781634
79163567015:@ShaggyAlf
79685833933:@BYRK_remont
79261975075:@Roman009
79175659377
79167185095
79035061611
79031309658
79168832175
79852257463:@olesyav1981
79031342599
79262829871
79052222248
79067400029
79295111510:@Aleksandr_kolgan
79161094321
79035392981:@vyacheslavokna
79037934545
79684185208
79037295548
79163747695
79261122551:@DNikolai
79263360908
79651077274
79099094579
79161368384
79262231559
79209051057:@zlakovyi
79264163610:@Stroydomizbrusa
79060565693:@diniclson
79268398757
79268249249
79853339772:@Artak3
79057008108
79689810166
79265994533
79169708855
79261893861
79216141235:@AP_STI
79604260533:@jkjkkj_77
79161355129
79099064945:@shaigbairamov
79772692125
79285123524
79261023456
79264854010:@Ravenstvomsk
79258673492:@Grigoritsch
79154795737
79161596333
79260251250
79037249052
79296323316:@Tatyanabaku
79265513983
79169991230:@Sergei20918
79639990957:@Tan_i_i
79166972185:@Fedor247
79268747276
79523403327
79099942859
79637186466
79261391008
79104899147
79265720006
79197644834
79854261036:@OlegZhiv69
79037264263
79636589203
79165777675:@Nika1510Q
79220012021
79254643331
79267244447
79264641354
79263752777
79652493919
79096995878
79260105434:@asya_nailsdesign
79684388820:@Diamant9221
79261840585
79857654418
79254294073
79772552487
79263848222
79067953781:@RyazhenkaaaS
79265943420
79858680243
79161949901
79269306524
79263982646
79004568811:@AlekseyMak
79268282702
79030140271
79885748070
79039687416
79175692525
79258396227
79266262839:@Natalya_Simf
79261354171:@Geometiamsk
79854171611
79269426434
79162040105
79268640800
79852166839
79067579131
79060563217:@Muslimdagestan
79099994342
79262786195
79165218595
79686868879
79685953582
79037535598
79165159812
79999791523:@jorjee_edem
79067037189
79166188831
79859218508
79636142183
79066668000
79168513977:@Akvaklin
79055506893
79253940760
79266268469
79778471051:@Victor_Novosadov
79268201911:@vse_okna_dveri
79163458323
79264464986
79155025517
79253356862:@Murad876
79637605526
79035081497
79136705151
79104258383
79152191154
79262949427:@Kkolpi
79253217046
79160016110
79166809427:@Maxim_Gavrikov
79032800681
79264727715
79261114787
79629329929:@VVikaSo
79260709406
79163695405
79251219667
79859228297:@Hikvision_Viktor_alarm
79646458887:@grinlain7
79032866706
79651342662
79161436704
79165311313
79251879013
79161312464
79636251662
79265297373:@rikproekt
79057227598:@Eresiarh
79683334646:@Balialrf
79654405000:@Remont_vdome
79032332831
79257774859
79672462727:@hike_man
79259360442
79253762176:@kubanec83
79637622223
79645056394
79168072049:@barraquda62
79263998004
79154326346:@narek0705
79779797738:@Alexwpd
79857757533
79266077037
79621631112
79031302874
79031899509
79992147341:@denis1992v
79262547007
79859798282
79165778833:@The_LionkinG
79261622772
79250062696
79269600036
79295109803:@activplus
79197844195
79690148586
79269053973
79037290236
79267341889
79035285020
79057637025
79017798829
79859983268
79853658325:@Kostas88
79057703070:@samoletova_m
79264528041
79689311731:@Malinkina1609
79637879589
79031969652
79032025934:@Despondency_1
79263651155:@Alexander_Shentsev
79153558019:@martem1990
79067436328
79104607788
79165836123:@boan5005
79265973556
79055485562
79155515274
79104120932
79262231972
79628541000
79096379707
79785059846
79036288023
79037959508:@Dmitriy_NL
79067730077
79037723404
79690174106
79264842672
79055557289
79269064360
79295767511:@doroofs
79035417666
79037955033
79260626917
79157441900
79032113744
79206862108:@Nikolay_Razumov
79998072151
79771979007
79015858266:@MDVServis
79263789472
79035601000
79113505948
79645805558
79882371510:@parparclub
79055962506
79255935889:@Valmerone
79264004567
79853609396:@vitalijv_klem
79091691225
79637598530
79690132377
79299988101:@Avr197
79104502999
79257406210
79260177887
79670177799
79167312559
79999151417
79268146589
79680188111:@actualpremium
79265288632
79853613978
79265760846
79168344474
79629965152:@nikolas01_77
79055508140
79250968888
79261430025:@Den503
79104077753:@Vladimir_Goy
79651642812:@Skrodina
79031884561
79295362168
79099404165
79167085001:@Oleg142800
79037908415
79175548896:@vitalyvvvvvv
79051370300:@Iskrovich
79268763406
79031288054
79266393939
79161108059
79262547092
79160051070
79652126868:@vostok1415
79262455802
79059444701:@Ksyu312
79067381878
79169863831
79263934216:@Nadezhda_Voronina76
79309323945
79257404534
79261545865
79168548131
79883237070
79161148380
79151416186
79169889121
79269044878
79036771240
79152368557:@kinosyan
79851273233
79032797332
79266185444:@AlekseyMK
79164044704
79160606240
79778798221:@NikitaLosev85
79031339150
79151181063
79031577930:@arcoatrekal1984
79266786355
79260055922
79057142454
79035157681
79299421420:@alexandra_zzuzza
79254055655
79998760000
79262701460
79263894929
79267530773
79777800900:@Matyanyasp
79266780252:@avirus2005
79104049333
79031513564
79165688254
79099399997
79296292446
79859955022
79152272522
79031118710:@Sinioka
79104856324
79258967875
79269680805
79857277667
79258649979
79162228170
79150786433
79031207692
79163738224
79629296569
79636655443:@ArtGri999
79607403434
79261529915
79004779000
79036889086
79104035280
79166378390
79859902605
79104583497
79152126310
79199989601
79031096970
79645692362
79629996059
79852588887
79175785991
79645536666
79852268807
79107905300
79263726970
79034020050
79856303121
79661857559
79104646725
79055147193
79663283388:@skevrostroy
79067389957:@agapvet
79652048992
79031045396
79166193688
79265861119:@Mospanov
79263249749
79177016400:@sofiko1303
79779295248
79260932300:@istarykh
79165176720
79163285064
79031170516
79260102202:@Doravto
79629179538:@Sttur2
79292655252
79032185005
79999636209
79689726575
79166194993:@ErshovSS
79265225586:@Medved81m
79773926775
79162003377
79265551192:@shirokovaT
79261412115:@VitalySmytskoy
79151159511
79384203969
79250567836
79055628224
79035562624
79265740160
79165613512
79037266487:@potolok_prestige_tm
79167547466
79032776892
79032103598:@Andrey_1909
79055143523
79104604301
79162306065
79950002000
79169684531
79683377066:@Aleskerovdionis
79091573524
79169032233
79262955844
79671406955
79262663024:@Asfaltgorsrel
79150367998
79154321002:@Inna_Gindeeva
79637508757
79099215120
79261275340
79265444123
79153103938
79251868757
79037329381
79150686764
79253377545:@Olegovr
79099673553
79035566062
79295378077
79096727131
79992031700
79164775440
79859915444
79260871138
79185054379
79035204655
79265519201
79636581321:@alexander_gudkov_triosi
79266206655:@oleg_ortin
79854112535
79150505495:@zxzx2zxzx
79152211864
79660999593
79255796575
79160780877
79262730845
79299987136
79263486680
79778220462
79851374736
79163200311:@Mflanker
79262115762:@Kulakova_Irina_zhk
79262825599
79067564126
79162034992
79670703502
79055047839:@Masyandra1
79268234935
79643196199
79163466451
79067530478
79152623353
79266782935:@Lily_Petrova
79850692221
79886403005
79151116247:@SAVii4
79164475346
79164271611
79161651165
79169005666
79853640280
79037928596
79039663818:@maximsobolew
79252225042
79268954593:@kurkotkin
79252115001
79255181929
79096296262:@diana7979
79037514747
79262818783:@AndreyProm
79663271564
79269000482
79253103333
79260952220:@exkavatorshik
79105715951
79104090076
79852260655
79268400440
79099045553
79654344111
79266083944
79853999618
79150997860
79266312359
79850619910
79683399504
79265132012
79639992995:@na4alz
79166565079
79689686872
79036668881:@chat_nakorminastroenie
79163343885
79250667815:@Noginchanin
79096774343:@ballack90
79262684505
79254488979
79858867575
79154661218:@VovkVladislavIstra
79163680045
79999882929
79060373390
79268501877
79263628552
79265306230
79852471322
79099067560
79057944968:@rslnkhzv
79852723300:@mgrant_olesya
79265669985
79261415148
79771281107
79805335639
79036626913
79255438385
79629390000
79255144988
79150039000
79162975229:@andrei_orloff
79265951338:@belyi8307
79773783918
79265211130:@MasterWindows
79263662690
79689435362
79258283331:@dpk_technology
79250819580
79000117481
79265793532:@kondorsol
79036826656
79854717535
79005559944:@YuryTimofeev
79031134611
79175050700
79037468258:@Nbp2013
79252655140
79166430600
79150509066:@Artart81
79161814435
79645946661:@mskmaster
79037110808
79299167811:@Denmark7
79167138260
79821000008
79250650925
79257932228
79645047100
79166281858
79037206916:@Maratio
79037008075
79037318383
79852891458
79686799720
79167483449:@AlesyaRR
79854907669
79055797022
79296718379
79017713704:@stroypol
79773985014:@DenisWB666
79031429070
79035503383
79264061637
79055001780
79251889418
79647678710:@trubl2012
79165220445
79777551550
79166761088
79169342123
79779818767:@mosvipstroy_info
79252261311
79163307288
79260461001
79039616425
79162026770
79153961147
79637500116
79253686840:@Kir_sg
79265341587:@oksana_makarova76
79032665300:@Ekaterina_Kryukova
79160636786
79269703253:@JCBShinab
79267897174:@STROYEXPERT_89267897174
79104639136
79991945253:@Dumchev_yuri
79091543827
79160155130
79031301859:@val13018
79001411521:@Chekhovaquabur
79255376488
79253918859:@maslovosk
79857620981
79096401226
79257721572
79220212022
79267169608
79268906007:@semen12356
79315149616
79251116711:@Kilativo
79251840422
79268293779
79629945634
79853636444
79161515010
79253058929
79260081414
79670333022
79250856288:@Sersh1601
79030002540:@Ore_at_Labora
79687088086
79104799326
79035147638
79261491509:@Fetis1509
79104612432
79777164397
79037777331
79036608777
79263193638
79661115001:@Porhalo_Alex
79032841397
79647899224:@KazantseFFAV
79038961096:@SVOYDOM44
79265929744
79203835680
79299312214:@Tundra2000
79255094430
79771414667:@and_amp
79264329822
79162747276
79851671250
79265730286
79258690101
79265216206:@ann_kozyreva
79269719670
79212540000
79269593316
79266137516:@minipisma
79267281822
79165773078
79039601037
79260102882:@Mihey001
79670311684:@Irina_Ignatova1987
79115287433
79262808043
79671027377
79161440005
79150771117
79173996786:@Alexey_Vic
79168056997
79263600157
79163780465
79253000372
79265720028:@gizmovich222
79663874826:@romanremont
79160694128
79636777070
79153380329:@Mike_JM
79099845022
79781364623
79251450755
79031909008
79851212910
79015262626
79251194516:@DSslov
79168832816
79104312821
79689899033
79032152188
79037452317
79262757534
79651897920:@Alchemist_ixt
79166721847
79647088080:@RMamutov
79857668617
79262028135
79199985181:@Sergey3005
79264445040
79601105443
79037868288
79857332505
79166962744
79032309378
79168339676
79251433179
79100009287
79250792537
79096411100:@anontlg
79858555518:@Zzzzzzzzzz84
79152100078
79164042971
79506615799
79166902606
79166458821
79166147250
79264520442
79163039803
79037258456
79099717474:@Dmitryy_voinov
79263953955
79031116228
79263630913:@ivankobrankovich
79266773777
79053955350
79015013348
79857671181
79255447378
79263066873
79637707270:@Rfplast
79168203147
79779940527:@Stopvetram
79161546463
79859919000:@lstkinfo_ru
79162402274
79067277921
79165559020
79663745225
79779298875
79653805825
79261737474
79161865668
79162202601
79636637373:@BMWscreaming
79037261379
79258338903:@MontagServiz
79671190843
79166907218
79060100077
79037193750
79037492712
79269897911:@Anvar147
79259091535
79625848484
79299494383:@LazarevaOlia
79265758671:@anatolyzver
79850332060
79854778883
79150099950
79253268662
79165189351
79267323618
79683619890
79035897666:@energoinspektor
79851624943
79167972742
79653710738
79210696709
79163932917
79031511298
79636559951
79651817692
79256423808:@mscoach
79035759565
79167146086
79265493676
79163795075
79257087050
79629018337
79261430073
79194104189
79257362821
79153699538
79003327490:@Kit9999
79258625981
79150419111
79100032080
79165818691
79265793249
79775327477
79037955085
79185167000
79853433173
79037975533:@Ganzid
79261206406
79173899208:@airfoms
79255157415
79039683952:@ANS968
79262167760
79032370984
79104061409
79057174949:@katya3011
79629296228
79151057890:@Marrin_7
79151369240
79262838131
79037770472
79104441887
79169806386
79255884400
79859983609
79152622200
79035936684:@dudkin_pg
79099222099
79057009953
79166070000:@Gromovatn
79265905363
79167356154
79771512085
79031820816:@chest_im
79853610479
79163766664
79003462112
79266171539:@Hulk_ru
79295800992
79250815098
79037227771
79258512206:@ilya_larinn
79104011680
79150016285
79651644881
79253333446
79104324881
79030100557
79165487859
79852005555:@PrSt_Support
79067064435:@Nelions
79161508427
79104434797:@qwfree
79067504803
79777400900
79250739863
79099392671
79091626889
79257093592
79171677752
79253781912
79067360781:@MudryninAV
79167779137
79258537118
79036738335:@Dmitry24031989
79653684100
79258016777
79259069015:@anastasiykin
79037983814
79166311057
79096900050:@AndrewKum
79258267701
79152239128:@valalexxl
79036281785
79062317870
79261121767
79166126948:@maratishchye
79261351093
79253209680
79154216290
79637775408
79627987777
79852264393
79167676355
79169542765
79689454339
79637724178
79263878134:@mi_an11
79998996046:@electmontmsk
79265518505
79637506553
79250690619:@OknaEll
79039685425
79169404380
79261485744
79099229162
79998487173
79035190537
79198228006
79660862134
79189995539
79637766999
79031370371
79265261101
79263842053
79267882038
79039693941
79206906386:@gyfeer
79035568343:@YartsevAV
79639692699
79854541522
79104145444
79268218426
79169084756:@kvs_stroi
79036288705
79168419471:@Tolkachev_Oleg
79263870026
79035708934
79166251772
79266027977:@Gochia
79268499997
79169431223
79686549051
79067284647:@EVGENII_ZHU
79263982214
79165407574
79151991916:@Vlad00189
79263887211
79067606080:@tsyga_sergo
79268430280
79859221062
79852155052
79067302029
79852278558
79057585701
79269209960
79168007787:@Oleg_Kurzin
79262702891
79032463443
79031007122
79037241421
79151888771
79055619098:@ilya_kozitskiy
79629762775
79057711011
79166475577:@BUDOWA_RU
79637109091:@EgorChudakov
79169596134
79037125808
79258640001
79637731333
79251144017
79037765765
79037530303
79269119528
79299111865
79286208452
79032833388
79629024282
79162720026
79031996190
79265215041
79160546446:@Armine1508
79629496191:@orlovanad
79151222227
79121293333
79270885635
79637822299
79777756573
79267088800
79034110455
79268944114:@SUMRAK_LYBER
79104131193
79852227957
79099741220
79037762707
79685191772
79057840452
79257188586
79264566841
79037987696
79990025666
79261236699
79168515131
79263920161
79636660101
79854398210
79006274704
79686482141:@Topotunchik
79255076240:@beliaevsa1984
79670789020
79036258030
79163111721:@PospelovSergey
79163371382
79168181181:@NoStressDesign
79263193636:@VitaPu
79854000219:@ER_Nog_7_BGO
79252330709
79032232449
79037262670
79684042443:@Borismoiseev445
79299951988
79299905224
79163256408
79855151129
79067361390
79325408551
79262254404
79096327224
79857844015
79037990040
79104173243
79151840325
79166222452
79295305055:@garagesystems
79162484838:@SvetlanaTikhomirovas
79255023626:@Alexandr_Shvetsov
79263660715
79652172566
79873309006
79152127555
79654456659
79685893843:@ElenaMarochkina
79039646233:@Roland221
79265595066
79255200013
79166778008
79262565924:@joe_corners
79032143163
79263946907
79250916254
79169123085:@nashmaster2014
79636853377:@DShirok
79055882996
79166074742
79852425774
79912520801
79161902233
79997172490:@ILYA1717
79265802088
79037813105
79859979250
79994546801
79852442731:@gordeevmv
79251884268
79036185535
79684351000:@podolskieokna1
79998919621
79163224239
79852791163
79104376232
79162118521
79057223690
79035950355
79261533569
79169045609:@Natali_neopsy
79040361313:@NataliyaTih
79032696677
79267126504:@kas_vip
79161161931
79859966292
79639781981
79637824023
79037820031
79105059087
79263356896:@KonnovKG
79652082288
79099065000
79855103779
79262875894
79161716809
79853648969
79252150122
79263314713
79258240996
79164418100
79060660507
79037962828
79104177500
79104621805
79269034034:@ElectroLaba
79150864125
79262832009
79999688487
79037995089
79254826291
79209190009
79775109533
79260175269:@Elena_V_Malova
79629249189
79260640062
79091574444:@mikhailkuznetsov001
79151731540
79175321160
79257717357:@AlexanderRusskih
79854130678
79263727047
79160542954
79153151913
79852905758:@BonZhurrr
79951164040
79296215215:@V_CHISTOV
79859496150:@veslonos
79629745933:@VorzhevD
79639281111
79265981521
79269197915
79057974553
79367777888
79295025601:@voron0011
79161999754
79258845099
79211901515
79851008881
79857220568
79687593233
79776146858:@wwwvdgotoru
79670230014:@stroitehcentr2021
79031364656
79853454132
79096693592
79096552883
79260679837
79673299705
79265866341:@yury_8888
79266068984
79629324785:@a20111973
79164654757
79035381639
79854822846
79168277171
79104078223
79065311121
79169227511:@Melamory_B
79189144618
79031163366:@pikusyatina
79258043383
79296426308
79857682675
79671979994
79263510433
79263660655:@Johnny_Wuu
79161136393
79164093666
79251004007
79037482004
79771631202:@GARYGRIEG
79919231312:@elsrru
79037283852
79026900007:@istinagdeto
79851283477
79161400721
79261554190
79166691018
79209865808
79262961262:@Viculia
79175360306
79162112091:@pmo_23
79637110798
79778070080:@voda_vsegda_da
79295177721:@Petr_VSM
79096651818
79771177679
79104347172
79151270976
79265589279
79017528559
79099445557:@sk_alpa
79167476063:@Michael_Michaelov
79853017272
79629537015
79166791097
79778875343
79151754279
79268302836:@vanintemych
79266143644
79017019599:@Skvashina50
79262950098:@w4sg4n
79194111552:@Niknafig
79164461011
79067036931:@irikosan
79637645956
79859911113
79652326424
79998000502
79643908515:@businessfreelance
79777409282:@Efico
79258246620
79164506527
79091007733
79160589310
79687451084
79773331312
79267045317
79251405363:@IVANSHUGAN
79852801991
79670025550
79128638080
79166060665
79262326782
79636601678
79257448684
79852483475
79252212854:@vmf87
79227666681
79165352467
79253112899:@levhijo
79099995501
79035176700
79660075100
79268820441
79672226766
79099867993
79636735373
79857643096:@ignatova_sofia108
79031212058
79162600203
79853465868
79250349296:@rasulovramazon
79266003218
79255073576
79166322990
79255900000:@okgoncharenko
79154545382:@Newseoroom
79165355248:@Nikita_Evacuator50
79251942124
79299441534
79688368991
79104818797
79169581152
79152201829
79654467261:@olchiknikitina
79629048300
79852268081
79257224815
79067601311
79670705999
79851813030
79255542665:@YakhyaRadzhabaliev
79951000700
79166878067:@LitvinovYuri
79254488498
79265429154
79154786297:@ELECTROZNATOK
79099875518
79262745630:@RuslanZhur
79031802715
79097718021
79037596251
79265213535
79258498826
79255556482
79057425929
79773391133
79261793511:@Shakirov_Lenar
79654147232:@ogdvru
79265903574:@Anstoliy01
79167943277
79057150517:@SvetaIs20
79295199076
79255896277:@ErohovVA
79067151155
79165658452
79266982898
79039669459:@antobyaka
79164649269
79262644413
79067234959:@rupansip
79851109755
79255006796
79778136456
79255053460
79031778052
79777132259:@argosgroup
79652471068
79169430791
79854589984
79163118287
79034354608
79031235588
79031329933
79161429785
79099860101
79857746658
79269126000
79166547456
79161283078
79955027788
79164539572
79111503375
79774490922:@KrakoZaybr
79039617115
79859764141
79951198000
79229562156
79779870950
79263845505
79104159745
79296666883
79254796464
79268769608
79099993241:@Belyano4ka
79037399670
79255427825
79857681556
79265263315
79670222555
79251833506
79250804610
79167481530
79265862264
79035812617
79261434887
79645524802
79636927075
79151115560
79109132248:@uchastni
79264080578:@ZharovMihail
79993366835
79955017788:@ThaiCosmeticsStore
79959050210
79260792669
79162373870
79260612969
79055898594:@Rodion_Mihailovich
79254512124
79165077577
79857663197
79671751529
79220200422
79057604480
79651642537
79680028370
79680307282
79161348564:@rizhaya_lisa_tordiya
79031513400
79261381270
79067777960
79060397141
79152191861
79167833703
79263448940:@abramov_ai
79264366641
79255918133
79199965691:@iZokha
79231067623
79639752998
79055111800:@LuchinaSergey
79166964005
79104191677
79250255642
79161001481
79375358000
79266442478
79161073663
79152714107:@AngelinaKutovaya
79030041811
79104276299
79262919191
79151230033:@gabionmen
79683342444
79037291990
79253840528:@bazarnovsergey
79154797533
79164561781:@Semmi1422
79104778057
79777607220:@dnsleep
79031830353
79775745297:@Manehouse
79773630218
79852332118
79266737247
79299955901
79175564424
79253130217:@lightvojd
79257700701
79263956329:@lilush123
79039644765
79096603330
79175994735
79057975472
79030190502
79031509095
79636636823:@sava1976
79661140933
79055325255:@Atum2
79299084491
79263567650:@DmTolstov
79252909393
79164589354
79164124996
79262578213
79262856477
79055309652
79165417339:@osnovageo
79262141835
79629712031:@Onikolay
79851851902:@ninochkachehova
79163412085
79851970505
79031991678
79624091111
79036751380
79161261358
79670250888
79020022020
79031164456
79857766359
79128662475
79856432350:@romanpolyansky
79152275555
79670683377
79661684173:@Decide_group
79032314604
79251165014
79264967062
79168855803
79166565128
79267263357
79262539138
79250578639:@Bravo_villa
79163703534
79037268801
79031986064
79191018511
79261574087
79166404949
79161631854
79031746076
79258028178:@andy_car
79853021407
79164837395:@evgeny1990
79035917337
79779913545
79645001009
79607202332
79265007001
79153873925
79037909737
79260077589
79250525524
79263384939
79037967627
79055882241:@rte_50
79262701470
79251216779
79037147006
79262530189
79166462740:@Viktor_09_kovalev
79264194327
79652077727
79169917934
79013355531:@parampampam_05
79017332320
79206996288
79096808189
79998902421
79055060152
79854545666
79055615157
79037468999
79197740224
79266906025
79367775404:@egorvit77
79252949031
79782122137
79264060000
79035962386
79261818738:@Dron300176
79255147384
79096245030
79290000113:@men057
79090405055
79032191051
79266319858:@Gasin_Aleksey
79035382185
79202316777:@maslowosk
79175522455
79161219330
79268892393:@idv47
79153967780
79629591112
79651191186:@John_po
79267774548
79264950960
79855253399
79263667863
79652881428
79670769927
79167715323
79100825766
79250510152
79057807893
79150215738
79037109396
79852726620
79261806338:@Alexey_Titov1
79175301352:@Dmitors
79689171630:@serleontiev
79032500904
79857605915
79104607171
79055509874
79267776511
79629447489
79260057604
79037897666
79035280548:@AlexMikheyev
79060593803
79266063930
79262330181
79651935131:@Jeni_msc
79261638851
79265131833:@pro_alpinizm
79161219723
79104044831
79299870911:@Septiceco
79261425287
79091606035
79021348888
79057914948:@Rasstanovka_ru
79264925344
79265369948:@Vartclimat
79163315166:@romario197
79262955598
79685834345
79167414719
79815045477:@iqplan
79689171796
79684283530
79030031168
79268553518
79250312596:@Arm_man1
79684089005
79263330000
79268688829
79854112501
79852204636:@SVKrilov
79153959595
79255075510:@Iva_Polich
79265768305
79262033224
79267962746:@trillion_mk
79165056426
79299281106:@fcf_air
79036892886
79263686993
79099118073
79637722970
79253670696
79166706481
79645530404
79251835040
79268244463
79168048931
79069910646
79036242442:@velymin
79109869695
79031064989
79999270533
79169179938
79031597731
79067045703
79151730035
79857398493
79167772767
79039115130:@yurievgleb
79169490085
79037985728
79057808068
79160230823
79262720506:@newski_a
79855051009
79254220350
79637113198:@petaleche
79264951551
79057807875
79209668762
79250077478
79267282008
79158862097:@septiki_tambovru
79015532042
79854680471:@demoN0901
79264040692
79035605929
79263978555:@VasyaVasechkin444
79686558847:@firma_admiral
79057879719
79261843989
79032259254
79638980050
79852970677:@linakorolkovamsk
79851603030
79262359047:@VladimirRomanenkov
79652250434:@balashiha_j
79969661002
79610282222:@perelehov
79265627810:@Vilkov_M
79166285160
79037223305
79269803311
79166541071
79037922096
79169936912
79258733693:@evgenii_kopiak
79031336924
79057215980
79260109999
79161561242
79067552865
79263444481
79050173494
79165736461
79005944490
79034731616
79015120928
79100135290:@popov_alex9
79218566419
79036223352
79265996992
79166755466
79166011439
79163918326
79184051880
79060333369
79852331203:@a18pro
79655044424
79167017297:@morozorom8
79265616526
79997934941
79261332843
79057972034
79058053121
79169284148
79032032873
79104502982
79181710691:@akatevadaria
79267266624
79857157977
79685894242
79649533766
79683233777:@Makar1589
79096420435:@MaxiGrass
79163695135
79165964852
79857698171:@remontVS
79852984729
79264148818:@institut_okon_24
79252204908
79031349109
79646401564:@Nikita_gke
79641600553
79250335814
79163583171
79154583075
79099601935
79057081919
79162174359
79104255225
77013170086
79262923106:@Anastasiavent
79161669966:@adefremov
79267581187
79269595327
79254757150
79689156363
79169596397
79689106803
79160970900
79262064338:@GorchakovIvan
79261387112:@mashkova_n
79295598240
79037716430
79160031587
79175587976
79169978633
79258396118:@Twozerocool
79167930101
79654111155
79857222321:@AnaitAgasaryan
79150903788
79263962281
79042871564:@TeploStroyInvest
79637743040
79152242094
79629180001
79268159324
79037664671
79033571010
79032183741:@criptosmit
79163586155
79263028080
79037966636:@SoyuzDizain
79151057700
79685340010
79037921615
79104203814
79268309337
79262899818
79268651957
79651270607
79166968451
79151599995:@Znan_Klod
79779057347
79645962308
79261175534
79685330077
79854402033
79060630521
79266047784
79165126052
79173204006
79853176333:@Omega_Groupp
79104063888
79671718950:@MakhovAlexei
79166344108
79037254846:@SPV79
79084480005
79256801095
79164641216:@G_g_21_21
79859229724
79165016836
79166512989
79199922192
79104246602
79169768490
79264393473
79859995600
79265209008:@klimovpp
79163182935:@bezlimitik1
79261561639
79032268010
79689709744
79253711187:@Alexandravbulekova
79265728051
79035497676
79262686600
79266942069
79060514699
79104703333
79175619570
79296673699
79258726124:@dinar_nigmatullin
79773039049
79013512847
79060455104
79260240445
79262895199:@chakooman
79055167523
79036633896
79263389575:@anton_onika
79857664522
79268890812
79264058556
79269904001
79258043360:@romanov14
79529287722
79150470592
79161621108
79057828090
79057105599
79250294270
79162014802
79264003740
79037150557
79267437424
79338882200
79256349696
79217746420
79775844657
79263832498
79639700807
79265695504
79251910965
79037501074
79168009400
79166853355
79255944790:@nvn_almaz
79031328008:@Serpuhovbaza
79037319443
79161128775:@Alex444_444
79197727751
79267696090
79194117998:@denisovauliia
79163128599:@Svetlana8T
79918502911
79152999065
79153282472
79161794642
79251502065
79851267912
79262042096:@Alexey_Malishev
79160410186
79032752802:@Concordiamedical
79687007557
79162220543
79257710646
79037409080
79035199506
79259990777:@mls9990777
79859242010
79160562124:@Foodfox_nikita_somov
79651890847
79263771277
79055383700
79672614219
79257721635
79144690651
79262784294:@Sidorova_Olgaa
79104388228:@Kosykgorddon
79258766697
79175042017
79267970536
79096636860:@Dava_Gudini
79264765646:@AlyohaG
79252727654
79264552040:@ashevchenko2020
79055373514
79261546510
79067898890:@i_shashkova
79163020466:@ruu_no
79165840607
79645794060
79164430314
79268669523
79154111011
79099215112
79155155900
79296251757
79672652387
79199940497
79154964700
79857688720
79632946706
79265918054
79263570799
79265678892
79261568646
79262557851
79104887404:@Builder_ru
79031144004
79169451366
79151170239
79102846464
79202468549
79267689971
79687339797
79289556288
79637113899:@kittencathy
79190012051
79645909390
79670912468
79037167775
79169733236
79032042200
79036293519
79651300103
79150602297
79687007002:@Sebastian_Pereira_19
79262687743
79262808515
79266146436
79036661955
79262557290
79031595460
79265903984
79269916073
79039663883
79775793646:@remstroyproekt
79037233263
79250071733
79687640007
79032336530
79637174499
79168742932
79267359822
79773329966
79166779173:@Artur1820
79152190672:@John_beliba
79037268615
79266702232
79851000134
79107552376
79265311599:@Ole_Mitusch
79251118282
79261850460
79857766134
79637863246
79672109034
79165622010
79100025252
79262201012
79104575329:@svpenka
79261983206
79104759427:@Dikalioglu_M
79268186804
79160125705
79175478474
79852229007
79266089035
79160100116:@Krasno1
79852330070:@Hbtech_chat
79031560257
79262373122
79250066858
79161851718
79153625373
79160599225
79165122301
79778064996:@Vyacheslav87_pf
79138910069
79169910999
79257724021
79164727303
79163807149
79067744493:@Mig1006
79032987377
79263768021
79104882010:@Z1914
79689327777:@ovsyannikov_aleksey
79660515511
79778971793
79269209909:@atlasnine
79163583958
79262043003
79104803542
79264796990
79263555556:@drdmitryi
79255074364
79260112344
79255046366
79646461936
79852260064
79263375524
79263643648
79100004898
79265369005
79163933303
79268486905
79880055549
79037920375
79099855565:@vladislavpletnev51
79252813236
79856951916:@FedorMaslov
79299292277
79670927600
79036631566
79296108799
79661306609
79253785619
79031228747
79261199301
79037297199
79268560091
79265393444
79262290803
79192884443
79998029384
79629110109
79257406484
79778115481:@KromenT
79055403616
79162873895
79671144242:@Tadevosyan_Garik
79671396107
79057716432
79167065377
79099141827
79261939911:@nata_sladosti
79057947133
79256132284
79263528806:@yak_Roman
79263357266
79645263082:@frododo88
79626615746
79104378050
79096606969:@abrisdileram
79169772556