+79017012254
+73912596225
+77024459977
+79649343591
+79504178811
+79649979037
+79688424058
+79510080809
+79297105647
+77474439701
+79827712871
+79502734933
+79287130077
+79640062520
+79787057360
+78442591611
+79257723980
+79003163309
+79600574474
+79048032000
+77027331555
+79605700088
+79683301731
+79374380255
+79275585924
+79829435063
+77771355349
+79104572512
+77768311161
+79219337115
+79996785029
+79650454893
+79503271488
+79254803454
+79531863414
+79085725488
+77776107077
+79217005742
+79212690918
+79143120283
+79375632334
+79093694701
+79189811313
+79213012461
+79787134113
+79131591810
+79777130675
+78314236799
+79022666587
+77073715733
+79286223511
+79244707744
+79835765876
+79263881538
+79654724041
+79134444116
+79095989842
+77087773239
+79994223711
+77761330227
+79832430902
+79786160550
+79227447001
+79204192117
+79119782842
+77471517232
+79033715949
+79626859999
+79098087359
+79021670300
+79688487980
+79670737677
+74956486609
+79658853397
+79539125933
+79267002883
+79084021531
+79231477705
+79172788505
+79117237495
+79515399948
+79050714705
+79182255234
+79290115566
+78005513206
+78129204919
+79218352637
+77015261236
+79060650666
+79242241544
+79533779117
+79165333572
+79148623191
+74951205998
+79061076361
+79652134015
+79148419031
+74951343151
+79374896662
+79260356868
+79504407343
+79058192423
+73833750254
+79276390321
+79137032233
+79063686661
+79189054091
+79859704689
+79034855830
+79625477020
+74955325893
+79169343627
+79817895767
+79520516313
+77777777414
+79129289296
+79131406906
+79244156813
+79224449476
+77056335551
+79298375739
+78123263937
+79617009667
+79963791160
+79963801753
+77769899779
+79872830306
+79170138239
+79226202781
+79274834014
+79176640574
+79096661540
+79138877847
+79241178788
+79067295934
+79151197721
+79185270327
+79137918438
+79177348338
+77774861001
+79389909904
+78002227884
+79259984658
+77017881678
+79673053052
+79032341413
+79811065086
+79205554135
+79825346979
+79658888514
+79080528733
+79000443403
+79656443257
+79855451404
+79325559566
+78001004795
+79166694730
+73532470007
+79187728718
+79370673377
+77003288328
+79134846595
+79653105757
+79215326632
+77775144981
+77017234146
+79289077260
+79193141017
+79156965747
+79148951111
+79089135147
+74952970615
+79872951507
+79842901705
+79174229545
+79615460468
+79257055412
+79178706037
+79788611549
+79276804353
+79177480307
+79604797300
+77769510999
+79872160662
+79375338989
+79679894116
+79632339668
+79187481459
+73432072444
+79262144882
+79209237616
+79535863565
+79218880444
+79034196220
+79225461884
+79651087929
+79397940133
+74234319560
+79063343389
+79281512550
+79280834464
+79518424224
+79053968667
+78007777028
+79104344004
+79221927787
+79258955800
+79993676342
+79881817822
+79500205335
+79014603132
+79518811105
+78122055511
+79882041491
+79652357733
+79525372008
+79158435167
+79033292224
+79272491238
+73412907927
+79911112428
+77712999971
+79037813813
+79139164894
+77019883176
+79513778988
+79011867230
+79033675012
+79640954331
+79227979862
+79049902121
+79897187836
+79851757853
+79807430831
+79634696231
+79880548778
+79159717171
+79831741471
+79266064105
+73452551330
+79823635873
+79854224212
+79883816633
+79235171182
+79951125413
+79168385024
+79186132299
+79872907670
+79659792660
+77755920859
+79004606022
+77019602131
+79278672727
+79383317301
+79649000483
+79220224600
+79184563797
+79882854545
+79218620501
+79829300202
+79051055444
+79510933777
+79821348091
+79248340148
+79500710292
+79246374760
+73452787799
+73452919092
+79096214748
+79193165499
+79161976426
+79264315126
+79172920800
+79150808828
+79874712321
+79257940400
+79235010203
+79613188509
+79223988878
+79653975538
+79916651006
+79819828088
+79260588344
+79829350395
+79145446226
+79124506131
+79132930682
+79129265779
+79033396767
+79505978755
+79628155564
+79173494880
+77013980047
+79017535379
+79787434305
+79005375777
+77056687378
+79500763837
+79667941043
+79811531086
+79268551027
+79181255000
+79531206410
+79881582000
+79512646014
+77772202425
+77078659973
+79371846260
+79274222623
+79162058184
+79835862799
+79531051196
+79186500513
+77779647419
+79620031355
+77051908368
+79851935583
+79162211117
+79122600616
+79177547372
+79198080762
+79778041049
+79186368934
+79617490999
+79296205515
+79378497299
+79671014858
+79185703399
+79156791045
+79145686552
+79172806080
+79006700780
+79523299474
+79246961411
+78482621011
+79053329798
+79827064096
+79144052635
+79271530050
+79532112698
+79186716242
+79875859969
+79890363432
+79788950228
+79177722077
+79811811309
+79262668667
+79272577857
+79196876299
+79216430790
+74952940211
+79688783552
+77027409889
+79104964841
+79032159484
+73462976477
+79222602263
+79273515855
+79881067013
+79128561197
+79996957779
+79516131037
+79885866488
+79232710025
+79203552284
+79288240964
+79284390083
+73912003832
+79518557293
+79842921602
+79105179456
+79603763494
+79055647444
+79180046306
+79153582727
+79276559000
+79284168277
+79515968246
+79651290707
+79261636239
+79277431335
+79807434387
+79612301444
+79147552236
+79212281098
+79378789651
+79532718621
+79179397644
+79894598282
+79147051575
+79649978002
+79189181588
+79256504083
+79881880800
+79038885595
+74991120196
+79295924001
+79050221511
+79826739671
+79851870829
+79083071777
+79500791919
+79624477103
+79033659579
+79529116345
+79123554130
+79031879756
+79326157762
+79048703000
+79257722004
+79634169293
+79064104552
+79370309977
+79526787380
+79046705555
+79068699969
+79091924846
+77078835747
+79172433347
+79608556735
+79628288778
+79085003909
+79656186000
+79225595009
+79272411434
+79615839877
+77713002174
+79128734481
+79089458176
+79140014682
+79224802077
+79179321264
+79059458981
+79258955805
+79059768524
+79304712007
+77718218793
+79023854600
+79672802626
+77074119656
+79178986908
+79152453728
+79266246919
+79370861800
+79379833677
+74991309518
+79600726101
+79035206677
+79824579777
+79033959699
+79086688666
+77758023350
+79063281437
+79130699559
+79226322772
+79167621043
+79298596360
+79065907001
+79296051045
+79183304135
+79155009865
+79148929041
+79624464599
+79375129777
+79104064741
+74951778128
+79806754150
+77715943567
+79199578938
+79106678400
+79183405171
+79658858844
+78662426023
+78124080879
+79097150775
+77756222171
+79286120000
+79681002300
+79867440459
+79181873772
+79170957721
+77021983650
+79920107159
+79050045368
+74950051859
+79064259347
+79614445989
+79235620102
+79525095331
+79198065117
+77059999545
+79673666899
+79262773815
+78432034000
+79238888125
+79273116394
+79525777497
+79654364640
+77477300813
+79051504447
+79276678127
+79183222247
+79142922170
+79108639854
+79173830414
+79511754279
+79630464620
+79122438892
+79656584666
+78005504605
+79148030487
+79134676046
+79202195791
+79180032014
+79996292829
+79833379831
+79288788305
+79138511489
+79224315470
+79281247400
+79379351008
+79251144935
+79027638708
+79023662639
+79242905989
+77779000701
+79250260703
+79130013365
+79521863243
+79177567375
+79039952498
+79872509010
+79851808611
+78007008879
+79192587376
+79112555060
+79296787970
+79046704512
+77475450008
+79037003550
+79254786626
+79130640997
+79501372673
+79162900878
+79841848301
+79048720086
+79065224242
+79516897047
+79037873800
+79778801636
+79265330633
+79251507584
+79033282135
+73833832024
+79815016309
+79897167118
+79634753158
+77471280030
+77079480968
+74952900268
+79232508593
+77007380221
+79877968166
+79041278984
+79085742662
+79504160600
+79827212107
+79604177337
+79654628565
+79283254514
+79991346777
+79517112829
+79880669436
+79276228262
+79216550390
+79856466987
+79178185549
+79373109270
+77473510456
+77767111150
+79153477882
+78006003479
+79619055511
+79191473737
+79173980603
+79086677339
+79147283110
+79262027835
+79619079662
+79261592896
+79281566406
+79297817817
+79196439898
+79520466610
+79084807300
+77015036012
+79184490942
+79155638039
+79999203242
+79242364363
+79217433993
+79526001050
+79263631178
+79857287782
+79273443417
+79873095520
+79827117549
+79030733507
+79780296445
+79244577855
+77085372658
+79997852161
+79871388029
+77784588858
+79207509643
+79108155857
+79872960016
+79886345744
+79507772042
+79856457636
+79242142747
+79613692321
+79132020086
+79093369453
+79503308268
+79223792007
+74959831076
+79647671413
+79777634948
+79277060679
+78412520707
+79184848844
+79532368315
+79095380732
+79136784327
+79277056269
+79151688117
+79650342070
+79168585691
+79036024667
+79185006093
+79787529740
+79301090215
+79262295800
+79214607540
+79213374705
+79093155568
+79054030195
+79834292449
+79611090669
+79895020060
+79279596612
+79162262878
+79873925482
+74993907897
+79271925000
+79620070200
+79248413004
+79655927711
+79268369125
+79670104777
+79681352000
+79055891181
+79058864459
+79133968707
+79114285553
+79600481808
+79188937603
+79776221709
+79046141441
+77765153828
+74942301686
+79624491003
+79128956135
+79021791707
+79841884376
+79272070360
+79108500884
+79923304342
+79376422552
+79035748554
+74955851067
+79118952834
+79654790955
+79030225359
+79671003037
+77472783218
+79785108080
+77754751339
+79500828889
+79308052033
+79500836889
+79887450257
+79991669615
+77783246055
+78003558976
+79161360729
+79123124059
+79680320325
+79219064083
+79910859139
+79841624882
+77772458672
+79280531970
+79235755017
+79039925616
+79645124330
+79535673572
+77761163683
+79673003082
+79954093075
+79821327232
+79057967157
+79182281316
+79225489372
+79852437979
+74952271979
+79853322985
+79884400002
+79782077070
+79150856658
+79874064732
+79023262876
+79182734148
+79537850647
+79177514683
+79508442938
+79219513090
+79872395346
+77029710097
+78432586536
+79821277921
+77783181990
+79624015906
+79600369969
+77782288333
+79261759500
+79803894714
+79114638117
+78126801080
+79620060556
+79604664630
+79096481370
+79508539194
+74952104727
+77012070900
+79261265632
+79898146902
+79154818337
+79137385243