79257304444
79257316390
79257321280
79257349022
79257367313
79257400741
79257406194
79257409940
79257419361
79257491414
79257648588
79257659005
79257704492
79257710408
79257716261
79774076629
79257717100
79257728649
79257791870
79257809363
79257875938
79257889894
79257890003
79257973550
79257976349
79258005008
79258020775
79258040300
79258077015
79258195540
79258204766
79258208518
79258224121
79258236690
79262198686
79262200299
79262206938
79262220201
79262229834
79262241407
79262263724
79262269082
79262285142
79262291509
79262310137
79262311104
79262329742
79262332044
79262344612
79262374557
79262392026
79262416866
79262450452
79262451354
79262453706
79262484818
79262531449
79262535209
79262540100
79262553455
79262556352
79262559553
79262576905
79262622220
79262635850
79262640887
79262649413
79262655633
79262655937
79262670555
79262691402
79262693370
79262705436
79262710906
79295001228
79295041816
79295129564
79295131313
79295146953
79295205459
79295221599
79295339120
79295388022
79295434735
79295435979
79295501430
79295586040
79295604231
79295666170
79295708081
79295728826
79295730280
79295738762
79295819182
79295842588
79295847647
79295896150
79295932155
79295938859
79296035158
79296044111
79296066863
79296078312
79296088892
79296089406
79296165858
79296168899
79296171723
79296173510
79296179498
79296188426
79296195981
79296219108
79296338890
79296365694
79296425099
79296441388
79296480000
79296481034
79161422273
79069691999
79161405627
79161403732
79161346649
79166924723
79161341554
79099326653
79057164600
79175904450
79161365124
79161407776
79161347084
79161437439
79067505996
79161346014
79161386482
79161387644
79161401023
79161344282
79161401438
79161362669
79161460509
79104048622
79161456067
79161457742
79161389981
79773468728
79151134063
79161459803
79161372757
79161400720
79031972514
79259299606
79104246218
79104509094
79161410212
79162405637
79104429622
79161343559
79652790044
79857984158
79161405553
79647225872
79162047081
79161353630
79161411427
79161429035
79161415930
79778965865
79104260604
79055950595
79161405505
79161467341
79161405971
79161415713
79161431633
79161369456
79259253561
79161466956
79161375168
79161394321
79161374913
79264498299
79031835776
79169728769
79161360799
79161341688
79161424980
79858606231
79155548278
79161381320
79039704945
79067764447
79255087340
79654007272
79163936107
79264627317
79852270889
79687686146
79859860380
79154806943
79161421705
79161372545
79263729343
79262658094
79257299611
79161405611
79161384335
79161408031
79161445666
79161384954
79778878342
79852106414
79161374486
79169666870
79161445684
79639708614
79161310098
79096968298
79161445494
79161369019
79162981213
79161369444
79154834837
79165793535
79161387038
79161456567
79852316584
79250630007
79161441898
79060434082
79161408804
79167175897
79037449992
79150818424
79161440777
79161439443
79853851124
79663198488
79166460602
79161425143
79262214795
79161437888
79067466189
79686027378
79165742389
79161430753
79162533154
79260435152
79161444321
79772708940
79636681291
79161416165
79167189908
79161461031
79091683513
79267139141
79254614776
79031734549
79637197220
79161432880
79161462335
79104681645
79670415151
79161462219
79057120213
79161409585
79168020342
79154521219
79647013340
79653250587
79266951557
79161441320
79852745423
79099708605
79673767696
79161380796
79161382263
79161376131
79161442220
79161418272
79161385740
79162173221
79161377438
79261111093
79032060894
79161346786
79161437088
79161385825
79161436794
79161467374
79161346924
79262798415
79265716145
79161410592
79161405316
79166746870
79161425567
79608406048
79165490156
79859243539
79017367037
79859697085
79161367721
79161368681
79535341966
79161365228
79031546729
79997977408
79161362800
79060611421
79161457741
79150510777
79036232786
79161411691
79161367720
79028055545
79253033931
79654018172
79161353006
79161465646
79652071615
79636951188
79161368863
79265282787
79266745113
79060697720
79649749672
79161987188
79161461393
79260551377
79265394568
79199640443
79161384919
79161408132
79161458081
79161347561
79161424704
79161414185
79161368301
79161434185
79039790023
79035793920
79161427384
79161410600
79853611524
79161402512
79161422510
79066616352
79152722638
79161383381
79161365615
79035510497
79161444124
79161422823
79851540909
79161459795
79161387997
79035623803
79161405660
79150223687
79162460325
79150634125
79161443280
79165235111
79064515978
79161440282
79163395101
79261459052
79160731168
79161407333
79161459741
79161368233
79262068208
79031615320
79265941613
79161411049
79161223260
79169990008
79161373357
79161344887
79653230313
79261630970
79036848844
79161427038
79161442566
79161405647
79161446801
79161428131
79161426621
79161429577
79153135682
79166316230
79671260513
79017978792
79161448097
79161822597
79161380042
79161415227
79166868578
79161384784
79654391314
79161376293
79161464805
79161435483
79161361271
79104712726
79161451855
79262588799
79055594191
79165924134
79281311135
79150055821
79684973866
79161343517
79161353038
79161389504
79161413913
79161431671
79296978427
79161520023
79167180635
79036817235
79260469229
79031754254
79161367656
79161400393
79161660312
79161345249
79636400757
79161420927
79161462672
79161371624
79057899742
79161419524
79161430250
79252149778
79161383432
79104522918
79161355423
79161404267
79165770154
79163133676
79161425916
79154699252
79161403014
79161450052
79161413079
79031704619
79035867707
79255305294
79167453828
79161442584
79055636884
79326033285
79169012025
79031774560
79161354835
79161407375
79161454276
79167774433
79161440814
79161445238
79057733370
79161362692
79161363392
79253839776
79684854205
79166206235
79852251822
79161362817
79161409717
79161418794
79161440855
79036753102
79161439657
79175034638
79629314785
79161464628
79037219160
79859219948
79161403824
79161729321
79268767552
79264000224
79161444908
79161420674
79099656373
79163065072
79652079091
79161384326
79651760732
79161401177
79161435384
79165749649
79161371505
79166183983
79161352921
79161342055
79161366557
79161448440
79259126813
79161422056
79859240104
79104393340
79161408094
79161445873
79169315570
79295956707
79161442719
79687232490
79161409092
79161348300
79060689920
79161417218
79663106687
79161416174
79161444658
79255053347
79096384906
79162886846
79161434709
79161359684
79151042936
79162289355
79264641462
79104313969
79160333737
79161410581
79771719190
79163332708
79161396628
79161379565
79161410106
79057772141
79161382693
79267317500
79646432393
79252757575
79857274486
79689078956
79161429687
79161406918
79161406946
79161462085
79161441151
79161432326
79161377711
79161378718
79161420260
79525996038
79161387035
79201429278
79161346866
79161386853
79161434301
79037840091
79151599860
79152093279
79161442385
79169099700
79161421255
79161420658
79161457652
79057469643
79161434030
79099377241
79161467614
79165081622
79168749321
79269322025
79162415626
79031655034
79161402823
79161412202
79161464006
79104679667
79161463183
79161381434
79161383313
79035297769
79028303230
79263661243
79037262453
79161365844
79166746945
79161457846
79851862210
79150775833
79161427643
79607947804
79771727466
79253538728
79161378014
79161358485
79991646784
79992338174
79165836808
79161466459
79099828282
79161402878
79161444443
79104901700
79779840098
79053656910
79161384001
79161415480
79166967223
79222317395
79057669050
79161371961
79168889779
79161432076
79161437209
79161464410
79161402729
79161350257
79161386099
79168459366
79161439833
79161709394
79161385250
79161232823
79197771514
79161375550
79161456036
79161435430
79629926531
79067731983
79161462815
79161379352
79169041406
79850218635
79163667956
79953011702
79263040833
79161415121
79037773039
79161371611
79161447055
79161420888
79161346934
79161402254
79164043564
79161453677
79168293310
79161396955
79686488184
79031771840
79161400806
79251144502
79161358351
79672107830
79775958113
79161441462
79295967598
79266111630
79265477185
79161455479
79161442325
79104549460
79257712787
79161349097
79161451220
79035417716
79104483677
79161419024
79161453074
79167097393
79858011904
79161374546
79161365028
79161380025
79161361461
79161370573
79161467089
79161415797
79161389883
79255185030
79161400908
79161415519
79161363513
79161364636
79169241162
79259917694
79161341808
79161464620
79161349561
79161400615
79161363915
79161434190
79262685161
79161448244
79105949523
79161458680
79161387735
79161400883
79161409814
79037479006
79161409012
79161438179
79161366501
79164803474
79036830330
79057803887
79672508042
79099617801
79031960539
79774101058
79851608882
79251263901
79161386953
79161352092
79262262079
79161367695
79152966726
79809601390
79161360551
79160660966
79161464551
79261430323
79035718961
79161446965
79161419050
79161399369
79161369154
79055650787
79161439986
79776191530
79055854332
79161369784
79031206687
79162924845
79161382844
79161432914
79162250766
79773601900
79161362251
79037947774
79161384863
79161417723
79261572084
79997870130
79153511675
79031398753
79161363741
79242209449
79055539163
79197756635
79037104310
79164219946
79151965203
79161436370
79268962212
79161446473
79161411069
79161376963
79161399782
79161456095
79055678260
79031759010
79261477252
79269045173
79850673721
79167007797
79152121220
79161351444
79161370264
79775469680
79161453407
79778337673
79161385873
79161419852
79161379041
79161365266
79032060427
79161401097
79161439341
79160357357
79161361238
79161462976
79268880748
79161351351
79161355309
79267253040
79161420243
79161453271
79161360586
79851588888
79161454444
79161461389
79683950032
79031029679
79773299786
79161360065
79161383436
79161380134
79161416290
79161448296
79161402841
79197847463
79161380560
79161358638
79161425301
79161428846
79263523559
79653905141
79035211949
79161354364
79858099028
79161454013
79105089440
79055458281
79161442897
79037606242
79150508973
79151554110
79261158770
79652641856
79161422339
79161421500
79774645342
79266098788
79153612718
79161450388
79037779233
79266122695
79261075794
79175445509
79161402690
79911089094
79161414237
79161355926
79163494813
79091649192
79161461276
79267236190
79161347236
79269170949
79161444044
79161420906
79854879151
79161389391
79636196640
79161445493
79161382288
79161422753
79161411551
79859816021
79251317136
79153560012
79161379137
79264789408
79161454910
79651931199
79778843474
79104019104
79161385133
79161342058
79031193852
79152226142
79161415649
79161388231
79773494200
79161414479
79161457753
79161382121
79055676574
79161441767
79261516891
79161442366
79161403545
79161375308
79161420276
79161363237
79035135818
79161394959
79161368728
79803484378
79169399622
79154798939
79263073322
79161411891
79162786123
79161442910
79161466442
79057581377
79161411016
79161366641
79161415525
79263212734
79168542061
79161366012
79161410282
79161442669
79037399112
79260623404
79160181193
79161345687
79161443778
79161419905
79161343994
79161447604
79101887361
79859151393
79261433379
79161376889
79233660361
79685465899
79629936075
79622826868
79257214043
79161408170
79859547202
79161347814
79161369245
79853190819
79060921775
79855193300
79161450232
79161365125
79161411415
79161454885
79161403811
79161298440
79778077905
79999713790
79263578722
79161093203
79161418900
79161422214
79161443604
79161442357
79161350139
79854136477
79252231515
79161415672
79670630565
79161443945
79057270393
79161405939
79161422671
79161423882
79250084168
79161373017
79653542531
79267037456
79167508769
79853618401
79624715791
79250083203
79161436952
79867644210
79161404504
79161363332
79652408856
79161343388
79161447164
79055514165
79258338006
79859334042
79161427170
79161466234
79167543100
79169353613
79161348340
79161364319
79168096066
79161701091
79232824082
79165037896
79168043260
79161375230
79031913414
79162034699
79264779829
79651638218
79161445304
79161437792
79161424795
79161404070
79522385459
79161454514
79161429065
79826038588
79161492044
79233175439
79161350303
79067604062
79161361388
79166838395
79161352812
79161465688
79151117698
79055423313
79161449691
79265755379
79588061034
79650963777
79197609270
79857617088
79278168282
79160075643
79161442670
79197791211
79161354517
79037570258
79161415255
79269709299
79151550777
79161383332
79161440992
79166229273
79161424767
79874503472
79161414585
79161357278
79161365037
79257712342
79260777421
79032889526
79161421077
79057215271
79161455276
79191225040
79161345727
79161348285
79167544263
79778015520
79161419988
79152388982
79057518911
79161344710
79190245862
79037955357
79161441490
79037842985
79778520199
79099173597
79161445342
79161451192
79161381881
79161403402
79063194677
79037383199
79161360812
79161377092
79951152120
79161404042
79161445950
79161346842
79169546233
79663476210
79165732810
79057013358
79257358817
79161362359
79165465722
79161361953
79161418835
79161376289
79161453259
79161353501
79154147680
79165333043
79067370397
79035945491
79161443031
79161423132
79161457513
79067824488
79161376868
79161382293
79161447728
79161410878
79151468199
79161375547
79268850703
79161437362
79161341576
79175038759
79161428878
79267270067
79166725376
79161443781
79161436252
79161361544
79774983925
79161393343
79258609107
79161377435
79091507494
79851214437
79161359946
79161425857
79161363213
79161346596
79163338978
79637879838
79161437190
79161370316
79161400886
79036738744
79257059571
79161349277
79168456105
79161414120
79063573764
79031998402
79161448085
79856339047
79258452173
79161360207
79161455143
79161380735
79161432557
79161437431
79262748016
79161466705
79161455730
79099791044
79161452453
79161366987
79161355123
79017067725
79161463110
79653751168
79161407104
79161408446
79161460588
79853845260
79262750184
79161417898
79606180049
79161436504
79161378555
79253836665
79179534199
79161440175
79169455335
79032493881
79161440633
79161366794
79161359293
79264275265
79161410664
79104146463
79161415552
79161457206
79161402752
79194405898
79151679045
79013474263
79263606362
79268397906
79778728731
79161409754
79032781241
79253358431
79152125014
79161432953
79036612380
79853361198
79067767884
79651280158
79168390929
79166674291
79169546918
79296595364
79264636232
79258531893
79161403716
79611463615
79193858365
79161444560
79031943177
79162588704
79166709000
79166199922
79161400361
79266936281
79651956559
79629675455
79161456001
79104771191
79161457606
79313516030
79161465621
79161410333
79161422945
79637777673
79161437959
79161389431
79262173976
79161446420
79161403919
79161344802
79527085794
79161355448
79161431036
79161441578
79099767644
79161464684
79161388138
79161366788
79855592739
79161388262
79161434975
79998214015
79039669798
79252740388
79859520507
79161458379
79655244481
79161410605
79150442648
79055558344
79775326968
79859207575
79161354242
79162063601
79857642314
79032363952
79161364052
79161364742
79197647967
79199971339
79160180185
79671762518
79161428119
79154541400
79265179378
79161425748
79161420847
79162921423
79161430319
79104463841
79161422294
79031414853
79108765168
79262351092
79261546082
79166763157
79653174720
79161347440
79161401523
79161453749
79147550057
79267168617
79267576583
79161359412
79261188918
79161422325
79268671448
79161453733
79167974113
79161440140
79773628346
79163200920
79161362435
79161377993
79067497362
79037103018
79165079101
79268692544
79161456981
79629289673
79161361340
79261960943
79161385544
79161383784
79168810375
79163417817
79255186717
79255046821
79161359987
79178663564
79636361878
79161419037
79031013181
79161357270
79161454684
79645968226
79036273967
79104922398
79168517050
79055598566
79175322087
79161413532
79161459570
79161426509
79036815915
79165037009
79161454025
79856608519
79161400093
79161463088
79161434340
79254185239
79168546709
79152195489
79161346839
79260122390
79161367241
79161410134
79165658688
79104030375
79628072849
79161464086
79161417745
79197780225
79104534388
79161371110
79161409976
79652835734
79161356821
79161458363
79037342860
79167086142
79161369659
79035887667
79636557971
79161385566
79161373487
79161412264
79153807884
79161438850
79161445201
79160736273
79161356893
79161385073
79161386582
79857451414
79168280406
79161439166
79161460760
79161433738
79292774006
79161413038
79161421932
79165143438
79055793489
79161438380
79588073884
79161458375
79536558100
79161378221
79161442884
79261711349
79161405314
79161460049
79161406585
79161389878
79859241686
79161359436
79859988442
79161462558
79161418096
79165779714
79161408648
79267294281
79036180037
79269185859
79168210410
79161444736
79689277285
79256063015
79161402833
79161351322
79161462656
79161410561
79037098751
79604215763
79161381835
79161351672
79151315907
79161357422
79161341437
79130028111
79161349431
79035039104
79161376574
79161460946
79161361284
79161372168
79161428560
79636665160
79161467594
79773037923
79161376880
79851208334
79161381191
79250576041
79161457667
79152287705
79161408712
79646232814
79161400808
79265810020
79261287282
79857610420
79032033595
79520725830
79161427136
79161435450
79160685000
79637861093
79250379792
79161405625
79255062542
79130192222
79098271535
79163943554
79161351242
79637165388
79161357537
79253559897
79685784433
79161344177
79161424150
79161365222
79031419762
79161346878
79161466419
79161359239
79161364075
79161434908
79161450732
79161411547
79005900066
79161455929
79645017410
79166595716
79030021145
79161427353
79262968380
79153621657
79602976353
79161385771
79161425077
79011516182
79161342345
79161424894
79035932674
79161369011
79150460294
79295001924
79154735728
79161462050
79264267769
79161433589
79161426061
79267835530
79645543841
79014293499
79161342285
79295099700
79161439000
79266030296
79161347635
79163645546
79996194634
79161349557
79161441488
79031479769
79161453921
79167177264
79165258553
79161448868
79028080099
79175250184
79161239038
79057789431
79250428826
79629036277
79164185987
79161347411
79161419112
79266019865
79260299512
79035349049
79161441695
79254886300
79153206077
79778753435
79513326456
79161373237
79826639067
79161378875
79161419739
79161447484
79166832885
79161356527
79161375863
79161450171
79067702892
79629298000
79161347707
79161428539
79652423532
79161354639
79037432796
79161357942
79852359995
79161353224
79161377731
79164480115
79161382661
79067482424
79161385930
79161362169
79036293620
79161393456
79161417396
79031422653
79161409297
79264492261
79160020016
79808917325
79161462376
79221452041
79161383988
79161401799
79161372722
79163437376
79161466802
79161409017
79859765574
79778176794
79161454804
79161360976
79161360505
79161353166
79265754429
79161383081
79161434838
79037553851
79161360759
79161412050
79055690836
79169669249
79166215025
79161368667
79161439769
79154272727
79296588678
79161467352
79161426341
79162120561
79088922990
79037900692
79161400173
79683395859
79164950748
79250477465
79654231719
79161538833
79653178771
79262765883
79688044507
79255302006
79167779097
79161458178
79161422889
79161465981
79161444067
79165030029
79161361593
79161382813
79163250814
79850303485
79260648803
79035602782
79161393973
79161411860
79035754735
79161390201
79030081126
79161355389
79161410557
79067191254
79161342891
79099350880
79161428735
79161354880
79260654192
79161412168
79167925741
79161410335
79161431228
79161447177
79161465630
79629594426
79161425369
79262050405
79161343051
79161365508
79161456575
79161418012
79308164939
79161393588
79161387839
79161352042
79166426965
79031275978
79161426616
79262541948
79099121706
79855350199
79031412513
79161466881
79161367176
79161355974
79161467610
79161427228
79672900505
79161455970
79162556687
79067407104
79161423016
79771627231
79261018324
79161417733
79268276533
79779887179
79161453845
79169899331
79161419926
79035267550
79032525544
79161429060
79167050350
79999797592
79055778059
79219129525
79161466843
79161444261
79161410182
79161445575
79213121668
79161411107
79175280255
79269365960
79161353245
79161421404
79778790407
79857659569
79161440382
79161421145
79161438894
79169671928
79161455180
79651835002
79161399001
79161380895
79096480349
79161435897
79161348000
79879278895
79161368406
79853519728
79161369031
79161378844
79263041448
79161569889
79031691079
79918166724
79161367671
79161343846
79161386323
79161411733
79161444386
79374651509
79161447041
79997417779
79013526523
79060698953
79263836789
79161370549
79161358727
79852502680
79015301550
79055645298
79161456128
79161410598
79262697151
79262207016
79161885069
79161351991
79161402991
79161397099
79161365270
79161442800
79150368714
79161346738
79175805855
79161344084
79161347120
79161464736
79104241667
79161401829
79258059894
79161446685
79161407391
79161448022
79161368292
79161375332
79161379917
79161384505
79161375075
79525849272
79151901733
79777317011
79777671022
79161351532
79037941773
79161462978
79161467566
79153491240
79152257129
79104606760
79268392089
79032338070
79651742044
79259160684
79670039577
79636557793
79161440404
79161413798
79268930200
79269051545
79161456198
79161427916
79161342776
79046470620
79161445929
79168572309
79651100451
79165184754
79161440340
79251439112
79161371158
79161439695
79688277875
79161372194
79264055471
79161386008
79771794176
79854458825
79035203130
79161359218
79161417579
79037217447
79858005586
79161452249
79165562612
79164027813
79169897753
79265271672
79150541410
79161066346
79161425851
79663100275
79269068814
79251981355
79031235679
79870292963
79031678156
79265603320
79264787672
79161427075
79096418440
79161379443
79037199165
79161439624
79161449624
79161417689
79163812513
79660181874
79031591373
79161380221
79035748519
79858477678
79161434258
79623630369
79161404603
79168029879
79161413147
79161374411
79161350617
79036683431
79015171177
79161439667
79166776727
79161464050
79161342167
79161420020
79645056888
79161460458
79261116016
79161354924
79639708071
79161434971
79161449926
79162701576
79269602683
79161433112
79859817198
79620700049
79161360286
79035678917
79161457481
79161453052
79031326004
79999093820
79263350064
79161418063
79166211113
79267082351
79161389578
79161426238
79295800976
79269367517
79772682962
79161347373
79161458300
79778292901
79175279829
79163340121
79167374286
79161466140
79161412112
79161347180
79161369197
79999900666
79161445924
79161461062
79161466876
79161382868
79161456604
79031956852
79035953949
79104069723
79161342204
79161443777
79161409626
79775631803
79161459065
79850281941
79161417754
79161448812
79852334919
79055894783
79161369465
79161353597
79162057750
79161408268
79161450212
79161385834
79162952778
79161342945
79161401336
79161436126
79036245112
79161464800
79299221230
79165061039
79671485685
79629995226
79153892414
79161417576
79161381651
79161436129
79032578092
79161387822
79165289429
79161382184
79267535170
79252377010
79689335357
79161453563
79653473679
79161426302
79161449460
79166432154
79154911669
79161353237
79252627393
79161433198
79161387719
79687488610
79161360205
79082728981
79161402330
79167307928
79161464821
79991952108
79161421543
79037660609
79161464885
79161437393
79161368764
79031827021
79672270738
79057149202
79161363728
79161407740
79161427993
79175161203
79161373607
79161451896
79161418458
79035344504
79161460322
79856617340
79161341654
79161430054
79161440552
79099731918
79161368126
79161409857
79160267946
79261155332
79262759992
79251278808
79161352040
79687531484
79882567280
79161426039
79262280927
79161357371
79161376516
79161398681
79099439397
79165067527
79671794446
79266936962
79857623181
79165589930
79161341689
79161347191
79161400158
79775745200
79252156001
79161341560
79161445244
79161465956
79161369727
79037441222
79267537930
79161361969
79161434577
79161352223
79253326574
79014201953
79161406025
79161376960
79163136066
79161362799
79261680749
79056777577
79165872135
79260842024
79916624300
79265674412
79122387344
79161435657
79263241655
79161439999
79161368274
79161441776
79161434277
79067054099
79266460288
79163946910
79999817267
79161341650
79153159070
79161422822
79683393344
79161414191
79161450098
79161467688
79161384940
79175908226
79162441269
79161383459
79019013700
79161355628
79060414239
79998322076
79257903335
79161404338
79687627212
79859917289
79161344158
79161350653
79161402340
79161456789
79036108319
79161368410
79265326990
79151821668
79161389054
79055765688
79055256462
79161381307
79161383533
79161387475
79161424370
79164904949
79509753749
79161425744
79854792788
79161463448
79161362742
79629105759
79161448837
79161442933
79161358142
79161465998
79175649911
79161346827
79161401320
79037243060
79161373469
79161415825
79161458474
79267948031
79268360429
79326070492
79165216154
79161348939
79851989553
79161351606
79037716362
79161349916
79161407094
79164066191
79161428535
79161382720
79161424272
79166336406
79998000300
79161414109
79268548563
79161453305
79035004870
79161376062
79161452343
79161349425
79032206152
79161433375
79032155327
79161351134
79252182562
79295774284
79161355129
79161386830
79197674310
79161443613
79645715954
79858148840
79161358839
79857646494
79161436368
79161429942
79161428526
79161441226
79161441962
79161376642
79160201406
79850666265
79859285031
79017180577
79151852786
79262546482
79250568969
79258316151
79161351956
79152443976
79161358812
79161346695
79161367306
79161443295
79161364996
79161345524
79153217027
79161438298
79161357197
79161448861
79161414206
79161361610
79161452292
79161360113
79161441211
79161367596
79999031105
79777873400
79161442799
79161357434
79773344564
79161416618
79296816157
79161465283
79263198812
79859517909
79161381802
79161403909
79161411144
79161414243
79267358057
79161449395
79852650414
79057905253
79161387555
79258116070
79161367436
79255959219
79161361761
79161432387
79161374248
79251318154
79165809649
79857757474
79161420214
79161441012
79169117876
79161454496
79853447501
79154122042
79161428351
79161442531
79153040335
79250526849
79035458506
79161376731
79773793821
79161425557
79161387076
79161459637
79653338684
79773571989
79161439641
79161465660
79500502886
79037521724
79161374662
79850877121
79250915124
79161453874
79161440516
79161362424
79161426567
79215782953
79161449805
79161362272
79161419051
79167947962
79161447254
79099790101
79168577058
79161367141
79160318130
79999063641
79160569721
79266784955
79161423918
79266284411
79161407723
79165634733
79161441836
79629998848
79161362487
79031372650
79161400918
79161459395
79161427398
79161437168
79161346848
79161414441
79685853675
79161435675
79161361230
79161352995
79850626055
79161454971
79296578484
79166687257
79154781110
79887636348
79161385061
79161357868
79161363395
79161406715
79166484640
79161402273
79251283060
79161356575
79104531987
79161358404
79161366664
79161452255
79031425751
79161367044
79629292536
79998295354
79161360773
79807462634
79161463333
79152828495
79161383615
79161343424
79032852343
79161377996
79161432283
79853173578
79161341232
79175408800
79161406181
79161402521
79161363218
79163846793
79175500362
79161749046
79154177054
79161435336
79162537312
79032783910
79300876534
79161353203
79161359090
79269919639
79055686111
79161386112
79161377368
79161445618
79032527373
79161415957
79161346052
79251809872
79161358260
79779953705
79128588088
79296601515
79104419155
79161412967
79251164414
79161451467
79161858940
79037426602
79161387638
79957908313
79060355249
79268097322
79161436034
79161409999
79161424771
79255054870
79161429656
79057692130
79161459228
79161386564
79161443002
79240083444
79161443189
79165824225
79161395518
79161448217
79161448576
79161346129
79161467560
79161376490
79161378845
79161448855
79251720831
79161402882
79161425987
79653256201
79161447118
79854212625
79161351026
79161369476
79161481295
79151537958
79254682523
79161409839
79161433631
79161378975
79161440375
79152522280
79161466959
79774971807
79265423116
79586818802
79169255215
79161412882
79151229928
79605287667
79161364704
79197612921
79672920502
79161442528
79161452157
79161452242
79163202384
79161361866
79163965501
79857657727
79161404697
79055010706
79031237560
79143890803
79037546563
79161385319
79104088507
79161420482
79104059781
79161446070
79055863297
79161385568
79161447720
79261671404
79037299769
79037705058
79096798957
79161454832
79055515145
79266739902
79161411435
79261912424
79161346520
79175089707
79856415053
79161359281
79660597171
79262810711
79099135407
79161384933
79264649164
79161407111
79262100685
79637817172
79509039295
79161342425
79161413520
79161430824
79161405110
79266984571
79167331955
79161353733
79161407767
79777583887
79031670173
79153041515
79161407030
79161415373
79161427737
79161372331
79166388505
79060520984
79161344830
79031570998
79035666088
79636028063
79160640432
79161377391
79055711612
79252260071
79161418090
79267916116
79853685532
79853084602
79166836599
79161422714
79773034134
79161418967
79161368080
79168068227
79161461974
79161431503
79161432834
79161440355
79169930316
79161374887
79152244003
79684950089
79161363120
79161449982
79191018326
79161465000
79530459300
79161462514
79161377805
79519034433
79161361148
79161355422
79161400449
79774875475
79161448801
79160340307
79161419715
79854556330
79272182053
79161366335
79630433388
79161449742
79025000916
79161451436
79255917589
79161347020
79637172596
79161389369
79057228837
79161404847
79151011997
79175712954
79161465411
79257002457
79251320090
79161379918
79161370217
79060792268
79068567294
79035414528
79161418987
79168212831
79161346617
79652470077
79661323313
79161419486
79671753352
79161419794
79161455818
79255640513
79104777723
79161458676
79161454874
79161369955
79161456082
79161351915
79161450592
79161357779
79670777039
79060588900
79260175183
79168088763
79827528465
79161467598
79161363682
79032613598
79161453765
79163267472
79037159492
79266328235
79161458960
79167818645
79261853508
79057352659
79775676524
79161414219
79006365623
79163115442
79161443113
79153926255
79162229826
79161443602
79164886437
79162487103
79037071691
79256138167
79858096126
79161360200
79161459513
79036273937
79652155288
79161429877
79161411910
79161386531
79652485225
79067614544
79998401312
79161417142
79100032856
79199612951
79161346047
79161420073
79096666662
79267683818
79161408002
79670498035
79161431572
79163846027
79269627761
79161369772
79166244444
79161344034
79161413226
79104655273
79626220701
79258844704
79161353864
79266118066
79165575217
79161364151
79161410823
79037601594
79161385611
79161360040
79161436266
79161347640
79161435090
79161360658
79161354424
79161363383
79122211026
79251772652
79264696173
79161431271
79169047873
79031656519
79017878501
79161346444
79637824545
79161374618
79035423606
79645555911
79162058749
79161347047
79161457960
79161376791
79771498773
79161435093
79161384290
79161446936
79013465520
79161635067
79036765058
79161402283
79161437488
79264155677
79161350057
79161357741
79161457332
79296544664
79099620518
79161442826
79161464902
79161341905
79161402763
79161501830
79057978936
79161408227
79031829693
79268986444
79031642030
79057430303
79657174205
79161342980
79161417235
79175894983
79263734618
79161457376
79151256008
79161433985
79161264900
79161388843
79151204664
79653822447
79169389611
79104549299
79263616152
79168148741
79265389332
79161464986
79015197386
79161459237
79629488214
79161427268
79161427595
79161408856
79885511781
79161375404
79161408229
79034556661
79036612021
79037943848
79161360981
79166494201
79161388976
79161416177
79161409476
79165625278
79161432233
79161388875
79031272336
79161359418
79161361696
79688312770
79161401856
79037449067
79646456811
79999703328
79104941460
79161417911
79161366554
79161379151
79169976686
79774003393
79184322419
79031736099
79268646774
79161344203
79169674796
79161435070
79855327064
79773562847
79269110731
79028018015
79161427190
79161354498
79161383388
79161431373
79161370524
79161443916
79670210300
79154264106
79160413636
79064731205
79161433580
79268504065
79161387562
79169048643
79019016094
79037859631
79162997807
79161460245
79160767183
79161422978
79166968457
79859247264
79161462538
79031403775
79161462603
79161454287
79150946960
79104651145
79250606964
79160363681
79161438406
79647704804
79161456559
79161417604
79261621895
79161404280
79161344545
79889081111
79161361471
79161365769
79169035741
79639639644
79163239232
79165214515
79169363655
79161431822
79161467669
79161366101
79032312960
79265543928
79161357050
79253214071
79850354838
79161186773
79161438231
79175282413
79263791333
79267059800
79015467070
79165354855
79165610747
79261707727
79042628402
79161355929
79161456656
79099669089
79161447646
79777548001
79161344685
79151687475
79296150987
79637872224
79161349004
79269553274
79161447385
79161355602
79175584048
79055812465
79163209399
79265457831
79164449516
79160852120
79670387317
79261276094
79205546648
79771368127
79636893278
79684741257
79161416427
79037765986
79154189190
79161430144
79161348304
79161432311
79161451846
79776720216
79296403735
79166731568
79175950985
79161362095
79175330355
79161343399
79161382721
79031813289
79161423498
79099717589
79161364264
79031779202
79161351484
79161422223
79161437352
79031314734
79166779274
79660799933
79161421598
79152174258
79629215988
79645702474
79265939490
79262225905
79251015797
79153803479
79161409933
79161463869
79161388393
79161389433
79266876125
79055287962
79161347582
79161424522
79161432855
79266531495
79035385243
79161381599
79161381953
79039665751
79859800135
79161443445
79997704907
79685870800
79253418074
79032952025
79851587070
79161419003
79259275202
79299881090
79161428927
79161444811
79161348953
79264096081
79161436787
79637822702
79011874091
79161383276
79167951101
79057782176
79161373744
79161405372
79161458481
79161356078
79270008577
79154055005
79067210771
79161370780
79778309522
79654470599
79084423332
79261927128
79161406891
79691981000
79161450414
79652912298
79161356460
79091611512
79161362434
79166977213
79161425040
79161438553
79854232068
79162467709
79122874156
79161441171
79055505606
79671083935
79161391113
79661418454
79300000789
79777398469
79776884438
79161368059
79161413203
79161461751
79161369661
79190688750
79161461369
79853600063
79265630519
79161388210
79251015418
79260017001
79162153800
79161450065
79104548191
79166502162
79161448228
79161358922
79161466760
79161370657
79164980685
79035576519
79161351197
79161645950
79833200618
79296246323
79096992272
79254524402
79154986554
79125829875
79032310329
79616280561
79161386295
79161464030
79036291300
79099528338
79152782652
79965578070
79162706203
79056224033
79161386613
79269450195
79161442254
79161434983
79157902250
79015787279
79773716426
79161405866
79161423783
79161438326
79161389456
79161422524
79166563127
79161461312
79161366795
79057898051
79161408454
79161453188
79636969393
79032166116
79857043550
79264325150
79161452526
79161432736
79161408772
79161414993
79161345738
79161426568
79161463264
79264814334
79262106117
79032340589
79161427803
79161345961
79161370773
79268859758
79161377961
79161418548
79161401507
79852244777
79161451437
79261484498
79161458814
79161359748
79161380680
79161375152
79099548545
79260498303
79872717598
79162105316
79161430949
79161353933
79037199567
79161431720
79161420895
79263563638
79035299707
79099023314
79161434366
79035363674
79164277704
79055538833
79161406696
79265777533
79263402444
79161420660
79161442380
79060451690
79955026986
79161356570
79161447678
79651518131
79671082850
79057203940
79161414406
79852270507
79260718889
79035844445
79057960649
79852985520
79154649602
79220313598
79161404095
79255151864
79161464575
79859699133
79161405947
79266789658
79175072500
79014264582
79161465563
79647094353
79060107077
79161458149
79263356288
79161355983
79689613911
79680408900
79164605370
79030099816
79161450895
79671385037
79161462465
79161374033
79681101965
79035770255
79636813384
79165737171
79161372254
79161372454
79161442919
79161352944
79233154560
79161451280
79161455550
79161377285
79161371956
79161433980
79161380648
79161433256
79161449816
79035879865
79262941697
79161428689
79265651926
79161348042
79161431560
79161420494
79996194567
79039788393
79161449285
79161418549
79163091620
79161349818
79161372606
79161405773
79161440797
79161441687
79056915413
79161459903
79661707071
79161413168
79161445542
79161413214
79161465883
79161389228
79161403839
79303492315
79161399073
79161375559
79161460241
79161444757
79689979765
79161363370
79161407830
79307018813
79645303435
79161435714
79826086164
79254275051
79169716319
79161407670
79055910897
79165189718
79035855557
79099853311
79161447000
79262328171
79161422960
79161453719
79671381501
79030124371
79162711456
79857235996
79037072225
79161440743
79651136080
79039025737
79161359359
79161400114
79858019658
79161363887
79163515019
79258886508
79637507093
79263351544
79161407896
79661948833
79067909960
79161439989
79067629867
79852191902
79161460320
79154135694
79265559215
79161418918
79161347733
79161386263
79161442658
79295759134
79854165516
79636154040
79161434576
79168363067
79161457959
79057976060
79161372100
79161439413
79250562566
79161457020
79055103899
79161407074
79161371207
79060484347
79161432015
79161430982
79161458187
79224654565
79161455439
79165734830
79161369689
79161381198
79161355542
79772824006
79161404689
79254081394
79161435982
79096626043
79161368792
79161440824
79168829939
79143412134
79161421123
79169009006
79161464366
79161417792
79851723009
79161383363
79266172857
79654294732
79161419821
79161443834
79036263145
79166549109
79031463208
79161446567
79161422461
79161461168
79161353300
79776962631
79853337292
79161453342
79161348638
79267030708
79161412822
79161360070
79037082902
79161442812
79161446834
79636870488
79161408460
79645671634
79161455961
79161724871
79296148806
79181352211
79161423335
79162961642
79161463473
79160827226
79289684263
79099993917
79161441152
79031720472
79161411870
79161457590
79161411004
79161442115
79161362401
79808913398
79161418287
79161452867
79161366441
79859526565
79161443587
79161414027
79161386787
79099539464
79161393653
79161374856
79265494312
79161385755
79161363125
79999882242
79160179818
79161455544
79104065366
79161407010
79161416336
79161360652
79169212317
79161409590
79258249837
79161461619
79162463195
79037135672
79161443315
79161441664
79826308297
79851838538
79168094995
79161401212
79161434209
79161392714
79161427243
79163434102
79161348911
79689488737
79035082365
79161397023
79372315944
79161419394
79629270933
79161411521
79161440928
79161426832
79161408052
79175586883
79161428602
79057790197
79165036751
79161467332
79161465334
79031299115
79859273411
79161409525
79267099437
79252777020
79162880272
79235071707
79265925018
79039763854
79161389579
79168733333
79162135177
79161414779
79250516575
79161409781
79652520130
79060940036
79854518771
79154845974
79263952888
79161450309
79256177523
79161370237
79851895400
79161455673
79037483625
79266233100
79161382552
79267082050
79253178917
79161405074
79853854181
79032982268
79161429775
79166001110
79267060252
79161461494
79161359241
79161435677
79264683191
79060346344
79161365100
79161431966
79161424279
79161460641
79161427654
79161392244
79161456202
79161464360
79160955831
79262208412
79197616469
79265503545
79161410015
79651123330
79161436134
79161466689
79161409131
79645050604
79161434659
79161445779
79858461494
79161420479
79161442934
79265816270
79857221690
79663899491
79161439670
79161356440
79169035533
79161350906
79850556691
79161364358
79161417287
79161375131
79853697782
79161458646
79164611470
79250296939
79280487070
79161354441
79104410839
79161406037
79161419308
79652327212
79035462627
79161447364
79067009983
79161445798
79161342805
79161433732
79161400400
79161459177
79161377739
79777271867
79161428870
79167125265
79652226400
79261805098
79161341334
79852328098
79856494706
79161412545
79264681614
79100138896
79169302701
79163474919
79161378896
79161342251
79161436002
79161374999
79155146559
79161369339
79161417790
79129225121
79161420883
79161456210
79161347320
79161363354
79169073744
79161404478
79161417651
79163765431
79165025003
79165452616
79036238830
79776330576
79161424977
79208069798
79165270162
79161417544
79652756971
79261005936
79161365649
79655182046
79161387346
79161430034
79263631991
79161458900
79161425281
79253193120
79152733702
79161410291
79161356124
79161376538
79262144211
79645930981
79057334822
79099111754
79161440528
79161411099
79161375777
79161381113
79161433789
79161467007
79035036524
79154956759
79161352916
79161440016
79161355319
79161418827
79168289178
79067954435
79161436293
79031093574
79099729395
79161405898
79161462367
79251834541
79151935951
79161278000
79645748609
79161365018
79161443978
79260073982
79032742995
79647845666
79264110455
79099406751
79255073769
79777416907
79037607049
79161449152
79653878533
79161419492
16504001637
79772687961
79161460058
79161343722
79093244969
79646420744
79772793850
79161460457
79104648064
79161383418
79161431993
79161195040
79161467524
79154915913
79161372518
79161350744
79161361038
79264927319
79161431856
79154131968
79055635565
79161361504
79161401494
79160650101
79264466336
79161443920
79162302162
79031703664
79104516494
79637547868
79192969556
79851658446
79161411045
79268107965
79099657303
79168206593
79851761510
79161402379
79161412753
79161381058
79161427347
79161452252
79163939304
79161411965
79161443607
79117710654
79161377980
79161352731
79166012404
79161459131
79031615156
79194722603
79670394747
79165788129
79269712438
79154160811
79161420855
79161430331
79296511571
79162576390
79684705811
79296703020
79161361083
79161349866
79104691294
79160285688
79161311066
79161440452
79588297905
79035973789
79099563055
79161342820
79164832201
79687082760
79261506465
79126496445
79161365053
79169534166
79670997148
79269808111
79161349583
79032722243
79089157814
79148460706
79165440504
79161465423
79160719404
79161430132
79661695881
79691130003
79161350300
79161404311
79161342789
79163155907
79161465515
79636870077
79266603966
79161348987
79255093635
79161404198
79161371222
79161460269
79104175506
79161433013
79260609186
79262159670
79269509001
79262732357
79163741850
79162549655
79266545554
79168348964
79264731119
79854111790
79161379277
79269763244
79689838891
79265899147
79670184955
79160378279
79161423200
79857631581
79161347449
79161341552
79037824699
79609718968
79161404423
79161357253
79161450915
79998791647
79031587838
79161358413
79859971350
79161455921
79670809886
79376955505
79037331422
79263268046
79161405741
79161434746
79161136807
79167540527
79637697389
79195245130
79161417508
79779800506
79037133033
79161424453
79161370605
79161461109
79169361805
79161457282
79161426439
79168362716
79776780977
79161437706
79296360513
79998515931
79161442499
79199940221
79161762204
79854287200
79161382830
79161440794
79161451538
79854853031
79161458529
79854183944
79161447395
79161467502
79851850933
79623627833
79161463774
79096405760
79161341199
79161396998
79099321195
79165125058
79161422931
79687539617
79067553399
79161452491
79263679345
79161362262
79161419894
79161361479
79161424766
79853437976
79099984549
79167269810
79161417269
79161364556
79017557234
79253225209
79161418110
79161398317
79161451546
79037579325
79161400109
79672341321
79161428282
79161459242
79850552155
79161357695
79161449944
79265013168
79161413823
79161408533
79104338540
79162476929
79096788500
79161351109
79104904999
79163453271
79250351205
79161370699
79161376433
79161383103
79153260195
79164223501
79165194584
79645538585
79253094742
79161428255
79161385783
79161452916
79161371362
79067150358
79161350484
79774442897
79688610766
79031121406
79161452406
79055364580
79161382117
79152652563
79267216769
79265774675
79161429629
79262695686
79161365582
79160308830
79263638465
79037963762
79265831852
79588148175
79055012054
79161346244
79161462351
79161419200
79151551735
79161403603
79161449796
79778481850
79150808040
79160383599
79687461398
79998082025
79161431219
79161421459
79032484891
79161439716
79161359242
79154955336
79999159311
79998317737
79161368343
79176139363
79161429860
79032707676
79031631088
79774626592
79161437714
79268260520
79035991144
79161364601
79777187731
79161416784
79646306855
79161344380
79161403878
79164833352
79039703090
79265351683
79161427955
79161420971
79169558069
79194104652
79256478818
79851370553
79672247621
79161366230
79161434336
79096690680
79161464151
79670611142
79161448333
79950026733
79161345163
79684841884
79161445760
79161449554
79165171622
79161386094
79161413343
79161352777
79161389200
79161448251
79161462577
79161409711
79161428746
79161431091
79154579430
79162482286
79161465358
79629511575
79261765824
79689280719
79166244424
79161356921
79161365837
79161422170
79100881127
79161455527
79161438822
79670915397
79036794778
79175760406
79039711962
79161439994
79257241295
79161453930
79161464842
79161381164
79161445385
79161416670
79161414157
79688415236
79161356777
79169900318
79161460232
79161410641
79161456570
79161436582
79261528191
79161445813
79261298858
79161370960
79161385615
79299706401
79268293386
79161429895
79161361278
79161434050
79688243015
79161392897
79161407106
79161438730
79161434360
79168821126
79161431922
79161363839
79161411857
79161448717
79888723068
79161423486
79163881108
79262561549
79190009098
79031907522
79161410175
79161357223
79161417558
79161348756
79161367809
79777223835
79161380666
79777437636
79852339729
79161458876
79037667979
79262633130
79645667736
79161457151
79269389732
79263453107
79161381000
79161466258
79161406446
79161465237
79091504402
79161420453
79161357456
79778975124
79032665455
79672353404
79161440058
79161432619
79161407747
79151862378
79161355645
79161433294
79161451749
79161420087
79161356501
79254949347
79670186027
79161419298
79168864758
79161341469
79672981717
79161421604
79801868211
79166190074
79161358347
79161575577
79161360241
79161450216
79261235346
79161415182
79161375711
79161454237
79161355495
79384500909
79160714528
79161466115
79161355255
79168171045
79165748936
79161360468
79161465421
79264944882
79629435407
79161353632
79161457749
79219824251
79771218629
79152776729
79859748522
79161413048
79031421777
79161417378
79161453121
79827568764
79161366006
79037329091
79854018265
79856431418
79035583718
79161453279
79161427607
79267162003
79161365468
79165909893
79104434279
79035169304
79165975947
79161448204
79670798773
79822458419
79161448997
79261684811
79055161447
79161387598
79653326405
79167220702
79162295366
79161407689
79162851106
79859712839
79032444447
79150666361
79161440856
79160142594
79267440710
79268769744
79265301392
79161402185
79645542193
79161385913
79161413112
79161367329
79161464996
79267894772
79257037148
79161353766
79161466498
79778806830
79191018224
79097505314
79030095529
79161441604
79161455368
79161458294
79260620969
79851857010
79161401333
79161458771
79161346882
79162062857
79161400834
79910982809
79161427252
79161438926
79262319798
79588003669
79997104542
79671483553
79161452958
79257195779
79161374229
79161424659
79161400211
79161444526
79161410007
79161426358
79161453000
79165574952
79037213914
79262832698
79161368013
79164642396
79161446904
79165927015
79161395191
79161397500
79773876203
79161379708
79161357978
79031023227
79161415533
79161456566
79161440505
79161379450
79161358884
79161460369
79261258343
79161387329
79161439714
79161343175
79672858341
79161366130
79651481793
79268763101
79161465194
79055846281
79264263066
79161347677
79857840050
79855604877
79161457500
79150371961
79857255598
79161382551
79161386103
79299369993
79263458994
79028790187
79257093106
79685424717
79161439519
79169505909
79161446774
79161378237
79778922059
79031557055
79169143885
79167058564
79161368121
79265472425
79161409764
79261196070
79161457672
79827467188
79031065440
79161421611
79161360101
79161408484
79161447617
79683683470
79161384034
79161428782
79057288441
79161443994
79161404077
79167085005
79161401462
79161465844
79999922405
79039643254
79161378897
79221374011
79161437403
79161436750
79161427573
79265302287
79161405347
79161444780
79161429558
79067152030
79161345677
79265339892
79161384280
79875217732
79161381282
79161464918
79161342062
79037989405
79161355615
79161390013
79161460417
79263450706
79168500900
79161359091
79161401047
79031011236
79161436924
79161442285
79035582053
79161377246
79161347755
79629292368
79647833877
79104888613
79161461010
79519793724
79381478231
79060778931
79161371193
79161355099
79265538321
79161464017
79308880088
79161362368
79035216835
79161375013
79031901779
79161367586
79161423759
79153426162
79161383809
79057791908
79168660550
79263221400
79875193674
79161380260
79163930824
79104561658
79161433613
79857218310
79161349409
79161437410
79161363380
79154386256
79853640315
79161465049
79888335319
79161461057
79851179976
79164497915
79260529070
79033632346
79161405677
79686893091
79161459026
79104664603
79161364615
79161411098
79161361268
79161405522
79057905826
79303404323
79161343750
79161387886
79167121150
79161354702
79684320707
79998031104
79169164432
79161372498
79660701082
79057122725
79161359745
79037658275
79161461462
79161406386
79161428309
79161405424
79169887309
79653752470
79851880370
79857223169
79773746280
79161409560
79161457650
79161368460
79161448504
79161383213
79160902016
79161407981
79163772499
79161466376
79037611112
79262790124
79161436726
79161413098
79853591470
79689514450
79161437809
79161403914
79057585937
79161348280
79161406897
79161405265
79161451801
79629710333
79161436147
79647051687
79161445503
79772945832
79168699306
79104282865
79161408716
79263043149
79680810107
79775536713
79031149518
79255002468
79161343445
79262765613
79057691303
79161357095
79161346475
79166778097
79859963557
79161380133
79161461745
79161467144
79688950788
79999092920
79161463698
79266257409
79161443138
79774928681
79276044858
79377056799
79165731206
79161366634
79265442134
79161404321
79161410981
79660232229
79161367022
79161425863
79039614205
79220207512
79161447232
79255086709
79161412410
79252295200
79161431820
79167005725
79161415369
79161377729
79652310240
79057613613
79690698787
79969314295
79774728994
79264560416
79653609990
79161432590
79161343922
79055566066
79222160307
79161441523
79060347864
79119992339
79637656552
79161438474
79161360104
79032194259
79850913237
79161343300
79096791049
79161368881
79160143162
79161425064
79161460130
79254057740
79161356470
79161347602
79035913531
79161358075
79164511212
79163600274
79017050838
79099807316
79104240335
79161423833
79161367489
79263974865
79161420868
79161360728
79161422144
79636303836
79161347632
79687122122
79161446256
79778049288
79161377373
79161377678
79164110398
79851475881
79196837358
79161728443
79265737612
79168620316
79161379132
79161445889
79161456511
79161367771
79161386700
79258592773
79774160771
79777575951
79161364347
79037076395
79253945438
79160699176
79197739507
79637878029
79015490703
79166781662
79161401894
79161367479
79161446631
79261842071
79161438134
79055402000
79057793409
79269397666
79161442082
79057040525
79165304184
79161461723
79616343764
79151609925
79161375486
79652517434
79161438949
79296547838
79031487866
79852575157
79035853200
79161371301
79154381256
79161364186
79161372608
79161416038
79253608217
79161238278
79152096764
79645206344
79161446460
79161341301
79162404226
79037821914
79777742624
79858447170
79161344570
79671004302
79161461386
79161437017
79161362547
79265295677
79166009773
79264968888
79151543651
79265531985
79158515737
79035415455
79161445797
79153791294
79161372871
79104353544
79162056851
79161424618
79191123399
79161543664
79151428035
79161448178
79161427185
79161412597
79161427748
79161452519
79035116282
79653678999
79200117140
79161401211
79161382726
79161375488
79852201309
79161420420
79161441672
79250172503
79161378424
79096283909
79672807738
79161460582
79161435532
79671599333
79161385260
79017093852
79161377518
79161426813
79161399449
79032219536
79168573054
79161342222
79036872599
79161356742
79035295985
79264277828
79161350267
79161413024
79161466926
79261680797
79161385980
79161371033
79857601870
79161365023
79250334509
79163230955
79166907963
79774453910
79104012394
79161463777
79161459621
79161359686
79163604659
79161405624
79161357801
79161419192
79037555432
79161356507
79032456259
79776115430
79251060095
79161446561
79161435950
79161430985
79099994834
79161343335
79161401201
79161343564
79161346399
79036881934
79161441606
79684387552
79161461872
79032184895
79645190120
79162402641
79037693333
79651447127
79161406967
79161418481
79777215731
79192969395
79037298887
79035988525
79161375447
79161448263
79161445096
79161364770
79260380305
79852048514
79161419162
79161375536
79161245911
79161370534
79228009269
79161416904
79031130431
79629394957
79161456700
79856668034
79035675889
79636917972
79161360517
79122305859
79037322208
79151169339
79161444978
79262601027
79166157802
79161404579
79161370725
79161383163
79161357185
79161459118
79645615827
79629396052
79020424740
79161370337
79161427056
79104069931
79161411022
79161368995
79261078528
79161363015
79161405554
79309150665
79099959238
79031031814
79636989734
79161440064
79030158672
79261360631
79299001138
79851831555
79161439887
79161449876
79161403010
79161424601
79091550311
79161380969
79859153055
79035961182
79296496909
79161445046
79299846810
79262298927
79161408657
79161408615
79161438562
79161449962
79261490433
79163399111
79264906867
79689036626
79263597898
79104595586
79161633975
79161443240
79259993061
79161461702
79504508888
79258321991
79161386915
79161342480
79652183242
79166965940
79161359695
79060360020
79152260025
79161356363
79262839610
79161630115
79296702229
79265568547
79999138881
79262144006
79165487351
79161359769
79161397022
79858089878
79161426765
79636639997
79161425089
79852530583
79250530825
79104028590
79032699713
79161359398
79382013486
79161369136
79161454954
79161367119
79161369986
79161437122
79161383922
79161444577
79296197411
79161372733
79156000969
79162237963
79166034104
79161341314
79166164352
79161369164
79268262849
79032254108
79161459206
79161348548
79216883240
79161464428
79161415001
79161450873
79161451821
79036756882
79151858210
79772658087
79161393392
79161461377
79264825382
79161420530
79161361550
79161382795
79299290082
79150945571
79161352904
79251916400
79057363900
79161399789
79161406269
79032652505
79852279943
79057715047
79524393375
79161413832
79161394210
79055696705
79161383302
79999774818
79199656619
79161345448
79152619613
79161355297
79161447841
79252448190
79164588335
79161446151
79161374758
79062272434
79161362271
79161376042
79161461712
79032289870
79161460065
79265980508
79251599779
79161359475
79161454983
79629053546
79161414609
79161407223
79161461302
79150623502
79161413571
79262365308
79164184054
79099019611
79161431819
79096690092
79161379239
79161352082
79165072106
79161464310
79851622307
79161379362
79161403941
79296056806
79263873701
79060331982
79671765589
79260307881
79295999661
79651497974
79161407620
79163068157
79161514987
79262183640
79629028816
79161363990
79161441707
79031357111
79161354910
79645775460
79993470443
79161378767
79261288738
79265207597
79169275420
79266007926
79853199581
79161360086
79853505775
79161347065
79161377727
79261130385
79161421918
79163800202
79055534420
79850288867
79161446019
79017188772
79854909727
79161460237
79161446915
79161441200
79268655058
79035949212
79161467121
79852710430
79161414321
79645315002
79037183454
79161350781
79161414446
79175865357
79067748344
79153881088
79257294022
79161389132
79161442821
79161352733
79162773202
79773380045
79161360664
79161419318
79161371642
79165276795
79161432919
79111793900
79162444738
79268441313
79253000647
79161434179
79169140502
79161407602
79161447333
79253010181
79854109034
79163250998
79194112621
79161375057
79060434980
79165121785
79161348395
79161015967
79161424231
79154867556
79161378288
79161426888
79161460400
79161463270
79859091137
79096724973
79857830043
79057582833
79161369666
79161466229
79221190900
79104162471
79161355400
79161372511
79161360130
79161458323
79161341304
79264689335
79859355798
79104416857
79161410493
79161443136
79161502062
79037195888
79161353064
79161418931
79150134371
79661709834
79161439886
79161383802
79161349327
79161434343
79161369531
79164260049
79160196446
79161463868
79266022904
79161402202
79161451540
79161403009
79161351477
79161350895
79161352355
79032670376
79166772448
79060568536
79067252352
79161405128
79262046427
79161454965
79173473737
79161421680
79161382227
79647711367
79164509772
79163923254
79777813104
79161421650
79161437540
79161343883
79169346455
79161378937
79067191349
79168137321
79039695013
79055810176
79161355408
79263411199
79161362701
79161407894
79161347391
79166918862
79161444288
79774623630
79152040013
79161445800
79859188668
79661446650
79161351239
79647736589
79165602535
79259089946
79161346056
79168625188
79161428462
79055322160
79295310998
79161343795
79035385558
79161459616
79588184711
79161424536
79161359598
79017247758
79161437838
79161406984
79161410855
79859315201
79161404767
79257664439
79164400899
79161357880
79165754255
79161385312
79161347419
79031900926
79161420637
79031014220
79826096141
79161350105
79295643890
79671796691
79035910350
79686122298
79161450045
79161467382
79252635081
79161465655
79031646092
79161400285
79161459249
79161410345
79161401471
79169495560
79621346955
79858403040
79035312226
79161354267
79161436005
79778168638
79162032092
79035192194
79161377721
79161152214
79161429545
79104225177
79852100065
79161412638
79257937925
79161370529
79160448880
79161409208
79161412020
79161417679
79013441870
79154082100
79161422376
79031038712
79175176601
79259913445
79776958283
79254426009
79265970913
79161456347
79118612652
79161406239
79263880113
79265832796
79055440888
79851280679
79629460088
79161377237
79161393332
79255897515
79161412340
79161430785
79152810081
79161400876
79165094724
79161356484
79161450389
79161359955
79161403913
79161434204
79161461365
79162910208
79161354691
79055723341
79036603345
79161414000
79161434647
79151636214
79161359812
79161347504
79161463024
79161355973
79032891246
79250939997
79161355580
79161350519
79161426402
79161414645
79161463834
79160101784
79161352392
79035163752
79858987721
79161441451
79262127267
79035221147
79161417533
79776067610
79153844032
79161345500
79161411560
79771367580
79161398936
79161413053
79055742036
79032593909
79104830907
79268293387
79169119114
79161425563
79161467221
79161372106
79775775352
79250003457
79161388153
79161410417
79161365402
79688713911
79161381544
79252614546
79161457422
79652512826
79646231577
79037464636
79161380642
79161424052
79161457685
79167405465
79161459218
79207237085
79851713559
79161461908
79161413136
79096904814
79261135393
79161366556
79161365220
79779449491
79161388221
79161368451
79161485191
79161443729
79161434474
79161463924
79893005227
79153979383
79161342796
79161361574
79165608494
79851773106
79153541088
79035326143
79689786023
79161462008
79161449628
79032258686
79175351520
79779260996
79161444795
79160563038
79161444566
79175454992
79683916515
79161360120
79652649898
79031939193
79151989189
79258404445
79118133263
79161432803
79161412263
79161460447
79037266271
79037280081
79161381084
79639962980
79161401404
79151395905
79161342759
79039652081
79031074976
79161462506
79771243855
79104370904
79161379671
79629211684
79296229516
79161414589
79161430060
79161500018
79161450027
79262191364
79161447008
79295276397
79164052687
79161346284
79857239915
79032752701
79850836465
79257489190
79161437533
79851096536
79169979977
79262584282
79161343316
79772609917
79161357724
79686220525
79154843048
79851052348
79169011015
79278085076
79267044158
79161363063
79778539051
79161357448
79161421131
79162631219
79266465033
79161378708
79281416067
79253131996
79169265943
79161441118
79162297805
79672684072
79161381018
79161436537
79998422346
79169309662
79161424734
79161382277
79161362794
79109024847
79161430575
79663175580
79161413615
79161342283
79688419199
79296086388
79163549529
79774259247
79259276225
79152484492
79161386988
79161370564
79857754096
79161341582
79161441592
79161401620
79266984222
79161441815
79858897512
79161464491
79854575303
79161360102
79161347410
79161436643
79161456010
79067621266
79168788530
79161431986
79161372577
79267028154
79161424810
79692830118
79161458875
79267395925
79161465111
79161448962
79161444882
79851895727
79161404022
79036615577
79161414482
79634494221
79161387599
79161422500
79250767727
79581821411
79168231286
79160779979
79166033772
79200311213
79161352600
79161379960
79161462786
79161421548
79256131335
79161459158
79031240408
79161420257
79161454708
79168103440
79161429463
79250037233
79168074176
79161378898
79637585207
79161446142
79161363327
79629734415
79269446828
79671303179
79161443814
79163950996
79152119092
79161364017
79055955960
79161466099
79161427927
79152635930
79672686041
79161461205
79162024009
79265660227
79161450770
79084465035
79266759835
79161408938
79175220945
79161439095
79260432335
79161421378
79161447174
79161378819
79151218822
79161383830
79161371345
79161000904
79269264774
79251043754
79851359616
79225278810
79161396213
79854852856
79250439029
79017567368
79161451626
79161177756
79161353272
79651485526
79161432039
79687137606
79163404435
79163256063
79096676555
79263394300
79032870176
79104673812
79771715895
79164898823
79161399913
79161362465
79161369509
79161430289
79264000684
79161405521
79161415349
79163931401
79154216057
79629131331
79296320805
79161376039
79161467679
79163041174
79151341912
79275239040
79221449673
79161413263
79161415346
79163320490
79161445754
79178301631
79997984842
79161413407
79854411557
79161385882
79161785198
79099182482
79251763399
79031848088
79261466177
79151706975
79161465383
79055905070
79161449740
79161372362
79161441297
79777569300
79161461530
79057128677
79161445959
79161440219
79161464706
79035427078
79161401072
79268702170
79161439553
79161342909
79161386253
79067753772
79161435365
79251842420
79161438737
79670005559
79254571117
79110084807
79161353510
79161408843
79161444994
79688239188
79852527613
79096692735
79660714693
79161440737
79175510207
79625956998
79161378218
79161459847
79151722989
79264768647
79161413121
79161359115
79031859005
79266397992
79852060478
79161346900
79152222288
79161395906
79268511616
79122562125
79161402672
79262803940
79161372027
79161400206
79036105626
79161353544
79161425184
79165592182
79161444916
79161458988
79296776077
79161376709
79163395591
79169365864
79670555504
79067100305
79876690037
79030061915
79019091330
79161425229
79516261444
79252357145
79265289192
79161456016
79265544020
79600483113
79161381450
79161381328
79161462021
79859613024
79268228818
79161451207
79104578913
79684084413
79104123966
79775250889
79179796919
79651846400
79112924212
79161421342
79161432527
79161401419
79161429010
79161453408
79161446696
79166923371
79161402390
79161451306
79161424244
79161409514
79164269159
79161450262
79161342767
79161423573
79067647223
79773294879
79161460676
79035824661
79255369927
79161466632
79161341530
79999123070
79161362008
79175172803
79161365367
79163390873
79854116595
79265677291
79779169373
79161356427
79161433226
79164413527
79161414537
79636438816
79161356936
79161467048
79154084153
79161449952
79260282455
79262177183
79162376852
79161449935
79161422388
79161423193
79035674047
79671626810
79161430844
79166858925
79161389133
79672028596
79161417151
79161425862
79161362444
79161375847
79161360026
79161442078
79031968599
79161444192
79161425704
79265501868
79776680290
79253099172
79161410370
79161445003
79161404218
79153976858
79161429926
79161350833
79161382044
79161441709
79161373284
79037858245
79161441848
79689274037
79258209811
79161453520
79161357393
79190518455
79161362818
79057931219
79161412829
79161350758
79265812305
79262880486
79031162231
79161465307
79161378770
79208677888
79161387303
79151975206
79261643699
79859203671
79858665685
79161381707
79168331074
79774624650
79262145909
79161389079
79169702799
79161371407
79856957910
79683667364
79265825313
79253766295
79166826180
79055229900
79055154097
79653702087
79165362577
79161400220
79167486273
79265259799
79037180103
79161419801
79690223092
79161408056
79161447094
79161458230
79161440100
79013895009
79161377297
79197658774
79506893332
79262085239
79153951113
79268893490
79161401308
79161400377
79161460046
79152762715
79154993549
79161410009
79653718522
79687758676
79653765506
79161401103
79161464168
79160414296
79161401314
79778244226
79855222003
79852267207
79161360590
79773414601
79032060838
79099895736
79161420779
79161444042
79037984454
79161429638
79161349614
79164339915
79161380105
79161346795
79035003130
79257172026
79163491612
79161456526
79257188771
79151448361
79161429526
79161870683
79161421314
79150750559
79161355020
79161344924
79251693159
79161465455
79161453803
79263015231
79161344790
79290886678
79161439428
79265716288
79161442657
79161382546
79161377127
79161363279
79262868924
79169212376
79999706137
79035551030
79161410828
79265636211
79161357678
79161382977
79067310782
79161374071
79152412226
79036170216
79164097266
79161360002
79161456490
79257011011
79104392918
79687207065
79161419528
79374675131
79773367802
79629052911
79161369971
79161454164
79013435237
79161445886
79122317108
79998001501
79037643702
79161466784
79161347238
79161347734
79153006321
79164951315
79161437900
79161395713
79161444494
79161463873
79104022999
79161380440
79067374702
79060747151
79161410381
79161400713
79166058079
79161374637
79161463827
79161435165
79161459982
79166133104
79161446348
79163540831
79161341895
79154995565
79161424470
79684463795
79168382659
79161447077
79639251524
79161442162
79689648484
79104644406
79304041638
79161350359
79154777727
79161365413
79161404053
79161388625
79160777335
79096747222
79161398841
79037508242
79779875226
79161353234
79031828515
79161341886
79161407794
79161447712
79672308940
79067714198
79161412564
79161462602
79645067625
79165928574
79161422253
79161433010
79772503280
79161425324
79258835590
79151062862
79161366180
79161467459
79651223191
79161416568
79161404337
79161358431
79161438256
79161346240
79161456200
79260079444
79269693391
79161345461
79151457452
79164993060
79161410503
79161450909
79037406430
79161358321
79265249782
79013435473
79152140354
79629310043
79161354530
79161360281
79166341611
79164463152
79161435906
79161451583
79647239445
79053555925
79031356913
79161369020
79688971790
79168611918
79639630930
79162065645
79161466250
79161411335
79161429483
79161466468
79161457205
79057457046
79161463688
79161434678
79161440529
79774383628
79690834082
79263859637
79161452431
79161397707
79268772989
79263508440
79057169704
79161421453
79161465577
79161400010
79261301987
79688423477
79161403873
79683577710
79629505097
79128879153
79104183754
79055421732
79031396675
79164751389
79055827825
79632870733
79854282109
79683209141
79161465287
79169004778
79670226528
79161366007
79151473779
79251207070
79689422985
79161434288
79588146133
79057460685
79032999442
79161382835
79161425616
79161404010
79161458794
79161431900
79197261345
79295557710
79161430828
79104246500
79773425569
79161447516
79161411182
79037110522
79161461492
79161351639
79161373903
79067388543
79161441159
79161458937
79257536625
79161386607
79161791949
79161352753
79161444843
79661937284
79161410469
79161368528
79032019372
79999851344
79161379909
79161455161
79035496179
79161344317
79161382888
79032674496
79852525956
79032532602
79055043801
79161404425
79161445184
79262151739
79161371963
79161388505
79161441163
79037461863
79295308599
79653580059
79161411130
79854154040
79161465638
79164172580
79161462644
79161442610
79161247781
79161437328
79161455648
79035589099
79161345658
79161432162
79161387743
79152435719
79161460314
79104203700
79161464652
79161341343
79267442087
79161346032
79776070622
79857813635
79151120229
79161380802
79099646071
79874776298
79161427311
79161460832
79160132247
79161442834
79161417147
79161367796
79096447568
79265539898
79268520045
79161466473
79161367255
79263719035
79161454670
79260808000
79161431485
79091696914
79161342449
79161452651
79175485135
79161462918
79057922275
79161349896
79999981698
79686587008
79998419490
79261621188
79161433213
79165128388
79161376327
79161350514
79161374997
79269250152
79104217227
79161417442
79161349357
79161464532
79258880788
79857674253
79164940876
79161362962
79853113838
79162428425
79857519011
79161388199
79104209983
79161422991
79161360771
79161395933
79773606836
79999632792
79998092844
79161367588
79167882235
79161350567
79161412661
79161456235
79161444304
