79262546003
79509700881
79630698929
79615752981
79226250760
79537011022
79135702988
79112433335
79023002716
79183375622
79874226001
79265952815
79217003992
79297865113
79159152328
79209083982
79281016113
79967322382
79166481988
79135837977
79062162429
79380259669
79207502300
79516948330
79675230810
79648318805
79371740058
79276301940
79688421648
79781420140
79156852986
79025774461
79818938432
79258288839
79878336738
79194452611
79017519755
79384743430
79307270000
79617027835
79017087525
79173152294
79968514277
79164685262
79034869361
79065085336
79005578448
79141304212
79143800908
79779904741
79276092761
79379666164
79529696427
79158578668
79290661977
79187662907
79883370884
79109415442
79162234490
79065324982
79094542266
79104760794
79296368662
79088394011
79621993221
79780661586
79046529130
79617402233
79117536790
79507008895
79256078752
79056451989
79525520402
79290437717
79515985056
79236355884
79083051944
79538553836
79131960069
79030991330
79281019158
79043485511
79662402676
79052554014
79995476992
79151253590
79681932128
79137211980
79853552306
79003122901
79173898092
79877037264
79177409326
79085485619
79992005320
79641472166
79213748067
79083505480
79683330328
79099532900
79370930099
79221237593
79507516075
79787617283
79273756376
79787350881
79211054606
79775316052
79081792353
79198865627
79648888964
79522307033
79112179286
79935555777
79202359535
79017419138
79030730732
79278400099
79508010685
79264092293
79870675740
79015884995
79173929274
79285548443
79687680072
79282263111
79015177880
79206890260
79043308264
79033153223
79226005018
79180502378
79539998497
79231550465
79529326481
79181321674
79189876751
79043951283
79179074444
79046056573
79272865707
79871445116
79112174764
79635108555
79185329996
79607600472
79254606965
79817351981
79080060550
79377904033
79922108900
79054947774
79130366305
79307164474
79526038318
79141589621
79397003472
79832646960
79177976792
79246030300
79819779531
79894460088
79773860914
79600660019
79045796617
79513071172
79017589523
79920125534
79005994333
79677799377
79272308922
79055382014
79033010531
79851924108
79042708358
79134845289
79333295880
79099323553
79027119904
79534344437
79874900029
79646034983
79162487875
79035250040
79111743633
79179306301
79081211555
79116450344
79684814098
79183132329
79174002224
79175676745
79781044530
79234079121
79787951704
79025148830
79297033045
79151248744
79277480800
79182085680
79062805861
79184058855
79269076731
79131143848
79014404240
79252975553
79233691611
79232143145
79964119582
79000599170
79134256313
79049649033
79039169669
79043794680
79515846877
79512293500
79778910977
79997890866
79130063382
79039603387
79952013977
79688312981
79227192222
79199111076
79235180800
79608008180
79262349999
79504044388
79851290015
79129450539
79234836249
79273188878
79180505102
79174178355
79788157306
79807068800
79024792513
79025648837
79626278213
79253735098
79082599262
79173380110
79996488198
79088322236
79262585683
79233030670
79789463090
79992203445
79371765039
79777193187
79517732405
79122210301
79339320302
79040665937
79044473299
79185050650
79304016163
79041750595
79053116151
79091006666
79110011315
79897719805
79145691730
79869660001
79189639888
79518984886
79211000021
79787807106
79095636464
79178575300
79630382814
79205681611
79106787576
79603699858
79168362333
79043716008
79626846105
79048784927
79058305137
79662501363
79088034733
79772584820
79785785739
79085054640
79806268687
79217967632
79307831224
79788148503
79219423428
79213341147
79226182983
79274743511
79049173350
79333312662
79054288882
79029138464
79516108280
79165383333
79028734907
79177765589
79180729589
79511768305
79133237855
79046799590
79199727578
79107002157
79115532261
79615533802
79027694065
79853352118
79814559615
79262862524
79184493375
79141356271
79213098208
79500065557
79375326959
79216081281
79103963765
79006309858
79376952012
79107748293
79114718632
79041955732
79052472631
79096325726
79281110228
79219267071
79262777682
79508685588
79122623793
79181539813
79039001291
79138921617
79167115505
79006252818
79640152233
79601608989
79029242393
79032633690
79181531133
79223587100
79252371654
79032007472
79831239425
79884917679
79851249998
79153379848
79501311717
79163808575
79005276888
79065113517
79255448456
79039142053
79219667536
79526040505
79091340733
79185122234
79652045522
79119403861
79136626214
79651528906
79266508506
79523561060
79263777424
79513956014
79272310950
79206258057
79091112355
79885369752
79601898195
79682012668
79112268899
79600661455
79951349686
79647810645
79200185805
79200608417
79825881028
79029523026
79232950797
79528923171
79061165362
79673032000
79531070767
79852880788
79052122069
79211141241
79528525421
79062072928
79535859191
79110077002
79162435959
79046654085
79188826793
79619944485
79117406570
79262654535
79268469799
79086563694
79313309008
79233545602
79128520833
79229152661
79128739275
79162253548
79582222799
79098435236
79186959692
79017714672
79069127206
79533000222
79181430324
79662499494
79803294072
79093825399
79667577777
79123476606
79677635529
79155846875
79834158004
79093890895
79853849617
79517419299
79508031997
79213061319
79080460880
79324374204
79200684414
79644114507
79200701550
79778958024
79887273589
79107324131
79883103076
79113607707
79298355551
79058508573
79258630179
79825881046
79184147368
79223299975
79370844685
79521529498
79094457773
79625692969
79613524999
79854406644
79202573510
79039275359
79140012696
79787700077
79138321595
79877321587
79133706461
79107412261
79114000207
79506595025
79644111999
79643332327
79036959666
79264547787
79302707407
79038505554
79226688807
79501212119
79094500057
79023606869
79113767027
79631050630
79227456071
79614140099
79001970222
79176567102
79101872342
79782552896
79773086497
79621781441
79162602016
79186710777
79962398848
79271552912
79371000268
79371733101
79510532352
79509404007
79260166623
79378516517
79261959250
79612621561
79046772200
79141862665
79107348974
79210095991
79619617133
79657210676
79119100742
79158354565
79253125039
79144749820
79111343900
79200655519
79637003302
79803069623
79226485112
79234983306
79098846599
79250817232
79884444432
79040976587
79151154412
79059071410
79080384040
79172889308
79506007763
79312248831
79538537373
79507884065
79263576511
79132154237
79055469696
79163494871
79255198030
79529674068
79002821148
79996534149
79006548574
79213430869
79610887640
79806875418
79788754319
79883136833
79897257089
79035622388
79129755383
79220757715
79505809180
79030990093
79197504264
79287818799
79264907451
79186295292
79881010201
79188090900
79195617011
79663274609
79506220393
79295599338
79093294246
79612451912
79090016783
79175994093
79193626678
79044950655
79194057454
79633618786
79523737551
79787116561
79829239244
79111733766
79667690773
79685507952
79631065155
79603483055
79282979029
79275792523
79181166649
79215535954
79290128998
79166743019
79122684520
79525085087
79805122233
79606635161
79651973510
79199973825
79057829612
79034593235
79206741191
79173956969
79092777610
79624006622
79500879759
79505749567
79105789010
79969304460
79272615841
79852344222
79691999911
79377712777
79203697120
79628525882
79130435177
79384326169
79623312990
79824832039
79047601257
79276140999
79234159001
79181557377
79280494909
79275777251
79256323628
79215701508
79613352727
79992105417
79101826242
79130543807
79099601999
79649233582
79531222440
79045757159
79214382288
79084038592
79061988490
79204336600
79502070892
79183503338
79096636737
79273306665
79085768306
79515785994
79376436007
79626251459
79168397774
79032908709
79854910406
79875237677
79270496999
79183570057
79775011077
79857729186
79063030363
79512900707
79633407889
79247915444
79056195767
79180630592
79806506678
79882919195
79630158000
79288831141
79887517350
79882836949
79289037782
79295585843
79779976873
79186587181
79674104646
79066385908
79381473910
79502049242
79127498752
79805100373
79612529894
79042052561
79139746895
79296267199
79200858020
79641090353
79279710011
79627605544
79034842445
79892409687
79831970205
79041699961
79992214496
79282044875
79158001440
79525474466
79325352155
79286670223
79186911466
79130526811
79585099361
79049729555
79512041904
79527356850
79160614472
79197394616
79518554747
79635745377
79803356653
79037550419
79186364346
79155314049
79535851417
79258490777
79614753745
79282400090
79289463525
79137690347
79037286678
79517949763
79030583161
79514609836
79125979713
79310003908
79803709525
79620170780
79644788446
79087349080
79045225505
79094599892
79389109850
79661007070
79307909292
79183527243
79107454194
79207088833
79081839373
79089292984
79500645230
79117558821
79895236050
79260719133
79262734000
79124661393
79086902104
79514463012
79637070900
79920159232
79615160205
79268502820
79379863339
79180013300
79686421982
79085894562
79515016361
79185004536
79274890798
79286406660
79279051277
79885792281
79185032519
79172636985
79619607585
79130300555
79184185954
79625646878
79186457577
79886696294
79610003339
79186292060
79290323999
79160254611
79658657339
79081479595
79288479077
79091363555
79501867660
79109852660
79244442220
79138202507
79232890477
79129765744
79061250488
79049729065
79129954692
79537760441
79536452008
79273487844
79997247100
79093398067
79110316424
79127658145
79159154021
79136019303
79125949362
79999030442
79506298581
79996774135
79531932277
79506155808
79608242727
79091712222
79625390283
79245958085
79145848884
79181156855
79787047921
79033288337
79519842782
79605630099
79302888851
79509598747
79676016998
79778893098
79521741208
79290167776
79153421252
79162627430
79082800839
79811271561
79534250945
79787776176
79536151170
79086908499
79219293870
79832314262
79324733456
79384417747
79006763364
79228861200
79031798033
79805350611
79275516895
79278792595
79049649292
79877772922
79083263562
79201661611
79509866749
79000769514
79001004070
79056009030
79234955666
79049713750
79042192919
79088766389
79025115740
79097179666
79005719223
79165501222
79604388346
79271733215
79787116561
79379415738
79289269997
79000202523
79000819094
79061768123
79532927622
79222630323
79080563584
79025852202
79513192265
79270365365
79260633352
79082993161
79275198262
79023251286
79509250025
79630463816
79530571721
79532728758
79088359669
79991802010
79648865773
79067470909
79172506530
79044316851
79080666691
79521488699
79611461785
79229828686
79108805756
79060590516
79236183565
79184857201
79383010905
79046504519
79006957116
79151893552
79603599418
79093884409
79522774303
79187748023
79521674507
79371660344
79293378009
79536059574
79182607613
79503298281
79507669927
79504120299
79183876367
79046980809
79103002622
79821874248
79823188372
79285511515
79126546786
79108558991
79246404090
79993755955
79182840549
79507173938
79005407276
79236451413
79532841202
79624219808
79534395213
79380274566
79822230502
79186911466
79255173629
79282400090
79638315758
79107482488
79518522308
79266076910
79281559526
79517678272
79991760228
79261694327
79183767577
79203524229
79061752575
79539291185
79041021535
79118348187
79527257182
79172881142
79206799511
79045181303
79221513535
79373990500
79205037073
79530249272
79537106502
79536189001
79193085362
79049134350
79206265000
79200057997
79300333378
79224062220
79135009842
79064500117
79190143913
79896662642
79213233681
79634793777
79500465305
79205419216
79034972220
79082824892
79192803727
79021792204
79136814176
79181448307
79280012236
79176594202
79537425585
79323321043
79885624133
79612997701
79229410191
79233530104
79091516885
79289538414
79503138984
79514646222
79649027780
79120076111
79136707825
79638315067
79266361779
79957404099
79286266308
79517051319
79780857419
79088000836
79040639471
79199268525
79992022517
79200013088
79181142953
79286197201
79081393910
79998115082
79889938841
79186065324
79787169363
79851918679
79143872545
79124668537
79198504884
79301324789
79534620911
79517444445
79000202941
79005909561
79600559405
79624320522
79522499453
79627495866
79045868850
79253417174
79040339044
79818066131
79537113280
79257213603
79628889808
79287454328
79135558234
79788228087
79999269050
79132547078
79647197700
79210074250
79635735116
79872102222
79174854071
79376680989
79135555152
79273403404
79832658999
79535886676
79086804042
79836181000
79930233070
79958077766
79053615767
79053455545
79202609966
79021237035
79523241407
79235603050
79288880717
79235820090
79774083792
79123194572
79102697629
79606526099
79274757999
79267016962
79113283191
79206367367
79991731934
79019841518
79182125384
79525133707
79248646666
79643004487
79509268685
79196664344
79265766327
79061570999
79502106220
79043278739
79164408716
79003697691
79375582080
79043607372
79600910680
79147895575
79129329384
79262033821
79080763817
79039855579
79138052505
79208439186
79803739068
79088779654
79136379106
79375208934
79204538182
79622827958
79232990566
79333339619
79535072239
79274286262
79204632736
79284213209
79025449472
79034430492
79085090775
79040129090
79140602501
79320190484
79520482831
79231691760
79265934899
79202285313
79998768780
79109560507
79180379836
79212525860
79803175751
79135766426
79278402092
79023165050
79610835459
79204615613
79061976198
79159724087
79648707099
79224249842
79370020777
79191022525
79042961094
79133376860
79155275779
79080803317
79108468041
79372360960
79630800829
79627404555
79173785394
79506020805
79275792523
79627465556
79888731555
79063030363
79876209140
79511391924
79114036575
79648051445
79202671696
79655441106
79224440800
79117021469
79049329916
79187680527
79677588000
79144330700
79042345451
79278833088
79651197745
79294784400
79121732333
79259442700
79290222690
79233989808
79379817073
79063476840
79531192440
79832588808
79094981728
79605165240
79511757480
79088646447
79158097442
79217105377
79174809196
79081103857
79045713838
79530668113
79689275757
79066024662
79272040163
79080552508
79141588646
79220444648
79530923697
79517480959
79029135254
79299526866
79523392590
79206124409
79631609346
79602475454
79169175459
79232992400
79134276050
79274102531
79191478850
79188571154
79029281984
79202975710
79056526331
79124630011
79171475385
79233365564
79122755712
79005437750
79184172799
79506416590
79286540344
79524032967
79831202795
79508601435
79515527835
79190636350
79279206510
79536432158
79219095863
79253594535
79640529257
79053468532
79209404480
79144830470
79267815195
79224869872
79206374899
79204192413
79204260745
79161896477
79003327973
79631404654
79996414737
79510777187
79518497960
79041285719
79223362681
79177797009
79610222721
79883144950
79648452777
79806725226
79040445095
79181097827
79122516073
79106783581
79135740391
79501276170
79097009878
79268393022
79034541588
79518716839
79376492740
79124041793
79384780020
79002020145
79788281514
79208780053
79136675507
79043211113
79516892885
79049773920
79235141947
79818031676
79153590888
79173496470
79206255663
79831448209
79002535515
79679196816
79995599659
79080604051
79835249918
79109451085
79157972336
79062427567
79313676946
79207726864
79892769560
79885557877
79534259675
79035891094
79612176417
79222805354
79533293535
79826865987
79788460058
79852155052
79005069202
79508763320
79042800929
79652581255
79995390117
79232954238
79158401186
79170859866
79197290990
79645599532
79184847810
79069654499
79856683073
79030023138
79041000562
79000244296
79370786878
79781344149
79531682711
79040027302
79111625288
79188835652
79272556125
79273371794
79656205105
79200518001
79186516136
79605882809
79877500153
79277520014
79788158582
79826637050
79689852343
79267526083
79274152431
79047651556
79200414684
79832625999
79634760957
79600077771
79537975999
79624323341
79885056999
79511721163
79053814276
79263513392
79094660342
79219314825
79603974555
79283677855
79273789028
79185416910
79992280644
79209052347
79116084447
79060965721
79234931228
79885430102
79515251808
79161400716
79517505238
79883331675
79122597586
79883889591
79051446259
79091795452
79658955222
79048044135
79832621047
79829386783
79639573299
79618429979
79521065375
79275407106
79654854343
79005264149
79997451847
79273696431
79069019500
79384049894
79872584861
79052227716
79205782312
79518740731
79088007313
79637298639
79017138557
79505663997
79046706059
79057507514
79283142037
79250101793
79280423002
79308293986
79225601500
79144958909
79183388633
79284007474
79872779910
79607447897
79063333606
79780283779
79097754535
79534289390
79129476521
79120718246
79080241050
79043868418
79012894712
79107319603
79189139018
79500387712
79207728676
79235390900
79045507405
79787921724
79881605858
79819818198
79009866176
79635076057
79824770217
79200442206
79029365116
79156798389
79283319021
79964085672
79514981866
79143597599
79150063742
79278578997
79371503097
79217149991
79603346099
79825535750
79040042444
79055347879
79066080620
79373901925
79374951823
79854307644
79777490900
79773211551
79771778585
79172025992
79878470729
79277128284
79100918044
79817815054
79535242974
79193127152
79510620627
79616092175
79992948491
79270243955
79201243734
79301240051
79284195081
79219412006
79123847374
79248415006
79127697286
79066347695
79029164752
79062626933
79888628720
79027447050
79378504504
79220360232
79202259118
79997006792
79022890528
79787116947
79242022492
79186782606
79773722190
79114976150
79384265069
79884733453
79041351433
79539676870
79646863734
79166913211
79119722476
79771718727
79531183149
79029961841
79375155477
79164870487
79290333099
79806511896
79058242201
79776914766
79012726396
79226094615
79811434742
79127719915
79633307131
79515639142
79998313108
79785637363
79002478385
79082244092
79110097503
79273399917
79520212893
79774745372
79785830135
79184743321
79775371330
79833513003
79995191795
79818985698
79378443478
79534031896
79605033355
79607447897
79128273842
79063333606
79603974555
79066695615
79676396516
79172988435
79192864768
79006709444
79183332959
79233074757
79827929014
79265897050
79625698794
79260711293
79081000180
79881842180
79186937662
79214263411
79065209059
79996302733
79614082082
79119002367
79677656182
79165216234
79253035502
79609758183
79006204170
79500763741
79115017881
79627406133
79209992109
79136092189
79208060164
79174438739
79118235545
79268693470
79653956677
79122463228
79211984521
79021971276
79872834445
79198786359
79235751889
79234857550
79103995681
79519199682
79245809234
79525874356
79203403427
79189962487
79818353711
79064381764
79214550367
79165654846
79179569724
79033550580
79201497850
79149234535
79066328385
79525284486
79034509955
79393032895
79923301820
79263462525
79507400513
79148955794
79186295098
79531801888
79080683598
79536052455
79232720807
79535824730
79630812493
79276500170
79277041989
79106603412
79207551825
79048888368
79265920222
79003603959
79611179673
79101768976
79105337897
79131016167
79879212836
79050209988
79199086924
79110867131
79053929441
79871215706
79625320806
79787959125
79048129221
79882331442
79640225232
79255523302
79128990787
79233914169
79537351818
79217149991
79534387173
79176987588
79785412305
79132506815
79186606037
79964507707
79005189917
79178051999
79042628631
79061009645
79817412402
79095381486
79174788307
79500341654
79065161019
79673231875
79214477281
79681375454
79270127700
79042548963
79152226653
79998352938
79781319984
79115358176
79814374190
79605165240
79236481381
79205558877
79886680424
79048055270
79159614998
79308880400
79656455008
79514181579
79168455556
79826968883
79232954238
79992249709
79206578780
79657734449
79505990730
79237097363
79874499222
79107319603
79287508840
79525416787
79088646447
79625968294
79109513032
79056304002
79633804400
79384724843
79775570071
79676378836
79282118011
79123212121
79130449127
79128169943
79209863365
79186768856
79673918633
79098200827
79106160437
79609011608
79313036604
79097754535
79212328428
79655400228
79131818778
79094513222
79150353135
79618969669
79373378080
79648656151
79516894759
79279698884
79135429111
79160570904
79504046176
79515493498
79333380083
79859764141
79251709960
79104178249
79158238058
79649053243
79005005385
79524209197
79187508697
79118739932
79526947163
79186958612
79649993653
79507075164
79109707636
79112688827
79515819826