+77925123707
+77965324149
+78903418174
+78903583750
+78903622445
+78905468323
+78905740733
+78905773799
+78906755539
+78915086652
+78915481500
+78916134763
+78916489994
+78916519472
+78925281686
+78926118809
+78926303407
+78926386607
+78926882072
+78953407458
+78965394400
+79011707529
+79013313582
+79013348553
+79013473395
+79013498905
+79013500954
+79013880552
+79014223969
+79015043134
+79015401203
+79015516807
+79015596092
+79015856300
+79017041526
+79017344061
+79017492387
+79017815780
+79017817141
+79017925595
+79017994770
+79019036019
+79019041372
+79023610055
+79029040599
+79030007540
+79030015836
+79030039847
+79030040577
+79030042785
+79030048830
+79030051316
+79030061888
+79030094947
+79030099474
+79030139131
+79030163692
+79030195535
+79030314990
+79030363672
+79031004734
+79031014922
+79031015188
+79031016505
+79031028726
+79031033623
+79031061175
+79031075644
+79031081622
+79031085821
+79031087121
+79031089383
+79031089877
+79031093037
+79031126248
+79031126675
+79031131356
+79031141471
+79031149976
+79031150022
+79031165655
+79031174757
+79031176382
+79031188426
+79031197145
+79031216658
+79031235905
+79031237016
+79031250205
+79031271293
+79031279075
+79031282781
+79031296188
+79031296460
+79031315379
+79031346656
+79031348824
+79031359982
+79031390939
+79031437203
+79031443331
+79031449724
+79031466613
+79031475650
+79031486020
+79031490061
+79031504585
+79031524224
+79031541525
+79031545104
+79031553681
+79031557302
+79031561485
+79031570521
+79031571006
+79031591304
+79031592521
+79031592578
+79031600703
+79031604351
+79031615097
+79031640707
+79031642408
+79031663931
+79031688497
+79031698279
+79031703349
+79031732318
+79031743164
+79031748619
+79031761243
+79031782700
+79031819607
+79031848189
+79031860615
+79031865817
+79031877395
+79031892194
+79031901895
+79031948505
+79031970804
+79031971166
+79031990181
+79031990930
+79031995941
+79032006007
+79032016942
+79032026205
+79032029705
+79032032705
+79032036324
+79032070017
+79032120276
+79032149431
+79032150712
+79032155057
+79032188895
+79032193672
+79032215501
+79032227287
+79032229751
+79032270722
+79032272720
+79032278243
+79032295051
+79032310951
+79032317757
+79032326079
+79032335659
+79032361431
+79032408048
+79032428348
+79032437051
+79032454322
+79032470319
+79032483100
+79032486741
+79032495710
+79032501279
+79032543361
+79032548856
+79032574385
+79032578199
+79032606271
+79032612706
+79032613228
+79032632359
+79032648886
+79032669059
+79032703014
+79032708990
+79032729267
+79032742135
+79032762036
+79032766835
+79032788383
+79032818868
+79032819590
+79032831942
+79032849160
+79032859948
+79032869911
+79032879127
+79032886276
+79032900079
+79032903111
+79032919662
+79032923902
+79032945255
+79032965636
+79032984388
+79032991595
+79032995444
+79033630367
+79033983392
+79035010373
+79035025423
+79035028199
+79035052945
+79035057479
+79035064167
+79035081521
+79035093669
+79035095427
+79035105484
+79035109082
+79035121750
+79035144832
+79035156644
+79035175173
+79035180342
+79035181821
+79035197404
+79035224546
+79035232830
+79035241878
+79035252561
+79035257949
+79035265441
+79035282987
+79035298590
+79035321894
+79035343393
+79035362400
+79035375595
+79035384799
+79035391879
+79035401210
+79035401592
+79035401612
+79035420777
+79035453587
+79035461636
+79035464000
+79035475800
+79035495278
+79035499387
+79035511174
+79035544718
+79035551691
+79035554590
+79035600068
+79035602311
+79035602762
+79035604698
+79035616488
+79035619536
+79035622580
+79035624585
+79035629404
+79035633659
+79035656548
+79035678798
+79035683005
+79035734705
+79035738186
+79035739203
+79035748320
+79035757457
+79035769282
+79035780000
+79035799282
+79035808850
+79035825190
+79035845131
+79035864743
+79035864843
+79035881231
+79035901545
+79035905445
+79035916470
+79035928137
+79035936365
+79035941754
+79035966390
+79035969331
+79035970561
+79035979428
+79035993131
+79036101484
+79036102898
+79036111884
+79036124725
+79036149258
+79036152196
+79036152808
+79036166636
+79036169621
+79036170127
+79036173662
+79036191305
+79036191744
+79036192127
+79036193435
+79036195897
+79036211253
+79036216001
+79036217933
+79036229398
+79036229482
+79036232388
+79036239594
+79036263654
+79036265771
+79036267099
+79036295454
+79036617969
+79036620675
+79036633216
+79036634947
+79036640996
+79036672213
+79036691823
+79036706341
+79036709594
+79036710477
+79036712253
+79036713643
+79036738299
+79036750324
+79036756615
+79036771136
+79036774872
+79036778484
+79036788314
+79036793201
+79036814447
+79036815191
+79036816869
+79036827312
+79036835594
+79036839630
+79036848293
+79036866864
+79036879192
+79037006996
+79037008642
+79037101997
+79037126777
+79037136152
+79037139092
+79037144298
+79037149932
+79037154351
+79037170427
+79037187051
+79037200732
+79037214750
+79037219917
+79037272552
+79037274530
+79037282746
+79037304307
+79037325985
+79037346114
+79037372706
+79037386867
+79037396347
+79037418174
+79037418806
+79037429135
+79037444016
+79037475448
+79037478963
+79037484458
+79037494967
+79037515939
+79037516543
+79037533517
+79037536685
+79037610746
+79037610749
+79037615419
+79037618995
+79037649204
+79037649826
+79037654028
+79037660439
+79037695469
+79037713860
+79037732433
+79037739792
+79037744140
+79037748932
+79037755655
+79037771514
+79037773955
+79037790147
+79037796998
+79037800718
+79037809328
+79037839075
+79037842942
+79037845227
+79037852899
+79037856205
+79037862429
+79037865042
+79037878855
+79037879812
+79037880483
+79037881641
+79037887062
+79037907894
+79037910850
+79037917777
+79037923271
+79037923929
+79037938120
+79037940328
+79037945915
+79037957660
+79037981462
+79037994073
+79037994915
+79037998443
+79038429440
+79039163900
+79039625364
+79039626971
+79039634760
+79039637610
+79039683187
+79039693101
+79039701338
+79039708566
+79039722356
+79039762243
+79039765902
+79039771701
+79039776662
+79043973736
+79046852040
+79050971139
+79051131470
+79051150344
+79053913001
+79055024266
+79055034050
+79055036842
+79055040628
+79055062504
+79055077447
+79055109306
+79055125142
+79055141830
+79055152673
+79055155622
+79055156324
+79055232393
+79055233297
+79055255496
+79055282823
+79055286656
+79055300722
+79055317752
+79055331234
+79055365792
+79055369991
+79055377017
+79055378135
+79055431314
+79055450637
+79055453336
+79055487949
+79055525512
+79055525557
+79055532019
+79055536800
+79055541766
+79055548098
+79055557445
+79055600776
+79055621438
+79055625533
+79055627342
+79055638556
+79055675766
+79055687645
+79055729651
+79055732909
+79055741970
+79055747272
+79055762154
+79055764272
+79055770689
+79055777722
+79055795329
+79055832041
+79055838211
+79055858705
+79055894366
+79055902954
+79055927721
+79055933026
+79055957483
+79055962063
+79057014105
+79057014123
+79057040946
+79057048601
+79057050505
+79057065767
+79057077776
+79057085544
+79057098905
+79057108390
+79057108533
+79057142659
+79057146428
+79057155783
+79057159076
+79057160154
+79057166106
+79057180341
+79057185641
+79057194033
+79057194207
+79057205694
+79057216884
+79057231043
+79057248432
+79057273174
+79057278411
+79057297862
+79057305057
+79057305658
+79057321947
+79057332084
+79057332316
+79057350891
+79057375957
+79057396218
+79057400569
+79057407859
+79057409561
+79057414109
+79057427214
+79057463934
+79057477558
+79057488619
+79057489050
+79057489920
+79057500567
+79057507008
+79057507290
+79057542568
+79057559286
+79057576897
+79057577691
+79057580865
+79057584782
+79057598801
+79057603539
+79057605413
+79057655121
+79057658261
+79057670661
+79057705354
+79057737993
+79057741299
+79057775757
+79057782819
+79057823977
+79057844866
+79057849443
+79057870029
+79057881186
+79057923932
+79057929359
+79057932145
+79057932351
+79057933806
+79057933816
+79057944511
+79057947994
+79057950595
+79057969183
+79057975385
+79057977962
+79057980355
+79057987790
+79057987791
+79060330177
+79060343428
+79060356010
+79060381240
+79060393230
+79060444349
+79060492009
+79060526956
+79060526958
+79060528727
+79060625446
+79060637855
+79060657141
+79060697089
+79060698080
+79060717878
+79060790793
+79060795892
+79060826558
+79060854952
+79060858062
+79060878186
+79060880338
+79060908844
+79060912507
+79060932993
+79060950026
+79060963737
+79060979930
+79060986955
+79060987867
+79061951198
+79062587511
+79067027578
+79067033309
+79067039883
+79067052322
+79067081783
+79067119526
+79067135314
+79067166326
+79067182033
+79067182723
+79067186046
+79067248208
+79067251368
+79067252136
+79067266857
+79067270288
+79067278755
+79067312366
+79067315188
+79067346650
+79067349047
+79067356673
+79067368267
+79067379195
+79067402055
+79067410121
+79067421091
+79067422682
+79067427494
+79067432290
+79067461242
+79067487788
+79067488238
+79067516021
+79067533372
+79067536970
+79067558692
+79067592160
+79067599159
+79067648864
+79067652074
+79067680267
+79067687933
+79067700864
+79067730080
+79067734996
+79067751322
+79067751575
+79067762672
+79067771509
+79067816000
+79067825648
+79067860227
+79067895470
+79067909543
+79067928223
+79067934265
+79067957793
+79067995180
+79089250276
+79091503434
+79091510154
+79091514864
+79091532936
+79091537159
+79091562808
+79091579288
+79091611214
+79091618381
+79091639916
+79091648151
+79091677884
+79091690444
+79092292561
+79096203508
+79096211852
+79096217607
+79096246254
+79096301221
+79096310205
+79096340708
+79096344046
+79096363461
+79096372506
+79096390908
+79096400257
+79096443593
+79096445275
+79096460802
+79096466809
+79096506413
+79096508862
+79096519761
+79096583046
+79096599151
+79096615444
+79096667000
+79096712766
+79096739615
+79096761990
+79096787826
+79096921918
+79096950115
+79096958172
+79096977755
+79096980421
+79098471453
+79098899165
+79099005127
+79099048666
+79099069226
+79099095757
+79099097111
+79099104040
+79099110177
+79099111414
+79099120238
+79099160043
+79099197712
+79099212238
+79099216550
+79099266763
+79099327777
+79099400505
+79099498145
+79099504411
+79099538838
+79099539898
+79099561818
+79099585588
+79099628092
+79099690924
+79099711018
+79099717050
+79099721557
+79099781431
+79099789714
+79099797008
+79099809058
+79099851165
+79099855925
+79099885047
+79099899165
+79099909133
+79099976020
+79099978696
+79099992737
+79099993629
+79099998711
+79100021264
+79100023173
+79100040423
+79100831560
+79100893365
+79102187871
+79102634861
+79102755919
+79104004055
+79104004680
+79104006978
+79104009959
+79104018050
+79104023236
+79104032849
+79104037758
+79104067393
+79104076519
+79104078132
+79104094999
+79104122190
+79104129241
+79104144418
+79104148883
+79104153858
+79104165326
+79104179457
+79104184078
+79104199840
+79104220541
+79104224942
+79104226053
+79104231427
+79104249065
+79104266868
+79104286250
+79104296614
+79104296981
+79104298373
+79104308884
+79104311137
+79104324352
+79104329398
+79104335177
+79104394146
+79104406787
+79104441146
+79104443867
+79104454092
+79104457525
+79104484577
+79104497443
+79104511719
+79104523900
+79104531240
+79104542525
+79104546573
+79104559011
+79104576884
+79104584393
+79104604208
+79104613314
+79104618617
+79104631031
+79104635070
+79104639656
+79104660206
+79104666244
+79104695305
+79104699841
+79104705160
+79104709076
+79104711411
+79104715021
+79104717967
+79104725891
+79104760220
+79104772708
+79104778195
+79104780754
+79104787135
+79104794201
+79104795088
+79104797832
+79104802108
+79104821723
+79104870061
+79104907883
+79104927708
+79105692244
+79106754663
+79106788909
+79109165911
+79114859769
+79120266339
+79125883094
+79131403460
+79137076755
+79139448118
+79142526019
+79145482695
+79147227523
+79150016080
+79150035070
+79150054626
+79150064229
+79150070123
+79150079245
+79150085299
+79150106905
+79150123027
+79150143636
+79150144827
+79150150929
+79150151525
+79150155986
+79150177202
+79150303025
+79150305840
+79150308247
+79150340465
+79150394844
+79150404197
+79150445368
+79150498936
+79150500795
+79150503930
+79150509597
+79150530094
+79150559902
+79150559927
+79150567646
+79150587790
+79150605385
+79150606159
+79150608001
+79150618710
+79150662056
+79150669656
+79150672662
+79150675809
+79150796499
+79150838915
+79150842064
+79150880744
+79150899069
+79150900000
+79150920459
+79150944180
+79150960860
+79150988631
+79151003150
+79151067455
+79151095991
+79151097749
+79151106612
+79151128846
+79151261768
+79151267330
+79151277872
+79151344012
+79151358721
+79151398628
+79151411612
+79151435209
+79151473516
+79151492445
+79151503862
+79151511589
+79151519909
+79151522141
+79151527025
+79151534097
+79151587420
+79151591361
+79151666866
+79151702270
+79151729011
+79151768477
+79151769232
+79151775533
+79151838700
+79151876430
+79151946269
+79152077932
+79152098899
+79152099300
+79152111368
+79152121279
+79152147287
+79152157613
+79152161080
+79152185188
+79152191001
+79152252601
+79152263757
+79152340127
+79152356331
+79152377432
+79152377867
+79152396765
+79152402450
+79152499125
+79152509549
+79152511109
+79152551478
+79152568566
+79152585292
+79152594404
+79152615729
+79152642116
+79152652181
+79152655641
+79152699424
+79152706844
+79152715297
+79152735301
+79152791744
+79152805174
+79152893742
+79152912771
+79152947270
+79153031211
+79153034490
+79153040230
+79153043936
+79153045834
+79153064713
+79153084421
+79153087935
+79153112220
+79153129450
+79153130770
+79153166330
+79153176551
+79153231763
+79153251925
+79153265254
+79153273147
+79153280324
+79153284973
+79153302140
+79153304305
+79153314123
+79153331805
+79153338500
+79153343674
+79153354433
+79153355737
+79153368810
+79153373061
+79153403959
+79153410494
+79153423460
+79153424405
+79153432002
+79153432754
+79153437870
+79153472161
+79153485270
+79153485787
+79153489701
+79153506587
+79153512088
+79153519503
+79153530350
+79153533982
+79153537538
+79153539970
+79153569916
+79153665300
+79153700551
+79153709931
+79153731790
+79153746432
+79153779118
+79153811949
+79153890717
+79153892897
+79153917515
+79153933754
+79153939682
+79153944962
+79153995425
+79154027970
+79154030366
+79154046950
+79154048785
+79154055511
+79154061641
+79154068025
+79154076001
+79154108343
+79154166774
+79154172855
+79154214093
+79154239227
+79154277517
+79154281081
+79154299649
+79154307203
+79154321125
+79154368622
+79154467913
+79154546945
+79154547080
+79154549960
+79154601555
+79154651742
+79154656514
+79154671920
+79154673216
+79154700622
+79154704233
+79154774532
+79154777067
+79154804078
+79154805775
+79154873372
+79154884789
+79154901839
+79154939010
+79154943205
+79154971713
+79160000000
+79160109854
+79160139031
+79160160045
+79160179617
+79160226112
+79160244391
+79160247988
+79160265468
+79160275739
+79160306319
+79160324462
+79160327125
+79160376067
+79160380760
+79160400257
+79160421352
+79160442211
+79160444420
+79160513906
+79160522532
+79160554313
+79160608593
+79160645317
+79160655993
+79160685592
+79160689121
+79160689795
+79160750019
+79160755568
+79160760070
+79160764527
+79160801201
+79160807304
+79160808195
+79160809526
+79160818127
+79160833307
+79160840660
+79160847332
+79160898885
+79160919773
+79160930320
+79160950888
+79160953996
+79160954100
+79160966646
+79160992911
+79161004164
+79161007206
+79161026852
+79161049949
+79161057946
+79161085583
+79161092855
+79161100207
+79161101601
+79161103453
+79161108401
+79161111919
+79161121127
+79161121862
+79161138139
+79161153683
+79161166307
+79161186843
+79161188982
+79161222022
+79161233143
+79161252911
+79161260370
+79161264560
+79161281047
+79161294842
+79161295250
+79161305978
+79161307176
+79161307261
+79161312518
+79161363767
+79161365032
+79161373769
+79161379803
+79161383667
+79161431410
+79161432748
+79161439875
+79161448740
+79161450775
+79161451753
+79161456961
+79161457287
+79161479335
+79161482303
+79161506541
+79161524883
+79161531914
+79161544977
+79161551435
+79161570274
+79161609837
+79161610580
+79161614692
+79161616992
+79161623014
+79161626219
+79161635246
+79161637577
+79161637975
+79161640180
+79161652345
+79161661750
+79161662854
+79161678909
+79161691174
+79161695031
+79161709470
+79161710136
+79161719244
+79161731792
+79161734763
+79161755924
+79161758796
+79161779050
+79161799295
+79161802172
+79161835879
+79161837755
+79161840177
+79161841844
+79161849498
+79161853269
+79161869246
+79161884022
+79161884628
+79161895297
+79161904118
+79161907062
+79161917610
+79161918062
+79161920677
+79161926484
+79161932276
+79161963830
+79161967528
+79161976945
+79162003523
+79162010937
+79162022242
+79162038256
+79162044634
+79162045748
+79162050887
+79162065173
+79162070070
+79162099939
+79162108678
+79162120712
+79162158104
+79162160178
+79162173228
+79162183287
+79162218444
+79162226986
+79162237001
+79162254573
+79162254881
+79162279428
+79162338512
+79162345250
+79162358016
+79162362426
+79162386824
+79162399723
+79162401470
+79162404792
+79162427627
+79162434551
+79162438910
+79162446735
+79162475002
+79162476881
+79162482282
+79162493200
+79162528474
+79162533138
+79162586362
+79162588527
+79162619869
+79162664098
+79162676245
+79162684828
+79162691242
+79162698007
+79162699072
+79162706567
+79162720924
+79162733400
+79162788245
+79162790242
+79162809026
+79162824393
+79162827375
+79162836144
+79162850841
+79162880118
+79162913727
+79162933209
+79162933673
+79162938379
+79162946925
+79162976469
+79162983550
+79162985778
+79162987464
+79163000077
+79163005239
+79163020501
+79163024966
+79163037376
+79163038455
+79163048908
+79163072987
+79163094347
+79163103029
+79163110768
+79163117456
+79163118766
+79163123429
+79163128626
+79163133257
+79163134802
+79163155951
+79163173531
+79163175652
+79163176931
+79163181852
+79163205800
+79163206175
+79163207273
+79163215400
+79163219015
+79163224474
+79163232517
+79163242347
+79163269807
+79163293609
+79163305261
+79163306341
+79163310091
+79163336762
+79163362223
+79163365300
+79163388535
+79163398832
+79163417603
+79163438738
+79163457804
+79163460967
+79163488166
+79163505576
+79163523324
+79163535623
+79163546246
+79163551209
+79163554160
+79163556566
+79163556994
+79163563408
+79163572897
+79163586036
+79163601302
+79163613638
+79163632525
+79163633961
+79163636695
+79163647637
+79163667757
+79163671133
+79163684866
+79163689948
+79163706110
+79163717277
+79163720326
+79163723007
+79163743822
+79163752969
+79163780174
+79163793006
+79163809092
+79163829413
+79163891334
+79163898204
+79163900921
+79163914043
+79163916676
+79163922122
+79163938783
+79164014351
+79164021520
+79164032132
+79164032702
+79164041727
+79164044081
+79164045485
+79164061121
+79164074181
+79164084686
+79164118870
+79164120111
+79164136164
+79164153861
+79164160238
+79164171019
+79164175309
+79164176958
+79164194062
+79164194141
+79164201395
+79164202354
+79164208214
+79164226578
+79164230758
+79164242723
+79164245031
+79164250141
+79164265921
+79164271836
+79164277116
+79164282812
+79164290330
+79164310495
+79164318230
+79164344831
+79164365566
+79164381832
+79164408023
+79164423002
+79164443564
+79164465280
+79164476202
+79164478071
+79164494260
+79164501508
+79164529852
+79164548980
+79164555911
+79164568314
+79164571335
+79164578491
+79164618036
+79164619864
+79164645694
+79164700714
+79164709216
+79164718088
+79164724333
+79164748102
+79164761218
+79164772453
+79164777569
+79164779058
+79164795680
+79164824400
+79164830280
+79164832011
+79164835306
+79164888654
+79164899937
+79164899949
+79164918744
+79164945264
+79164949337
+79164949365
+79164990425
+79164990739
+79164996800
+79165000006
+79165004008
+79165008498
+79165018593
+79165024419
+79165028575
+79165029280
+79165046826
+79165050310
+79165071863
+79165080608
+79165083950
+79165084887
+79165111546
+79165130486
+79165130663
+79165142965
+79165155734
+79165161034
+79165184746
+79165194729
+79165209623
+79165210433
+79165217227
+79165219739
+79165229256
+79165236533
+79165244569
+79165251845
+79165283414
+79165284117
+79165301838
+79165335504
+79165348873
+79165354178
+79165390972
+79165396751
+79165398342
+79165398535
+79165404445
+79165418478
+79165422618
+79165432326
+79165465722
+79165525189
+79165531576
+79165535507
+79165545863
+79165566541
+79165566671
+79165573774
+79165586237
+79165618194
+79165621928
+79165624547
+79165624878
+79165625081
+79165650054
+79165659439
+79165666642
+79165666648
+79165670407
+79165677006
+79165686399
+79165705455
+79165709434
+79165717416
+79165720724
+79165730939
+79165732644
+79165738370
+79165753738
+79165812110
+79165814272
+79165820574
+79165828344
+79165844274
+79165847428
+79165848813
+79165853733
+79165860248
+79165861980
+79165862886
+79165864408
+79165869065
+79165882175
+79165883521
+79165901602
+79165905244
+79165930774
+79165938825
+79165940704
+79165948148
+79165967742
+79165969765
+79165969795
+79166001336
+79166001962
+79166003187
+79166004577
+79166006165
+79166009978
+79166013421
+79166028242
+79166030771
+79166033863
+79166035869
+79166043058
+79166049062
+79166049354
+79166050542
+79166056218
+79166059621
+79166061679
+79166065126
+79166077464
+79166081094
+79166097502
+79166097630
+79166114966
+79166123775
+79166126780
+79166127602
+79166127802
+79166127828
+79166148390
+79166151584
+79166167019
+79166167934
+79166179267
+79166181500
+79166190152
+79166191082
+79166204833
+79166214361
+79166216867
+79166221123
+79166221735
+79166223376
+79166230442
+79166233790
+79166236560
+79166240170
+79166288957
+79166307338
+79166335184
+79166339983
+79166341554
+79166349160
+79166362152
+79166377013
+79166395104
+79166395426
+79166417949
+79166443242
+79166444626
+79166447056
+79166451218
+79166454995
+79166467217
+79166471996
+79166476795
+79166486911
+79166490361
+79166513688
+79166518728
+79166529817
+79166545921
+79166547646
+79166557145
+79166562162
+79166571835
+79166591128
+79166597393
+79166603031
+79166610500
+79166612370
+79166616190
+79166661116
+79166668898
+79166678061
+79166678347
+79166689036
+79166691761
+79166708070
+79166717350
+79166725975
+79166732030
+79166747420
+79166751320
+79166765866
+79166766072
+79166768888
+79166772321
+79166797247
+79166800058
+79166814048
+79166825563
+79166848857
+79166848937
+79166850644
+79166862841
+79166884887
+79166888208
+79166893313
+79166896806
+79166912687
+79166913354
+79166915073
+79166923176
+79166923750
+79166983177
+79167008967
+79167020196
+79167021514
+79167028335
+79167038629
+79167065326
+79167076736
+79167096808
+79167099776
+79167131311
+79167141243
+79167147795
+79167151023
+79167186417
+79167190528
+79167217746
+79167224387
+79167225722
+79167265352
+79167313407
+79167325389
+79167339345
+79167339971
+79167357230
+79167371563
+79167385407
+79167392391
+79167410341
+79167424162
+79167461110
+79167511742
+79167513245
+79167541400
+79167546800
+79167574070
+79167576151
+79167733272
+79167741245
+79167762569
+79167764063
+79167804074
+79167823662
+79167849526
+79167851406
+79167878617
+79167889461
+79167902074
+79167906330
+79167943551
+79167955898
+79167958789
+79167970228
+79167998122
+79168002153
+79168005926
+79168010131
+79168011097
+79168013668
+79168036527
+79168041310
+79168056076
+79168056100
+79168056108
+79168094744
+79168097357
+79168138642
+79168139645
+79168155252
+79168164810
+79168201527
+79168218872
+79168234567
+79168268055
+79168277616
+79168282305
+79168311974
+79168312169
+79168325056
+79168392680
+79168396548
+79168419933
+79168420785
+79168433970
+79168434959
+79168437107
+79168439739
+79168442338
+79168447836
+79168455780
+79168469407
+79168481526
+79168483829
+79168487659
+79168497076
+79168547899
+79168552685
+79168560681
+79168560731
+79168565081
+79168617981
+79168648569
+79168688157
+79168709208
+79168710741
+79168710893
+79168725598
+79168738315
+79168746182
+79168750462
+79168760894
+79168770475
+79168771987
+79168776161
+79168798081
+79168808002
+79168811885
+79168832048
+79168842086
+79168854464
+79168860270
+79168869179
+79168882174
+79168886239
+79168895234
+79168896379
+79169000526
+79169002891
+79169004068
+79169015172
+79169019029
+79169023805
+79169031413
+79169035748
+79169040208
+79169040769
+79169042277
+79169052104
+79169055642
+79169061182
+79169071245
+79169076544
+79169080026
+79169080029
+79169098035
+79169119650
+79169123530
+79169149325
+79169166885
+79169181228
+79169185352
+79169211552
+79169212589
+79169217626
+79169219117
+79169223312
+79169252922
+79169252958
+79169261830
+79169287408
+79169292344
+79169302073
+79169303517
+79169306698
+79169307703
+79169313663
+79169316093
+79169341104
+79169342090
+79169345163
+79169352660
+79169358584
+79169362585
+79169401464
+79169407371
+79169418373
+79169433687
+79169434362
+79169467057
+79169479001
+79169486638
+79169486968
+79169488946
+79169492743
+79169499999
+79169509295
+79169513187
+79169525154
+79169541212
+79169541799
+79169550835
+79169566079
+79169575554
+79169595278
+79169597246
+79169597321
+79169619000
+79169630527
+79169631775
+79169659121
+79169736494
+79169736540
+79169756564
+79169762042
+79169767638
+79169774937
+79169791080
+79169792205
+79169852409
+79169889997
+79169895989
+79169899639
+79169903763
+79169917665
+79169921614
+79169932495
+79169937263
+79170841500
+79171407380
+79175019017
+79175055590
+79175059905
+79175075540
+79175090357
+79175108601
+79175123573
+79175145880
+79175151446
+79175155989
+79175213790
+79175219573
+79175226441
+79175226539
+79175226798
+79175252403
+79175281068
+79175283980
+79175291976
+79175301518
+79175332320
+79175335274
+79175341452
+79175343245
+79175343735
+79175351718
+79175373790
+79175374385
+79175377049
+79175382700
+79175384860
+79175423244
+79175437355
+79175456926
+79175477264
+79175478216
+79175485632
+79175513033
+79175516229
+79175516577
+79175559249
+79175560617
+79175604420
+79175608101
+79175637526
+79175642130
+79175658569
+79175660030
+79175687947
+79175788491
+79175797654
+79175810833
+79175814986
+79175838873
+79175850583
+79175873281
+79175914568
+79175936393
+79175952060
+79175954045
+79177302982
+79177481445
+79183311213
+79184994496
+79191032785
+79191042232
+79191080551
+79191082239
+79192457322
+79194105040
+79197195777
+79197224900
+79197226120
+79197230877
+79197284285
+79197600018
+79197606144
+79197616850
+79197657781
+79197740443
+79197784515
+79197791470
+79197792043
+79197795844
+79199603766
+79199607342
+79199610420
+79199611420
+79199613830
+79199616803
+79199661180
+79199688384
+79199927200
+79199933507
+79199975438
+79199981026
+79199983663
+79202606059
+79203490467
+79209983536
+79213539989
+79220344334
+79223803379
+79227243167
+79232549109
+79250029271
+79250029273
+79250052570
+79250065040
+79250109245
+79250146570
+79250151017
+79250208148
+79250211985
+79250223573
+79250246391
+79250293347
+79250295087
+79250320013
+79250323332
+79250336058
+79250395038
+79250424148
+79250516555
+79250529403
+79250530403
+79250578890
+79250592789
+79250678078
+79250682082
+79250683543
+79250738045
+79250820407
+79250850225
+79250851520
+79250898200
+79251153006
+79251203720
+79251237077
+79251326279
+79251337015
+79251434245
+79251500025
+79251506395
+79251611500
+79251643177
+79251738610
+79251752630
+79251782481
+79251861700
+79251868332
+79251871317
+79251880004
+79251889804
+79251984461
+79252002067
+79252075633
+79252234852
+79252275945
+79252298695
+79252305503
+79252330182
+79252371479
+79252589478
+79252608295
+79252644658
+79252729110
+79252817686
+79252880520
+79253011160
+79253043194
+79253075790
+79253096654
+79253111474
+79253291566
+79253345777
+79253542085
+79253544849
+79253584603
+79253612517
+79253761215
+79253762660
+79253820038
+79253825437
+79253826944
+79254081226
+79254093767
+79254102208
+79254170312
+79254173211
+79254318625
+79254353524
+79254461394
+79254487739
+79254642358
+79254662797
+79254671455
+79254680420
+79255074733
+79255076076
+79255085597
+79255107031
+79255116085
+79255145995
+79255164365
+79255177859
+79255186804
+79255187869
+79255188843
+79255193351
+79255244143
+79255281785
+79255289716
+79255289799
+79255340274
+79255367679
+79255423104
+79255472868
+79255538799
+79255723605
+79255737381
+79255780989
+79255964195
+79256011513
+79256061347
+79256113435
+79256117454
+79256157323
+79256469577
+79257100354
+79257177477
+79257207464
+79257257595
+79257339440
+79257394205
+79257418015
+79257431051
+79257557454
+79257587122
+79257811962
+79257941941
+79257955464
+79258001668
+79258020680
+79258080333
+79258229912
+79258258102
+79258307890
+79258335222
+79258335874
+79258347989
+79258387676
+79258434741
+79258458920
+79258502844
+79258556516
+79258557797
+79258558005
+79258558116
+79258560780
+79258566207
+79258594488
+79258598099
+79258635921
+79258644964
+79258665642
+79258678374
+79258738173
+79258770476
+79258815051
+79258868514
+79258894970
+79258907057
+79258930243
+79258930318
+79259102113
+79259107775
+79259397553
+79259507870
+79259981081
+79260100129
+79260111215
+79260128767
+79260134002
+79260187339
+79260207209
+79260212861
+79260220103
+79260244034
+79260244470
+79260249642
+79260271034
+79260460571
+79260472714
+79260506202
+79260523092
+79260557728
+79260559069
+79260663914
+79260699613
+79260706452
+79260743777
+79260895868
+79260927478
+79260943492
+79261005764
+79261012746
+79261017412
+79261028877
+79261036052
+79261076785
+79261079456
+79261089360
+79261108001
+79261122102
+79261122980
+79261134967
+79261135029
+79261135213
+79261141439
+79261142201
+79261143110
+79261151935
+79261159721
+79261161607
+79261163077
+79261172605
+79261200940
+79261201097
+79261201708
+79261221305
+79261225883
+79261230326
+79261243438
+79261246888
+79261247393
+79261249002
+79261251409
+79261262819
+79261273966
+79261279565
+79261288249
+79261306422
+79261328619
+79261330158
+79261331398
+79261335514
+79261336525
+79261338353
+79261340928
+79261341818
+79261344268
+79261345322
+79261369633
+79261377208
+79261397772
+79261404591
+79261410183
+79261428108
+79261439608
+79261439797
+79261454777
+79261456538
+79261459882
+79261462993
+79261481777
+79261482007
+79261539535
+79261550109
+79261567700
+79261569832
+79261574513
+79261596848
+79261601982
+79261616285
+79261643209
+79261643648
+79261657747
+79261683149
+79261684446
+79261687505
+79261733517
+79261735913
+79261740885
+79261744400
+79261754985
+79261768556
+79261779385
+79261791956
+79261807918
+79261833656
+79261845700
+79261851331
+79261890244
+79261914211
+79261930732
+79262028566
+79262031002
+79262031545
+79262040704
+79262044458
+79262049575
+79262065398
+79262066420
+79262066998
+79262074442
+79262090810
+79262091841
+79262094979
+79262126060
+79262131543
+79262144848
+79262145808
+79262154206
+79262159828
+79262164220
+79262168043
+79262168404
+79262174643
+79262175031
+79262181440
+79262193889
+79262200964
+79262203607
+79262214028
+79262215468
+79262219240
+79262225060
+79262225804
+79262225881
+79262228992
+79262237781
+79262239394
+79262247512
+79262250609
+79262256419
+79262287744
+79262292099
+79262308529
+79262339582
+79262347717
+79262348032
+79262357268
+79262357895
+79262359500
+79262377452
+79262380786
+79262384593
+79262397023
+79262404226
+79262452802
+79262452921
+79262463331
+79262463509
+79262467316
+79262467718
+79262472754
+79262473646
+79262478700
+79262478702
+79262478763
+79262478788
+79262478824
+79262483100
+79262485448
+79262492673
+79262496160
+79262499264
+79262540200
+79262548663
+79262550973
+79262561865
+79262565756
+79262566281
+79262575515
+79262577523
+79262578070
+79262588846
+79262663678
+79262672000
+79262679757
+79262680670
+79262688321
+79262688935
+79262697033
+79262697701
+79262704602
+79262724748
+79262739451
+79262750872
+79262760596
+79262762991
+79262763145
+79262763276
+79262763301
+79262775572
+79262775733
+79262792587
+79262797236
+79262801348
+79262808177
+79262829370
+79262829730
+79262832828
+79262833397
+79262845668
+79262848321
+79262850916
+79262856621
+79262869306
+79262879073
+79262888095
+79262896842
+79262899315
+79262949424
+79263001454
+79263005011
+79263034404
+79263066376
+79263073407
+79263080895
+79263081440
+79263096596
+79263120208
+79263129823
+79263140209
+79263150257
+79263206618
+79263216045
+79263233683
+79263234801
+79263244905
+79263266304
+79263272193
+79263278035
+79263283903
+79263289658
+79263296961
+79263301173
+79263309787
+79263313005
+79263314151
+79263314838
+79263335599
+79263337699
+79263354697
+79263359505
+79263364433
+79263395427
+79263408052
+79263411126
+79263414013
+79263428832
+79263432913
+79263440423
+79263445918
+79263446866
+79263482979
+79263493448
+79263498808
+79263557929
+79263582831
+79263606925
+79263615678
+79263633633
+79263642704
+79263655356
+79263680886
+79263693042
+79263695487
+79263710526
+79263721686
+79263733801
+79263760184
+79263778852
+79263808555
+79263812417
+79263827426
+79263852939
+79263877645
+79263901260
+79263912187
+79263917500
+79263955096
+79263955423
+79263956609
+79263958443
+79264002866
+79264014114
+79264068216
+79264079380
+79264081131
+79264082300
+79264130470
+79264168516
+79264174557
+79264197622
+79264243668
+79264249860
+79264255254
+79264266761
+79264276635
+79264364930
+79264368474
+79264385645
+79264465342
+79264508137
+79264512079
+79264571044
+79264571388
+79264627624
+79264702090
+79264711840
+79264724034
+79264724511
+79264779829
+79264811996
+79264819704
+79264829548
+79264832757
+79264837773
+79264930003
+79264964575
+79264991987
+79264997283
+79265033688
+79265083047
+79265101025
+79265184967
+79265214857
+79265225212
+79265245429
+79265250103
+79265253324
+79265254563
+79265275630
+79265288355
+79265298801
+79265307338
+79265315057
+79265316359
+79265324542
+79265331169
+79265331800
+79265335377
+79265337962
+79265342608
+79265358980
+79265359554
+79265374757
+79265377112
+79265396007
+79265415651
+79265420725
+79265422812
+79265424840
+79265438997
+79265440261
+79265448406
+79265497278
+79265511515
+79265514425
+79265532722
+79265540766
+79265541194
+79265553804
+79265554178
+79265561882
+79265584554
+79265584590
+79265597590
+79265607280
+79265607788
+79265613537
+79265614234
+79265616302
+79265618105
+79265618736
+79265630269
+79265634419
+79265644364
+79265645632
+79265650208
+79265653112
+79265668570
+79265668684
+79265675634
+79265678758
+79265685508
+79265686259
+79265687579
+79265696702
+79265732555
+79265740295
+79265741401
+79265744754
+79265749642
+79265757987
+79265762029
+79265763001
+79265771622
+79265799494
+79265800326
+79265806195
+79265813523
+79265828129
+79265830156
+79265837701
+79265838450
+79265840858
+79265849068
+79265865027
+79265873046
+79265876294
+79265876446
+79265877088
+79265909999
+79265910154
+79265912018
+79265929056
+79265948564
+79265955235
+79265961619
+79265961690
+79265982491
+79266001400
+79266002717
+79266002961
+79266006668
+79266007668
+79266010360
+79266011681
+79266042345
+79266058904
+79266069499
+79266076154
+79266103710
+79266107518
+79266115524
+79266119452
+79266155513
+79266156543
+79266169255
+79266181226
+79266184912
+79266209508
+79266253125
+79266258516
+79266279414
+79266289422
+79266311412
+79266325389
+79266364143
+79266432990
+79266438012
+79266504777
+79266534632
+79266549290
+79266549359
+79266565716
+79266594474
+79266609770
+79266660123
+79266663036
+79266693676
+79266710766
+79266711511
+79266729759
+79266770605
+79266775239
+79266797784
+79266813995
+79266820187
+79266873184
+79266883826
+79266900048
+79266902418
+79266910205
+79266923410
+79266928995
+79266940160
+79266943573
+79266976408
+79266987534
+79266999197
+79267001718
+79267011546
+79267012990
+79267022859
+79267022988
+79267023323
+79267025313
+79267025643
+79267034322
+79267036429
+79267050758
+79267069294
+79267075079
+79267078344
+79267090502
+79267099972
+79267115676
+79267144508
+79267159927
+79267177720
+79267180739
+79267183617
+79267188803
+79267287745
+79267294357
+79267308894
+79267333936
+79267358761
+79267372574
+79267394539
+79267438380
+79267514656
+79267549840
+79267550325
+79267561797
+79267579110
+79267610418
+79267632451
+79267640286
+79267651055
+79267691513
+79267767460
+79267799450
+79267808532
+79267836813
+79267841269
+79267850745
+79267863671
+79267908825
+79267984243
+79267984543
+79268001993
+79268105765
+79268117087
+79268127577
+79268143890
+79268148000
+79268160065
+79268174440
+79268180852
+79268201764
+79268242604
+79268252222
+79268255225
+79268278808
+79268282569
+79268315251
+79268331466
+79268363561
+79268372230
+79268384300
+79268389463
+79268391044
+79268396793
+79268410250
+79268420299
+79268475260
+79268482466
+79268496475
+79268510759
+79268512680
+79268534204
+79268546471
+79268566408
+79268587823
+79268629763
+79268702825
+79268711625
+79268728743
+79268758003
+79268800883
+79268802003
+79268822288
+79268826023
+79268861208
+79268884059
+79268896009
+79268897010
+79268908253
+79268916563
+79268949964
+79268955467
+79269014201
+79269039367
+79269082886
+79269101091
+79269127181
+79269173348
+79269173713
+79269220038
+79269230577
+79269309536
+79269322178
+79269350584
+79269357232
+79269472208
+79269481471
+79269492474
+79269603532
+79269615055
+79269629005
+79269681743
+79269726277
+79269726854
+79269740332
+79269744097
+79269750529
+79269761662
+79269801056
+79269849299
+79269865694
+79269889613
+79269900545
+79269910998
+79269914000
+79269940816
+79270317806
+79270932850
+79272237789
+79275623753
+79279062139
+79288418540
+79293177715
+79295003059
+79295013612
+79295021805
+79295056968
+79295070558
+79295083913
+79295132916
+79295166548
+79295200329
+79295332838
+79295342918
+79295369486
+79295452202
+79295454980
+79295513276
+79295567480
+79295576377
+79295657811
+79295703437
+79295766011
+79295789643
+79295892715
+79295897792
+79295919757
+79295922817
+79295998211
+79296067220
+79296164144
+79296167733
+79296177242
+79296289439
+79296300298
+79296312463
+79296322427
+79296370189
+79296403737
+79296466041
+79296466916
+79296468287
+79296509772
+79296523559
+79296523712
+79296535139
+79296596184
+79296618302
+79296632784
+79296679650
+79296690409
+79296723322
+79296725280
+79296740630
+79296748313
+79296762118
+79296815773
+79298142285
+79299080829
+79299393772
+79299658221
+79299695712
+79299846761
+79299975333
+79299997064
+79301796979
+79303362873
+79370727767
+79371643920
+79376402646
+79379801562
+79507899872
+79514993399
+79517002504
+79528089239
+79529108864
+79532909820
+79585540806
+79588005338
+79588081320
+79588094353
+79588106143
+79588312418
+79588319488
+79588334881
+79600303445
+79600645854
+79607117582
+79607308007
+79608621146
+79611441690
+79611783248
+79612586684
+79615495577
+79628060826
+79629003181
+79629076399
+79629084185
+79629092524
+79629103510
+79629106222
+79629109685
+79629139992
+79629145899
+79629154348
+79629155220
+79629271029
+79629273177
+79629334314
+79629359710
+79629365910
+79629398051
+79629496415
+79629498822
+79629557176
+79629591505
+79629616715
+79629635152
+79629648511
+79629677437
+79629729300
+79629879910
+79629890718
+79629956199
+79629959652
+79629971893
+79629971968
+79636046564
+79636051300
+79636054241
+79636092035
+79636218713
+79636227236
+79636230673
+79636251884
+79636276304
+79636479901
+79636498010
+79636551214
+79636555909
+79636589707
+79636609633
+79636637945
+79636638856
+79636639363
+79636672529
+79636733591
+79636772028
+79636781477
+79636781825
+79636823663
+79636826976
+79636887477
+79636942015
+79636981822
+79637129894
+79637152047
+79637152082
+79637188836
+79637197180
+79637211698
+79637221025
+79637559816
+79637580030
+79637652045
+79637701515
+79637874462
+79639228270
+79639230522
+79639616188
+79639627532
+79639643364
+79639678376
+79639687118
+79639722636
+79639774431
+79639914482
+79639921200
+79639925030
+79639976787
+79639977611
+79639990084
+79645038122
+79645043026
+79645069301
+79645090770
+79645098851
+79645128891
+79645183003
+79645225359
+79645257952
+79645267716
+79645352010
+79645354208
+79645549001
+79645579073
+79645599385
+79645649060
+79645746217
+79645758309
+79645762606
+79645772166
+79645865444
+79645886176
+79645897770
+79645932233
+79646226919
+79646242116
+79646271897
+79646328825
+79646330702
+79646384525
+79646469429
+79647121037
+79647161817
+79647187774
+79647188764
+79647210212
+79647222929
+79647287905
+79647288108
+79647715491
+79647738418
+79647760032
+79647765055
+79647794967
+79647829181
+79647830662
+79647957622
+79647965556
+79651053656
+79651062800
+79651068034
+79651069930
+79651133432
+79651137513
+79651148214
+79651180485
+79651208395
+79651229529
+79651236663
+79651304437
+79651377089
+79651394348
+79651428833
+79651431383
+79651447747
+79651473305
+79651553472
+79651584858
+79651586401
+79651591052
+79651737377
+79651738265
+79651750166
+79651765609
+79651828088
+79651850971
+79651854282
+79651855991
+79651874725
+79651876028
+79651986656
+79652039563
+79652107179
+79652163833
+79652261533
+79652261599
+79652274737
+79652662798
+79652707416
+79652761555
+79652836933
+79652880100
+79652969656
+79653012912
+79653013836
+79653018138
+79653087006
+79653095525
+79653108930
+79653181390
+79653187760
+79653211522
+79653241479
+79653247659
+79653367901
+79653419715
+79653776672
+79653853820
+79653894284
+79653989634
+79654000433
+79654043017
+79654129178
+79654141059
+79654141300
+79654174103
+79654253582
+79654304336
+79654304427
+79654308644
+79654309869
+79654320373
+79655387344
+79656352048
+79660002623
+79660065551
+79660090068
+79660098098
+79660156277
+79660306317
+79660468000
+79660491001
+79660533918
+79660624248
+79660789805
+79660919015
+79661148232
+79661425014
+79661508222
+79661554511
+79661771235
+79661785577
+79663057578
+79663146610
+79663198483
+79663428203
+79663554093
+79663575543
+79663594010
+79663671669
+79663734646
+79663762166
+79663770193
+79670102325
+79670300456
+79670332936
+79670642438
+79670895686
+79670932706
+79671047077
+79671081236
+79671088805
+79671180802
+79671202359
+79671206950
+79671247921
+79671277400
+79671435352
+79671443030
+79671450237
+79671519590
+79671520856
+79671526204
+79671535123
+79671570045
+79671578505
+79671600303
+79671611717
+79671678505
+79671709416
+79671735947
+79671795422
+79671818935
+79671848300
+79671903655
+79672054952
+79672170198
+79672522531
+79672542886
+79672546400
+79672661668
+79672665697
+79672819345
+79672978781
+79675303003
+79675321555
+79677276280
+79680014488
+79680068476
+79680388952
+79680437039
+79680577516
+79680786110
+79683355235
+79683399809
+79683507780
+79683677597
+79683763612
+79683817692
+79683988651
+79684084841
+79684141040
+79684342815
+79684513995
+79684556057
+79684726613
+79684835324
+79684839640
+79684894767
+79685075255
+79685241139
+79685318375
+79685419747
+79685447051
+79685483829
+79685637679
+79685825404
+79685880137
+79685900016
+79685915779
+79686073309
+79686120760
+79686121261
+79686244987
+79686375572
+79686398847
+79686580039
+79686695710
+79686735577
+79686742319
+79686912244
+79687053680
+79687090599
+79687112422
+79687193455
+79687261155
+79687311302
+79687406689
+79687425050
+79687519114
+79687907520
+79687917224
+79687962941
+79687980021
+79688015041
+79688294908
+79688320580
+79688486830
+79688533595
+79688600655
+79688844648
+79688921680
+79688950501
+79688960083
+79688960555
+79688981206
+79688981243
+79689160990
+79689168159
+79689174357
+79689250170
+79689326013
+79689341233
+79689378385
+79689390105
+79689404470
+79689424800
+79689485540
+79689513898
+79689571636
+79689586352
+79689717995
+79689746307
+79689837995
+79689855480
+79690382422
+79691004433
+79691010222
+79692803628
+79693475584
+79771119980
+79771281700
+79771288393
+79771374930
+79771479697
+79771594775
+79771667564
+79771667940
+79771736504
+79771776179
+79771781327
+79771794378
+79771821400
+79772507889
+79772510000
+79772514162
+79772606977
+79772749516
+79772814923
+79772832251
+79772841134
+79772862531
+79772881840
+79772955735
+79772968122
+79773119298
+79773223870
+79773265672
+79773276442
+79773280229
+79773310792
+79773330397
+79773402590
+79773409733
+79773458251
+79773468403
+79773487144
+79773560821
+79773609632
+79773630570
+79773769812
+79773813835
+79773888992
+79773919298
+79773985141
+79773994180
+79774089002
+79774150964
+79774198129
+79774213741
+79774215379
+79774250675
+79774265283
+79774288285
+79774290339
+79774404121
+79774469123
+79774525336
+79774566249
+79774608831
+79774868320
+79774992855
+79775003870
+79775109067
+79775126841
+79775164626
+79775379046
+79775384033
+79775497317
+79775502625
+79775528681
+79775718915
+79775762916
+79775772426
+79775784143
+79775872800
+79775898816
+79775957442
+79776001603
+79776153071
+79776155307
+79776209500
+79776282186
+79776471307
+79776554123
+79776771349
+79776804731
+79776836033
+79777027363
+79777036785
+79777188474
+79777191425
+79777235331
+79777291822
+79777332430
+79777436590
+79777436808
+79777531799
+79777553329
+79777637703
+79777651388
+79777745576
+79777763854
+79777855979
+79778014172
+79778020312
+79778037320
+79778041332
+79778059741
+79778086918
+79778117303
+79778122045
+79778352245
+79778454743
+79778500522
+79778561115
+79778574419
+79778600495
+79778633857
+79778737157
+79778813358
+79778816575
+79778818175
+79778875142
+79778971974
+79778976360
+79779075293
+79779253637
+79779290383
+79779400025
+79779443309
+79779445154
+79779480102
+79779491054
+79779494500
+79779559490
+79779668263
+79779857238
+79809017257
+79819372794
+79825003740
+79827122381
+79850013553
+79850177734
+79850303775
+79850553727
+79850562392
+79850643802
+79850648863
+79850708769
+79850726070
+79850880361
+79850988952
+79851071408
+79851079796
+79851101224
+79851113432
+79851133857
+79851189891
+79851208266
+79851237173
+79851249525
+79851278893
+79851308733
+79851316688
+79851323397
+79851331280
+79851334855
+79851346869
+79851378613
+79851471028
+79851531660
+79851604676
+79851633595
+79851684886
+79851742994
+79851756375
+79851767390
+79851774412
+79851787787
+79851793088
+79851796680
+79851859346
+79851872338
+79851893684
+79851990943
+79852046005
+79852059643
+79852063796
+79852101546
+79852113594
+79852161287
+79852184955
+79852192376
+79852269490
+79852296464
+79852323427
+79852326860
+79852362398
+79852420828
+79852436178
+79852437357
+79852550705
+79852554799
+79852563174
+79852613441
+79852617987
+79852624215
+79852676058
+79852721955
+79852802336
+79852817262
+79852829565
+79852841528
+79852927273
+79853017033
+79853027608
+79853040002
+79853052112
+79853052127
+79853054636
+79853056897
+79853140434
+79853304774
+79853324996
+79853332096
+79853378380
+79853441330
+79853451155
+79853516760
+79853539921
+79853637943
+79853650324
+79853661084
+79853803381
+79853838170
+79853854271
+79853978380
+79854143780
+79854207691
+79854280040
+79854319557
+79854324055
+79854327728
+79854442798
+79854470614
+79854557345
+79854568421
+79854684936
+79854696554
+79854801688
+79854814867
+79855178528
+79855204588
+79856204935
+79856373569
+79856474220
+79856639250
+79856913171
+79856959933
+79856960532
+79856995533
+79857191146
+79857240574
+79857273427
+79857351602
+79857357138
+79857401515
+79857468332
+79857610547
+79857656487
+79857658409
+79857665234
+79857684598
+79857769758
+79857887505
+79858034227
+79858078829
+79858096830
+79858159997
+79858194079
+79858463678
+79858493498
+79858626788
+79858818208
+79858876093
+79858956940
+79858992466
+79859053043
+79859091326
+79859113074
+79859135577
+79859270745
+79859279281
+79859282541
+79859296765
+79859310117
+79859320131
+79859342424
+79859375123
+79859402989
+79859514395
+79859517315
+79859559651
+79859568044
+79859622992
+79859623835
+79859651420
+79859709070
+79859741596
+79859771472
+79859783151
+79859783839
+79859804920
+79859806085
+79859821765
+79859843837
+79859860394
+79859886514
+79859903005
+79859905672
+79859945440
+79859969290
+79859981855
+79859991129
+79863693729
+79873190546
+79883621285
+79892137813
+79897133719
+79897720621
+79912404533
+79919896415
+79954101467
+79959034992
+79966318329
+79990111005
+79995147492
+79996721290
+79997900111
+79998064828
+79998189319
+79998211303
+79998518129
+79998717171
+79999043049
+79999082010
+79999088109
+79999176620
+79999177619
+79999730619
+79999851739
+79999879432
+79999893710
+79999897212