79117059797
79004763669
79006229494
79006366694
79006431132
79022027772
79042175711
79043341526
79043353594
79043397173
79045111623
79045337393
79046006552
79046086757
79046448868
79046486555
79046495040
79052564435
79052652777
79062778701
79096268724
79103354995
79111060189
79111314445
79111468266
79112101011
79112520990
79112853672
79113373093
79117250345
79117825069
79119839753
79130901857
79168740006
79184336487
79203041904
79213005572
79213288849
79213775059
79214187061
79214262242
79214274787
79219096082
79219501857
79251161581
79256483918
79291117053
79291554743
79291876889
79310059182
79312321313
79312471350
79313218665
79313775344
79315339708
79315816359
79316204844
79316221996
79319714143
79344769033
79390013130
79500021210
79500023772
79500119692
79500155345
79500199253
79500285807
79500301006
79500477715
79513624641
79515255545
79516506815
79516534055
79516535054
79516764112
79516817985
79522201947
79522291950
79522423037
79522483600
79522491212
79523548322
79523599893
79523636459
79523863218
79523993303
79526669310
79531554133
79531573048
79531714515
79531716430
79533503327
79533572959
79533584552
79533630773
79533716361
79534831994
79602358382
79602867872
79607882848
79616087979
79626837369
79627038469
79627081727
79627138989
79632431250
79633182039
79633206631
79633212525
79633283434
79636752786
79638584648
79643880052
79643985007
79643991993
79650008893
79650279555
79650528289
79650816099
79657795586
79657873044
79667003180
79667579333
79668482828
79673421301
79676142130
79681856219
79685634320
79685838352
79687559158
79775969877
79776495125
79777545793
79810462187
79810476979
79810487409
79811336665
79811883454
79812185052
79812346121
79816842303
79817127054
79817278092
79817679604
79818086106
79818342327
79818467972
79818954080
79818966158
79818975205
79819033892
79819336419
79819345797
79819776987
79819786754
79910219575
79917034795
79921778035
79921891426
79921961019
79922044399
79944043084
79944092844
79944116300
79944200086
79944219270
79944236090
79955903648
79961023592
79964979898
79964999539
79966359597
79967221444
79967822849
79967922241
79967962998
79967997216
79992078231
79992095952
79992212021
79992297190
79992435401
79992485055
79006541525
79011844101
79018075822
79029187318
79030979001
79035666775
79043343352
79045115200
79046025103
79046086952
79046143607
79046314215
79046470057
79052576244
79053398646
79062770215
79063081146
79064230000
79064535907
79068810361
79093713266
79111821576
79111895735
79111949552
79113106097
79117010591
79117351410
79117964886
79119345660
79119695689
79165467767
79213893779
79214422469
79214437576
79215841940
79216464564
79217959625
79219151765
79219347416
79219691208
79308522056
79312454528
79324239494
79326150000
79500021003
79500049436
79500100288
79500146323
79500193736
79500233389
79500311216
79500435882
79516453033
79516552930
79517399916
79522032011
79522039361
79522217275
79522674436
79522710192
79522711999
79522717402
79522753779
79522845760
79523666353
79523795856
79523814111
79523848232
79523858648
79523873924
79524228758
79531432862
79531600680
79531666622
79531744176
79533533544
79533602654
79533613199
79582824378
79588425319
79602314824
79602629153
79602828941
79611928798
79618032002
79627182419
79633239687
79650818787
79652840707
79667587443
79668495573
79668661964
79668739985
79669308588
79669358910
79675370740
79676250101
79679746337
79690126777
79697137171
79778506206
79778544263
79810473176
79819077242
79819349008
79819580505
79911440153
79911582036
79921982240
79939660414
79944019021
79944169004
79950904133
79956250783
79963362774
79967537913
79992021683
79992117580
79992140080
79992367639
79995280663
79995291236
79995323712
79006348842
79006497949
79016874171
79045569766
79046151231
79046414185
79052308697
79052677701
79052833737
79060811906
79062618454
79095927878
79110297147
79111232639
79117111706
79117298986
79118170776
79118308254
79119204828
79156926567
79193897800
79196566434
79209220719
79210962065
79213605121
79214227977
79218858074
79219013840
79219777238
79250277170
79264928210
79265098878
79265102579
79312327329
79312863500
79500180206
79500244100
79500308452
79500361423
79500454196
79502264706
79510991804
79516479494
79516670716
79520199401
79520961096
79522129696
79522357404
79522367774
79522709441
79522709819
79522736883
79522760662
79522845065
79522853257
79523530931
79523733585
79523746423
79523784302
79523947683
79526657700
79531529339
79531763937
79531790240
79533585031
79533769520
79534524686
79581734622
79601220232
79602375233
79602790203
79608377870
79618116060
79627079612
79636227907
79643262420
79643952441
79650110531
79650183926
79650574797
79650870028
79657531098
79657634676
79657872441
79657981492
79668448682
79668588907
79668741818
79669210506
79669266655
79673410800
79675511950
79676313647
79676313794
79682624584
79686050768
79686830303
79687025336
79697370531
79776471314
79776668255
79778559606
79811247736
79816993266
79817878944
79817894297
79818096862
79818297972
79818451041
79818496048
79818780420
79818783483
79819713715
79911898081
79921670929
79921729159
79921893710
79921907200
79944059141
79944189499
79967604059
79967619733
79967853537
79967875752
79967991227
79990318307
79990395053
79992149300
79992179085
79992191721
79992243783
79992356467
79995384706
79006265274
79013821314
79025882200
79030936687
79042165354
79045114515
79045188491
79046194445
79046324860
79052229945
79052714960
79055947019
79062059555
79062651312
79091906373
79095878346
79110735470
79111407378
79111665442
79111755187
79112574494
79112589166
79112605096
79117109662
79117146762
79117151452
79117677349
79118260969
79119681892
79119722257
79119887404
79126799298
79210995141
79214234827
79216540931
79216597773
79219096577
79219444547
79226516152
79264958538
79265052205
79265100713
79265225015
79311016135
79316325608
79317115817
79390014531
79500119765
79500188629
79500302227
79500423452
79506622408
79506648894
79516538588
79516571375
79516607572
79516719149
79516756413
79522116376
79522147323
79522156973
79522254243
79522620708
79522729592
79523701896
79523762477
79523837913
79523982855
79526680221
79531488766
79531513269
79531588005
79531635666
79531654967
79531770359
79532080068
79532688088
79533470104
79533711999
79533780191
79581778628
79619753624
79626898383
79632444403
79633018078
79633093800
79633100100
79633164522
79633662589
79634021335
79643352110
79643612195
79643713887
79643717220
79650006362
79650440600
79650474102
79657538282
79657853392
79657980805
79658169090
79665930991
79668499991
79668597722
79669305958
79675375108
79697061817
79810508787
79811091569
79817047575
79818638895
79818701789
79819328484
79821834544
79911679965
79921628353
79921654605
79921710078
79921730651
79939571693
79939860306
79944042953
79944132703
79944190502
79944213268
79944246276
79944392030
79964997929
79967594282
79967713595
79967800240
79967963255
79992212202
79995106174
79995152589
79995382448
79006278645
79006388898
79006575878
79015457851
79043380752
79045104973
79046356793
79048562089
79052056180
79052660701
79052661922
79062404880
79066535701
79095835083
79117616507
79118261016
79118452523
79119693700
79119937013
79150440829
79213741476
79213937334
79215935973
79217405668
79218694955
79219116976
79219206344
79227872707
79248626074
79258664535
79264828067
79296428048
79312704407
79315989886
79316240828
79320089329
79397985434
79500042785
79500065959
79500083422
79502275611
79502296177
79513955700
79516502633
79516506062
79516699597
79516832125
79520988700
79522147707
79522199629
79522400860
79522853678
79523687623
79529497332
79533452270
79584134637
79602535333
79643365580
79650360909
79658160852
79661353350
79668696977
79675906164
79677688674
79681756000
79697386540
79774917078
79810031252
79810243117
79810350141
79810442270
79811088981
79811928026
79811988730
79817071126
79819392100
79910237490
79921945086
79922810603
79933330404
79944041091
79963310714
79967676765
79967689821
79967767802
79967821281
79967958772
79969182127
79990431867
79992160785
79992175259
79992360645
79995312304
79031743527
79031989543
79037826304
79045176523
79045592956
79046011552
79046041773
79046057073
79061212538
79066544442
79108263617
79108931173
79110377048
79112128200
79112977791
79117216810
79119549474
79120996716
79163595599
79167089258
79203093135
79214277035
79217459193
79217686364
79218641106
79272424441
79313140414
79313355171
79319624789
79346608521
79500031898
79500346782
79516452652
79516561680
79516778346
79516804665
79518058957
79522264616
79522880663
79523929941
79529520021
79531422614
79531471856
79531550989
79531777719
79533527574
79533727967
79584058213
79616634296
79630655656
79633403230
79644966644
79647128491
79650673534
79653092088
79654129393
79661009579
79668478739
79669277994
79672220205
79688813971
79692116565
79697371818
79697744965
79697751255
79697926995
79697999916
79775802249
79810059171
79811251220
79811678501
79816877340
79817539736
79817593950
79818779027
79818928821
79819874075
79830712052
79830714517
79841853381
79842167486
79842523362
79846603249
79859028277
79896891328
79921778079
79926622716
79944023989
79944184767
79956261423
79958501729
79962563169
79967598454
79967661019
79992140747
79992177282
79992428757
79992484969
79993489005
79995341617
79995373728
79996689148
79998737769
79006284281
79006312228
79006312742
79006468098
79006489095
79013466743
79014898900
79045101349
79046018348
79046026247
79046354227
79046420337
79052628283
79062670828
79062760550
79090376464
79095856788
79110947392
79111052955
79111448788
79111878688
79112826966
79151156680
79194985270
79210018771
79213104919
79214111929
79217882804
79259141259
79303167492
79308727371
79313900017
79315261832
79375325552
79500059740
79500169143
79500217059
79502200454
79502296880
79514434273
79516420506
79516444637
79516626939
79516684416
79516839415
79516871767
79516872222
79520905058
79520986201
79522201484
79522202382
79522261899
79522489797
79522713460
79522844565
79522873564
79523457148
79523567919
79523581014
79523581791
79523659994
79523717295
79523769079
79523770857
79523856474
79523884380
79531020833
79531451660
79531458621
79531585886
79531606740
79533449717
79534101314
79587766882
79602368428
79602638807
79605673009
79607348313
79623444389
79629530077
79630460505
79632732123
79643275454
79650244529
79650426775
79650910840
79657672017
79657776700
79668437169
79669271386
79669283038
79669330793
79697138334
79697363424
79773151516
79809591951
79809698335
79810125863
79810257373
79811285528
79811653371
79817127212
79818013881
79818147802
79818761406
79819509428
79819587302
79819715265
79819848814
79819979906
79830764319
79842676759
79842677504
79856031554
79893471786
79911533610
79939608607
79944219439
79944232133
79944248122
79956232842
79963761150
79965139310
79967818589
79967932788
79990280097
79990953995
79991819101
79992386707
79995208597
79995251570
79998792993
79001415248
79012564583
79018031642
79043356965
79043371696
79045589082
79046003254
79046065732
79046101323
79046123532
79056596214
79112862512
79117699290
79119197277
79131392331
79191378476
79213279682
79214354147
79215546171
79289211014
79313560443
79315876278
79319767464
79320084714
79500022714
79500202470
79500263769
79508490234
79516468988
79516540253
79516745142
79520957287
79522388754
79522676890
79523965903
79529046984
79531515697
79531518626
79531711976
79533404853
79584053956
79610568043
79616086031
79616088011
79618063890
79620234040
79621117741
79633040319
79633278586
79637858483
79646119599
79650573919
79657485795
79657727757
79667511101
79669360241
79673479224
79675109781
79675110202
79675301999
79675370077
79697745302
79697745597
79771316821
79809579716
79809582062
79809586991
79811351406
79811440707
79811500214
79811599405
79812178783
79817539126
79818976644
79819377668
79830711459
79830712352
79830737237
79830762066
79830763960
79842165021
79842165680
79842171205
79842513580
79842515589
79842520582
79842676573
79856028612
79856029788
79859015334
79921739151
79944194669
79955993574
79956304076
79967606511
79967657763
79967951020
79990623849
79991704385
79992055661
79992268145
79995226936
79995269595
79006577653
79018892171
79046403519
79052167318
79065259929
79081188975
79135129510
79213419803
79214021997
79279713238
79291278542
79311024650
79312118192
79319521282
79324734000
79500315996
79516559199
79516736450
79522327839
79522822625
79523901104
79523975552
79531476639
79531789724
79533506660
79533522120
79536171731
79584115637
79602830637
79618053504
79626806737
79627000083
79637855935
79637856170
79637877254
79643386464
79646111770
79650408451
79657610666
79657678482
79668380666
79669271141
79684947886
79697363597
79810399717
79811552536
79812498942
79818778040
79819582299
79819813610
79832641911
79893447264
79921723383
79944167662
79944275302
79963690700
79992194404
79992318585
79995260291
79995312176
79995350700
79052271409
79052331011
79111251474
79112143586
79217436720
79219771722
79281759459
79291196160
79313080805
79500060059
79500150851
79500348757
79502245205
79502283504
79511833700
79522633209
79522820550
79533721070
79627075676
79656900818
79675126620
79692061391
79778517588
79810476446
79811665024
79817027379
79818721676
79818949719
79921622993
79967813076
79990090938
79992191182
79006345323
79046035560
79046383636
79052651996
79056668505
79057466701
79066269396
79112557999
79117246056
79193662598
79219381992
79262941724
79263939846
79500304145
79516508941
79520955516
79520969224
79522146015
79522477879
79522738527
79523719330
79531536501
79533595301
79626868008
79643856094
79650038758
79650053891
79657978777
79657999695
79663436262
79669255806
79676367463
79687099329
79697040005
79697990333
79810079675
79811262274
79811471108
79812107421
79812202307
79990682107
