79000001084
79000020032
79000599970
79001260501
79001305556
79002290486
79002290555
79002298098
79002320897
79002333999
79002406505
79002415551
79002416896
79002442449
79002449265
79002482222
79002502876
79002554305
79002589272
79002600577
79002629240
79002629316
79002681999
79002759877
79002762449
79002802554
79002925141
79011042222
79014560410
79014560489
79017616290
79034010535
79034019026
79034032333
79034059791
79034064971
79034078536
79034111996
79034476232
79034515473
79034534600
79034561001
79034608504
79034626364
79034734747
79034893447
79043476262
79044416203
79044487073
79045059716
79054044138
79054054585
79054292709
79054500351
79054533030
79054733433
79054874804
79061841792
79061870510
79064144514
79064245977
79064292330
79064314332
79064336710
79064692887
79066774112
79066774214
79081720702
79081777288
79081781068
79081983400
79085027843
79085071201
79085141825
79085147262
79085193434
79086861848
79090724422
79094004057
79094004333
79094170233
79094268944
79094279025
79094355445
79094386088
79094400382
79094444512
79094444995
79094447030
79094465442
79094537975
79094546719
79094558533
79094562332
79094663515
79094703700
79095560933
79123161673
79126557750
79134272988
79149126009
79161306627
79165270339
79180001520
79180004722
79180006004
79180007608
79180032732
79180069476
79180073133
79180181133
79180227574
79180230823
79180246336
79180261025
79180296588
79180301564
79180307575
79180333081
79180408385
79180480501
79180570344
79180570537
79180589195
79180590495
79180641616
79180649494
79180723718
79180725918
79180741974
79180777083
79180783759
79180799946
79180888484
79180967879
79181000181
79181001680
79181015665
79181053650
79181066713
79181085011
79181090665
79181099393
79181101488
79181101488
79181103132
79181110141
79181117255
79181201520
79181208209
79181214131
79181253993
79181261992
79181267185
79181275881
79181282525
79181324494
79181369080
79181384200
79181396422
79181401910
79181461809
79181527711
79181584339
79181594227
79181642043
79181659555
79181673464
79181673600
79181749625
79181750045
79181782828
79181833244
79181834508
79181881037
79181888020
79181909044
79181909697
79181921119
79181981109
79181984958
79182008160
79182014350
79182017640
79182040301
79182042605
79182042798
79182046467
79182070503
79182071215
79182086509
79182094643
79182278000
79182317070
79182342188
79182347104
79182350059
79182356777
79182357440
79182395862
79182404379
79182417202
79182450994
79182456658
79182473168
79182495000
79182506112
79182532232
79182619795
79182647410
79182758660
79182777024
79182883169
79182891748
79182926477
79182971020
79182999177
79183019166
79183027758
79183039442
79183068137
79183079826
79183081323
79183088212
79183097115
79183132689
79183159683
79183201890
79183205577
79183208404
79183217787
79183225689
79183234545
79183240240
79183241818
79183244068
79183279582
79183308199
79183309060
79183337334
79183368934
79183382646
79183399999
79183400101
79183439544
79183442555
79183461461
79183496584
79183522821
79183535117
79183545122
79183549249
79183611212
79183653095
79183653346
79183694839
79183705508
79183733837
79183733963
79183759761
79183771731
79183773003
79183795343
79183801143
79183802200
79183855050
79183856778
79183898608
79183906035
79183969191
79183992875
79183994916
79184000507
79184000537
79184013019
79184015201
79184028259
79184029149
79184029932
79184043483
79184047099
79184095900
79184097451
79184169207
79184172610
79184176888
79184192475
79184243180
79184301849
79184304466
79184309761
79184340551
79184349393
79184362857
79184382323
79184400202
79184412968
79184471332
79184473445
79184475353
79184491515
79184566035
79184605501
79184606226
79184620894
79184631360
79184645598
79184686031
79184694053
79184701578
79184727577
79184778822
79184780807
79184824776
79184847055
79184925521
79184956690
79184979583
79185006668
79185040317
79185055646
79185089151
79185124833
79185141772
79185145400
79185192112
79185222022
79185241817
79185351105
79185407029
79185478485
79185508017
79185508581
79185515898
79185550883
79185557773
79185581488
79185584498
79185585121
79185588674
79185789405
79186005493
79186014030
79186066544
79186078018
79186117375
79186135056
79186142800
79186168168
79186182121
79186188660
79186212712
79186221823
79186225025
79186254469
79186278646
79186332249
79186344423
79186377750
79186432928
79186434629
79186447927
79186498498
79186505540
79186518058
79186633344
79186701042
79186712801
79186729135
79186790969
79186824350
79186834047
79186865845
79186870305
79186878780
79186888282
79186891033
79186914474
79186915293
79186921981
79186956071
79186963080
79186985571
79186993133
79187787287
79188542816
79188599802
79188911997
79188914248
79188935862
79188980440
79189001267
79189006090
79189021212
79189057626
79189082393
79189088840
79189131480
79189141885
79189166972
79189185218
79189186444
79189186607
79189192734
79189323232
79189428900
79189437203
79189451626
79189480202
79189499691
79189500101
79189505480
79189564106
79189609505
79189691919
79189754240
79189770774
79189817122
79189868188
79189871607
79189878686
79189895608
79189900112
79189908314
79189911396
79189920005
79189922500
79189923030
79189926062
79189993813
79198703212
79198769439
79198794011
79204044449
79219797677
79221076393
79229954798
79257279958
79272100122
79273578944
79280365180
79280377527
79280388444
79280396181
79280398519
79280401710
79281013617
79281099992
79281188885
79281192893
79281203266
79281240477
79281343969
79281346631
79281411008
79281520114
79281554286
79281582275
79281589772
79281602999
79281607129
79281616928
79281676269
79281693932
79281706751
79281729983
79281731093
79281887075
79281909977
79281966200
79282022030
79282037555
79282042270
79282062227
79282077252
79282170569
79282261540
79282265712
79282266987
79282267172
79282267179
79282268646
79282299003
79282313272
79282323369
79282343330
79282345100
79282424001
79282428782
79282450445
79282460808
79282586374
79282589906
79282593339
79282598182
79282700673
79282701712
79282701909
79282720233
79282735106
79282744498
79282790213
79282791689
79282793160
79282794038
79282794047
79282796697
79282826999
79282828618
79282929777
79282946070
79282952920
79282957111
79282962190
79283030988
79283300028
79283316758
79283330017
79283331145
79283333241
79283344671
79284010778
79284011433
79284029450
79284030833
79284035252
79284039800
79284104555
79284114646
79284130020
79284166474
79284187978
79284215865
79284241564
79284257000
79284265973
79284287111
79284302070
79284321076
79284326573
79284343345
79284352332
79284387792
79284402343
79284422587
79284444294
79284477386
79284538289
79284558366
79284567079
79284569007
79284586312
79284646991
79284699543
79286056725
79286071487
79286118928
79286120994
79286214053
79286247551
79286251875
79286665448
79286666338
79286667345
79286675888
79287502686
79287508033
79287575129
79287593854
79287603946
79287605817
79287606932
79287615064
79287639070
79287641559
79287712278
79287750081
79288404321
79288431118
79288441146
79288444243
79288480779
79288486449
79288522223
79288524299
79288821684
79288842224
79288843972
79289010959
79289053119
79289072101
79289548054
79289640240
79289677718
79298008009
79298291132
79298291266
79298301111
79298301111
79298311966
79298332535
79298434662
79298444228
79298449197
79298465323
79298509900
79309401117
79315211392
79377315166
79380763383
79381027098
79381101010
79381289088
79381347200
79381456111
79381560072
79381677751
79381701061
79381731152
79382940094
79382942323
79384044430
79384080030
79384080098
79384086100
79384116647
79384133888
79384156686
79384237850
79384265000
79384304316
79384310621
79384318727
79384323999
79384350038
79384356461
79384387878
79384411123
79384411771
79384472323
79384486895
79384500111
79384554744
79384558889
79384600080
79384611110
79384680868
79384725122
79384747687
79384808886
79384855293
79384866716
79385000541
79385000572
79385044077
79385050367
79385061126
79385118886
79385134710
79385150008
79385255959
79385351251
79385383116
79388783838
79388786878
79388880177
79388884898
79407776199
79508439523
79508554872
79508650844
79509580064
79511883030
79514904774
79515004466
79515044464
79515158426
79515175515
79515204551
79515303100
79515330838
79515385045
79524144416
79524199970
79525719312
79525764222
79526007900
79526018441
79526072888
79528134415
79528343470
79528479011
79528496189
79528531025
79528569793
79528577820
79528648277
79529707468
79529895358
79530692592
79530891899
79531072136
79531171065
79531171401
79531184339
79533355333
79588443120
79601087528
79601119758
79601295061
79604466556
79604505974
79604509055
79604552387
79604554945
79604555444
79604629038
79604709102
79604789189
79604838414
79604893537
79604964287
79608468001
79612780121
79612814651
79612818121
79612842288
79612908866
79612993740
79613111145
79613181677
79613203388
79613203914
79613222103
79613233355
79613299888
79613309817
79614043205
79614056883
79614112361
79614252102
79614276007
79614960196
79615007456
79615031506
79615050086
79615050542
79615065070
79615086671
79615100770
79615221028
79615268877
79615304034
79615308332
79615308884
79615336633
79615350728
79615360398
79615371271
79615395333
79615810990
79615877773
79615894006
79615915977
79616495094
79617665088
79618511117
79618553561
79623255838
79624007219
79628519446
79628520006
79628566676
79628603223
79628752123
79628760101
79628760438
79628790006
79628820779
79628848175
79628849903
79628880889
79628887105
79631608566
79648991111
79649000192
79649030209
79649066041
79649096271
79649125469
79649155171
79649175591
79649198158
79649218882
79649232335
79649291939
79649291939
79649361763
79649402765
79649474037
79649490743
79654714949
79654715050
79654730293
79654744122
79654760005
79654812828
79657588585
79660618805
79662067362
79667661122
79667711773
79667716072
79667716713
79667770407
79667777450
79673039462
79673052672
79673055373
79673114141
79673119986
79673133371
79673235025
79673277000
79675502416
79676612545
79676663424
79676678894
79676696229
79676718104
79676969262
79680959494
79683001122
79683002009
79683006602
79685012211
79686297641
79693000229
79782589658
79786699888
79788116148
79788443774
79807457970
79877921945
79880800025
79880818509
79880843033
79881319300
79881387550
79881427560
79881463000
79881513959
79881524808
79881573044
79881622602
79881624727
79881636727
79881657733
79881662707
79881869316
79881884293
79881887588
79881889331
79881890003
79882316877
79882333733
79882341536
79882348400
79882351550
79882359030
79882369036
79882374800
79882375040
79882375869
79882376186
79882379640
79882383080
79882404100
79882408181
79882409841
79882421295
79882423000
79882424052
79882429295
79882440014
79882440833
79882448383
79882448888
79882450420
79882451114
79882460420
79882463739
79882464244
79882465016
79882535844
79882579754
79882829599
79882880103
79883130339
79883130430
79883158403
79883216424
79883232209
79883232690
79883300047
79883344250
79883344354
79883360748
79883366827
79883390645
79883425652
79883436061
79883445566
79883470208
79883475024
79883500080
79883607575
79883661565
79883669289
79883805210
79883877475
79883884747
79883898788
79884000507
79884000640
79884005307
79884104240
79884135888
79884887270
79884897295
79885008595
79885022703
79885059777
79885155515
79885163460
79885253688
79885342492
79885361230
79885413918
79885542088
79885562477
79885594555
79885595552
79885595723
79885617171
79885626626
79885644246
79885651600
79885743585
79885940502
79886203400
79886233500
79886665191
79886665337
79888880982
79888952487
79888977875
79889077620
79889441555
79889446201
79889936831
79889981006
79890809999
79890881313
79890881546
79891200540
79891240044
79891611946
79892301416
79892408700
79892486893
79892613131
79892619999
79892657487
79892688717
79892713000
79892729747
79892767317
79892770811
79892787817
79892979889
79895373945
79896124936
79896187226
79896240670
79896283938
79896320027
79896333272
79897030710
79897109110
79897540888
79897556323
79898035341
79898179434
79898325137
79898357618
79898567890
79933980100
79933980746
79933980746
79951100025
79951109855
79951233443
79952024645
79953335269
79955525967
79955529958
79960504140
79960504141
79961271381
79964078418
79964080021
79964097323
79965333335
79996315464
79996361108
79996560395
79996921602
79996951303
89184561395
79010144461
79002299610
79280388828
79184522365
79998516841
79529728000
79002375552
79002333087
79002684600
79183263948
79198854747
79064528209
79628549218
79515379803
79615881166
79890877017
79895333012
79614254325
79081905647
79515253168
79515017733
79287787714
79515108745
79185443757
79281054777
79281915428
79614112057
79628752134
79614252104
79604708934
79282299395
79896117034
79508622208
79886238046
79604643344
79034015840
79515004300
79282099373
79094537976
79283784959
79189576360
79184199827
79183407500
79969270882
79160816911
79166233807
79631627124
79184758362
79673113474
79182884521
79182171008
79180635039
79283330403
79183111073
79181720855
79054946200
79184544226
79184015665
79180088969
79184045554
79883470208
79183210055
79181468852
79184503960
79615911990
79889562626
79384831103
79184970101
79183736118
79183334045
79086819171
79897627693
79883699369
79054944411
79648999119
79280422208
79282948325
79881403439
79298546003
79649144000
79280362609
79898044316
79186846366
79183799802
79181717348
79183290509
79186516548
79282714694
79183643064
79182344489
79158691111
79184541898
79186917551
79181916700
79189907802
79064114545
79180881154
79181210006
79286649123
79385234522
79882381003
79892928749
79189733618
79181763222
79186366156
79064300182
79184437524
79183003639
79628831100
79885014181
79180808076
79184605502
79898086593
79184395046
79384059575
79898252222
79528290089
79181479799
79184811827
79618508888
79964100959
79882461556
79508552529
79185502510
79281997878
79889474073
79282263007
79166201810
79198852818
79186183131
79183653792
79180571351
79892838899
79283337525
79184605899
79184578575
79182719599
79183682451
79183954346
79385305333
79531020075
79180216047
79654595175
79189959595
79184364206
79180943471
79180990993
79182461003
79885601135
79281624178
79525857240
79186165353
79189155510
79184423107
79882366620
79180073340
79628831888
79996549612
79182019300
79882319715
79676564624
79034115805
79184742829
79615356551
79002581800
79882375920
79184651304
79189604955
79184433345
79385166678
79189920023
79184335391
79884584540
79299049477
79618584768
79186833510
79875851177
79615033015
79081910821
79281204486
79384044222
79198751628
79526001002
79882551010
79281053388
79385188869
79034118223
79697771608
79289017921
79286057847
79035736373
79615909988
79282268673
79889973181
79282795307
79883421053
79282400400
79615079735
79385037111
79281291010
79649094595
79384756231
79286667779
79182989550
79284033833
79189319701
79180846088
79284255973
79094567823
79183671740
79649222480
79002292285
79094592844
79181283456
79654659796
79280403033
79881404525
79282793002
79525887788
79043455667
79064156747
79515238059
79933690220
79034850684
79287777676
79180132851
79184562850
79181661996
79288499834
79381482404
79889447461
79885515955
79384808886
79952096596
79518418558
79939936671
79282585550
79382942324
79189225045
79886676677
79284236500
79288466555
79184313552
79604812080
79384789091
79183138994
79951237216
79882807084
79110950695
79283333344
79292697860
79385369685
79189694442
79881454599
79885552920
79528618990
79508607560
79614240814
79508534757
79282400340
79189349974
79282036120
79024036583
79529893616
79280408182
79676543396
79385080506
79601295434
79601294833
79601294817
79001241945
79034639125
79585442833
79614252110
79530818505
79298390436
79286033097
79885771377
79613114545
79286171352
79044418274
79614127100
79604708951
79298152079
79385182444
79034577996
79184803360
79183409900
79649006461
79615342921
79034115803
79615227137
79615877774
79628752143
79628603443
79628752117
79186466706
79604914839
79033118008
79890830755
79284556783
79181050701
79181086966
79631609992
79282727662
79094611606
79183545122
79615277729
79189072764
79184089054
79649313535
79676430143
79882895986
79667750101
79260475894
79667711778
79180060211
79628851136
79886722709
79282610444
79630801274
79654845025
79034111330
79898396879
79649322835
79058111181
79683000506
79892341221
79649156201
79939932410
79673284383
79885030365
79086809806
79881574079
79615345877
79882368036
79882318855
79181617888
79882421482
79184695087
79181801801
79282555499
79882430420
79897147473
79181737483
79182470556
79892451888
79891979695
79883400080
79189759575
79892854375
79184409421
79884000604
79186150005
79034515959
79892437273
79081714003
79889486877
79185939395
79181763977
79885550094
79886233400
79631646323
79896125959
79227364870
79185338222
79667779976
79182081313
79182709988
79891611945
79180209150
79892613030
79628639999
79898212256
79889548622
79892714000
79183328237
79889489763
79370373217
79182705603
79615327800
79933980100
79288405018
79953336145
79184530670
79282047373
79298530088
79189908188
79002599610
79189965632
79883878842
79777593070
79184231488
79002615551
79388779065
79034561176
79676612211
79612896269
79287787713
79044434481
79282263756
79604547526
79604708690
79085193355
79287749840
79282212118
79094609913
79034885577
79671842420
79882475758
79529817777
79897511407
79180186677
79676710154
79297179423
79182450505
79384130357
79182017650
79615906663
79183007972
79181992410
79612724222
79649402416
79882399610
79184446026
79286666722
79094434625
79185502520
79282265701
79950996064
79181077657
79054727283
79882446027
79898330136
79054201020
79185215611
79287765299
79881558797
79186025462
79180348565
79183169177
79996377780
79189920003
79281112861
79184509930
79280412403
79649396660
79044443961
79280426244
79288840110
79385007111
79298616036
79384796533
79280357001
79184567823
79612867295
79186928592
79385193213
79381561343
79284350563
79385046800
79183782060
79384787111
79881676899
79034019021
79292466563
79384358230
79034474774
79531171403
79601295077
79601295489
79185745654
79525739407
79272512444
79614252106
79528654704
79614222233
79281288223
79614252100
79094437807
79184372312
79181904811
79615026157
79628752130
79184987327
79676673070
79094579131
79892408700
79182046901
79184003332
79267570374
79649435399
79615971703
79189300063
79183696983
79615232850
79181484111
79882460008
79882440420
79885221083
79183503806
79648902511
79615210555
79184034609
79198849295
79885178182
79895386240
79189077620
79384595999
79180481740
79189815587
79884101649
79618507928
79665333335
79181100109
79288404444
79508634962
79180860100
79063261039
79999855647
79284258603
79182707086
79528285354
79933980582
79183992860
79181086161
79184457850
79189182313
79385245708
79882462334
79151531669
79897182395
79615996384
79673099901
79165057858
79615068813
79284233970
79281939002
79284221210
79186983671
79882335235
79034850648
79288453460
79381677750
79883333341
79601295056
79683003893
79525860846
79889901999
79614252109
79282218474
79604563939
79624438077
79094524138
79628752129
79086882222
79267572896
79182621000
79182104444
79180502802
79889449669
79676610661
79996556610
79002440848
79183558867
79953335270
79998385420
79002290176
79183929799
79892657304
79654722453
79882365515
79604767277
79892697394
79284231582
79209202112
79284055555
79601321472
79601294830
79896254505
79615074943
79181766262
79615021587
79267574615
79180706222
79286176909
79284738713
79183667918
79181272626
79181741802
79892314141
79103178496
79601294837
79183401100
79615026543
79267572353
79189222358
79220782288
79676433783
79388687868
79134653505
79601295054
79324041622
79676433781
