79102221020
79102221075
79102221142
79102221494
79102224041
79102226969
79102227125
79102227267
79102228228
79102230121
79102230245
79102230676
79102232616
79102233229
79102235408
79102237828
79102237972
79102241557
79102242404
79102244193
79102244487
79102247052
79102247554
79102250080
79102251897
79102252477
79102258194
79102258250
79102258451
79102258617
79102260653
79102261087
79102261963
79102263747
79102264725
79102266013
79102266359
79102268136
79102268661
79102270595
79102271880
79102273713
79102274032
79102277903
79102280826
79102280930
79102281344
79102282389
79102282906
79102283030
79102284446
79102286808
79102288101
79102288130
79102288384
79102289010
79102291524
79102291979
79102293322
79102296047
79102297074
79102297315
79102297789
79102297849
79102297907
79102299051
79102476702
79102778283
79102798701
79102855617
79103181228
79103189120
79103204386
79103204527
79103208521
79103208805
79103209008
79103209170
79103209663
79103210033
79103212174
79103212524
79103215346
79103215771
79103218313
79103219501
79103219638
79103220513
79103220600
79103222042
79103222233
79103223037
79103223575
79103225430
79103226881
79103229216
79103229402
79103230445
79103230951
79103231031
79103231050
79103233220
79103233638
79103234762
79103235572
79103237918
79103238159
79103238338
79103238768
79103239393
79103239611
79103240012
79103240400
79103240774
79103240895
79103242125
79103243420
79103243694
79103244727
79103245110
79103247695
79103247699
79103249000
79103249375
79103250181
79103250945
79103251628
79103252646
79103254279
79103254807
79103257477
79103258739
79103259995
79103261358
79103262181
79103263531
79103264886
79103265020
79103265666
79103265827
79103266839
79103267055
79103269030
79103270966
79103272150
79103272742
79103273165
79103274801
79103276602
79103279438
79103280301
79103282557
79103283368
79103285850
79103288234
79103289091
79103289888
79103291078
79103291292
79103296635
79103418347
79103456754
79103468047
79103600110
79103601868
79103607047
79103609565
79103609777
79103613071
79103614236
79103615681
79103616136
79103617833
79103617963
79103622144
79103623818
79103625550
79103626672
79103626788
79103628702
79103630322
79103630903
79103637406
79103638048
79103639795
79103639905
79103640157
79103640734
79103640808
79103641100
79103641260
79103641679
79103642764
79103644374
79103647671
79103648170
79103649241
79103650797
79103650809
79103651137
79103652876
79103652946
79103653265
79103653677
79103654892
79103658335
79103658989
79103660000
79103660411
79103661327
79103662011
79103665263
79103666707
79103667301
79103668467
79103672846
79103673280
79103673291
79103676816
79103677778
79103683876
79103685244
79103688152
79103689015
79103689699
79103692847
79103693317
79103693883
79103694736
79103697000
79103697719
79103698761
79103698919
79103869043
79104466490
79104567893
79104638406
79104640661
79105055896
79105724132
79105824476
79106164780
79106639862
79106763044
79106963950
79107018778
79107114235
79107320548
79107360264
79107361481
79107367326
79107367431
79107370012
79107370899
79107371132
79107371516
79107371912
79107372023
79107372076
79107372217
79107372335
79107372575
79107372797
79107372931
79107373039
79107373125
79107373270
79107373362
79107373484
79107373565
79107373633
79107373758
79107373761
79107374782
79107375125
79107376261
79107377116
79107377399
79107378062
79107378317
79107414507
79107415042
79107415238
79107415343
79107416355
79107417415
79107419364
79107419782
79107431494
79107450385
79107451540
79107451616
79107452113
79107453226
79107457568
79107457882
79107458503
79107459372
79107496498
79107964710
79108529965
79109135079
79109713929
79109722295
79109781454
79110704604
79110738014
79110868560
79110925297
79111000886
79111173815
79111240001
79111438547
79111680709
79112110192
79112414709
79112515859
79112604959
79112763633
79112778942
79113060617
79113500242
79113658931
79114108091
79114129650
79114501646
79114523843
79114585725
79114587880
79114718364
79114748659
79114754995
79114819200
79114947500
79114949633
79114960848
79115250601
79115524098
79115565866
79115722687
79115759281
79115813474
79115853200
79115953323
79116030370
79116031550
79116048690
79116501513
79116603555
79116795287
79116822971
79117714604
79117747882
79117777777
79117835739
79117947628
79118347134
79118395041
79118514591
79118583249
79118681796
79118929251
79119140851
79119191723
79119219454
79119258980
79119595750
79119719800
79120073321
79120101557
79120204851
79120252688
79121233133
79121350913
79121402730
79121422503
79121788688
79121858699
79123313301
79123333333
79123676723
79123886934
79124236177
79124291201
79125025244
79125567878
79125580506
79125756164
79126219773
79126242711
79126406736
79126580722
79126891662
79127270291
79127323109
79127996876
79128246425
79129006293
79129109793
79129138520
79129192831
79129417105
79130038169
79130092609
79131253435
79132413010
79132763780
79132799871
79133114565
79134722737
79134925816
79134939693
79135089465
79135213734
79135560801
79135621088
79135960257
79136714278
79136742653
79136935715
79137036894
79137323151
79137329739
79137338126
79138777941
79138925792
79139144248
79139314384
79139432677
79139975521
79140762892
79140791881
79140910747
79140931918
79141054976
79141159098
79141623025
79141653761
79141944672
79142036360
79142152417
79143011322
79143156539
79143537447
79143720061
79144035023
79144106578
79144117747
79144132430
79144695114
79145230704
79145617807
79145687421
79145864893
79146496688
79146661676
79146669045
79146945497
79147887968
79148276749
79148673477
79148978390
79149300703
79149379068
79149729258
79150715612
79150991109
79151140176
79151154523
79151333523
79151545976
79151932434
79152995285
79153813117
79154110044
79154277534
79154303965
79154427743
79154569772
79154578072
79154898956
79154904668
79155000400
79155114464
79155202333
79155207431
79155208710
79155212521
79155212654
79155215110
79155217907
79155218100
79155220996
79155221005
79155222019
79155222845
79155222913
79155223725
79155223820
79155224002
79155225201
79155227977
79155230903
79155231464
79155232303
79155234587
79155235634
79155236782
79155237412
79155239947
79155240831
79155242181
79155244085
79155247220
79155249064
79155252810
79155253730
79155254704
79155258789
79155262643
79155265495
79155265684
79155266469
79155270973
79155271819
79155273777
79155275862
79155275999
79155276002
79155276954
79155279955
79155281814
79155282767
79155288777
79155290690
79155290886
79155291802
79155292055
79155295699
79155295972
79155297668
79155298879
79155299077
79155404042
79155441202
79155460516
79155604067
79155613182
79155614349
79155616106
79155616684
79155617045
79155621011
79155622558
79155624983
79155626556
79155627602
79155628863
79155628983
79155629888
79155630311
79155633771
79155635797
79155638330
79155638648
79155640510
79155643781
79155646459
79155646466
79155649654
79155650826
79155651218
79155652111
79155652222
79155652968
79155654838
79155655353
79155659740
79155660441
79155661665
79155661933
79155662525
79155662747
79155662813
79155662827
79155665525
79155665770
79155667478
79155668151
79155669886
79155670919
79155670959
79155672115
79155672978
79155674325
79155675490
79155675656
79155675863
79155676670
79155682217
79155685690
79155685848
79155686288
79155686346
79155686410
79155687039
79155687158
79155689069
79155691717
79155691763
79155692307
79155694811
79155694835
79155695958
79155697549
79155697599
79155698247
79155700008
79155702505
79155702757
79155703301
79155703326
79155703623
79155705464
79155706304
79155706555
79155706786
79155707494
79155707714
79155708613
79155708674
79155710697
79155712971
79155713326
79155713503
79155713674
79155714728
79155715036
79155715212
79155715908
79155717505
79155717795
79155718621
79155719084
79155719361
79155720616
79155721161
79155722957
79155728141
79155729058
79155733464
79155734004
79155734444
79155737934
79155745332
79155745939
79155746399
79155747608
79155748289
79155754600
79155755025
79155755910
79155758754
79155759685
79155760211
79155761111
79155761607
79155763086
79155763839
79155764500
79155765044
79155767191
79155767574
79155767702
79155768170
79155772050
79155772693
79155775224
79155775903
79155776569
79155777200
79155777555
79155777678
79155777731
79155779751
79155781258
79155782373
79155784019
79155786090
79155788315
79155789322
79155790235
79155791614
79155792914
79155795258
79155796989
79155799770
79155799933
79155863909
79155908455
79156155414
79156359644
79156506511
79156620581
79158005452
79158159697
79158358168
79158395907
79158595852
79159030347
79159293333
79159339290
79159488985
79159852235
79160333730
79161110787
79162020750
79162422630
79162913987
79163132847
79164617917
79164627000
79165409128
79166323334
79166335146
79166506636
79166961461
79166971839
79167239322
79167397088
79168280883
79168455933
79168851302
79169187854
79169635983
79171324996
79171362276
79171478152
79172200550
79172223366
79173382660
79173685988
79173748103
79173773097
79173941281
79173991020
79174074795
79174229756
79174241634
79174439078
79174667575
79174677814
79175365402
79175445432
79176356196
79176414942
79177439770
79177777375
79177831970
79177877985
79178099882
79178106702
79178160154
79178449018
79179043636
79179173344
79179186298
79179282865
79179335401
79179562427
79180741731
79180808055
79180986699
79181239964
79181680541
79181690000
79181934102
79182090066
79182294123
79182409983
79182410388
79182477277
79182594644
79183174603
79183377894
79183698859
79183800009
79184284266
79185539646
79186091235
79186448981
79186490904
79186600406
79186848421
79188151174
79188424841
79188519114
79188638651
79188793051
79189109391
79190049632
79190070409
79190098543
79190127505
79190316225
79191090109
79191187557
79191215600
79191422274
79191736755
79191749267
79191762869
79192200005
79192201970
79192202180
79192204356
79192205160
79192205556
79192208455
79192208668
79192208900
79192209281
79192210094
79192210702
79192210882
79192212120
79192214312
79192214326
79192215463
79192216090
79192216369
79192218575
79192219361
79192219727
79192221001
79192221522
79192223143
79192223191
79192223353
79192225110
79192227772
79192230666
79192231641
79192231722
79192234547
79192235686
79192238598
79192239777
79192239919
79192241774
79192242998
79192245249
79192245754
79192250270
79192252113
79192256444
79192256944
79192257650
79192260004
79192260028
79192261377
79192262818
79192263810
79192268215
79192268319
79192268560
79192272926
79192273005
79192278680
79192279175
79192279763
79192280292
79192281967
79192282836
79192284975
79192285607
79192287783
79192288238
79192288887
79192289992
79192290051
79192291209
79192292752
79192293050
79192294023
79192295816
79192341102
79192431019
79192476744
79192777005
79192782845
79192801955
79192802646
79192805091
79192805995
79192809858
79192811640
79192812459
79192813172
79192813596
79192814050
79192814949
79192817378
79192818848
79192820908
79192822320
79192831129
79192832065
79192832735
79192833863
79192834566
79192834881
79192837568
79192837843
79192839442
79192840252
79192843442
79192845451
79192846030
79192847712
79192848575
79192848729
79192850501
79192850835
79192851316
79192856535
79192856847
79192856982
79192857779
79192857882
79192858592
79192859131
79192859928
79192860792
79192860884
79192861493
79192863360
79192864020
79192864037
79192867727
79192868759
79192872558
79192873618
79192876977
79192877242
79192878566
79192880437
79192883908
79192884190
79192884454
79192885288
79192885588
79192888746
79192889823
79192890393
79192890818
79192895227
79193219095
79193336993
79193415426
79194301022
79194301483
79194303343
79194313733
79194316613
79194316761
79194320595
79194322872
79194323301
79194326080
79194326327
79194333444
79194336050
79194336861
79194337879
79194339343
79194341499
79194343123
79194345180
79194347211
79194347561
79194349780
79194355246
79194356383
79194356749
79194358585
79194359860
79194360787
79194362137
79194362800
79194368093
79194368656
79194371644
79194375770
79194377477
79194377673
79194377788
79194382624
79194386585
79194387301
79194397331
79194397362
79194398674
79194469099
79194482923
79194780918
79194993962
79195401456
79195580515
79195750406
79195905402
79195912149
79196017003
79196035111
79196085297
79196874937
79196934874
79197295176
79197453853
79197654412
79198788964
79199144073
79199228161
79199325585
79199325954
79199454551
79199538870
79199931222
79200264298
79200280198
79200466829
79200539073
79200902242
79201347286
79202001794
79202006611
79202006635
79202006652
79202007464
79202007481
79202007870
79202009235
79202010110
79202010292
79202010409
79202012005
79202012006
79202012325
79202012338
79202013326
79202014555
79202014797
79202015055
79202015236
79202015406
79202015452
79202015476
79202015559
79202017382
79202017553
79202019011
79202019243
79202019747
79202020101
79202020223
79202021108
79202021373
79202021775
79202021951
79202022113
79202022577
79202023380
79202023432
79202025388
79202025992
79202026898
79202027254
79202028097
79202029348
79202030423
79202033197
79202038719
79202040575
79202040926
79202041755
79202042030
79202043989
79202045145
79202046519
79202047078
79202047362
79202048222
79202050234
79202051832
79202053898
79202053963
79202055335
79202055465
79202055805
79202056085
79202056606
79202057575
79202058644
79202058868
79202059110
79202059189
79202059908
79202060415
79202061097
79202061647
79202063993
79202067071
79202067732
79202068521
79202070104
79202070900
79202071393
79202073838
79202074657
79202075111
79202075399
79202076217
79202078649
79202081200
79202081888
79202083531
79202086604
79202089999
79202090202
79202090967
79202093411
79202093977
79202096897
79202097160
79202099079
79202099248
79202099366
79202099909
79202102617
89155688900
89155687226
89155686493
89155685407
89155683002
89155682978
89155681944
89155681867
89155681138
89155680738
89155680723
89155680503
89155672456
89155666667
89155666051
89155664603
89155660556
89155659726
89155659576
89155656660
89155654151
89155652634
89155651870
89155649909
89155648516
89155648122
89155647614
89155647253
89155646765
89155646057
89155642252
89155641800
89155638892
89155634858
89155634429
89155632554
89155629601
89155628806
89155625699
89155624355
89155621593
89155621231
89155621205
89155620616
89155620095
89155617007
89155616223
89155612003
89155610438
89155610336
89155609860
89155609209
89155608913
89155607066
89155605220
89155604625
89155603206
89155600202
89155298734
89155296774
89155295878
89155295258
89155291348
89155289280
89155288928
89155284529
89155284488
89155283965
89155280103
89155279525
89155279363
89155279233
89155278389
89155277585
89155277529
89155277437
89155275169
89155274561
89155274160
89155273709
89155271566
89155271035
89155269462
89155268611
89155268486
89155266230
89155266153
89155259608
89155258323
89155257877
89155257431
89155251611
89155249068
89155242085
89155242081
89155241385
89155240788
89155236305
89155234485
89155234444
89155234146
89155233623
89155229990
89155229520
89155222650
89155222023
89155220067
89155219971
89155219917
89155219370
89155218856
89155218533
89155217952
89155217907
89155213959
89155211644
89155209804
89155207441
89155207027
89155205764
89155203513
89155201337
89148502120
89125379720
89107459682
89107458878
89107458543
89107456832
89107454882
89107454292
89107452229
89107452050
89107418703
89107418558
89107418036
89107417350
89107416689
89107415595
89107415433
89107414989
89107414325
89107413737
89107412602
89107412126
89107379980
89107379977
89107379600
89107379469
89107379151
89107379123
89107378062
89107377125
89107376399
89107373720
89107372346
89107372259
89107372028
89107371726
89107371584
89107371547
89107370111
89107370033
89107369777
89107369486
89107368637
89107368312
89107368286
89107367989
89107366936
89107366777
89107366200
89107365794
89107364615
89107363171
89107362227
89107361223
89107360869
89107360647
89107360145
89107360076
89103699999
89103699394
89103698385
89103696120
89103695486
89103694489
89103693216
89103693194
89103693189
89103693059
89103691972
89103691852
89103691783
89103691056
89103688351
89103687018
89103685524
89103685387
89103685262
89103684054
89103682724
89103681899
89103679555
89103678995
89103675715
89103674494
89103673149
89103670787
89103670273
89103668223
89103668133
89103667101
89103666378
89103665707
89103663996
89103663652
89103663115
89103662551
89103659119
89103659091
89103659055
89103658695
89103658602
89103655816
89103655505
89103653650
89103651240
89103650442
89103650290
