89991707512
89608132050
89277576995
89297048089
89325455425
79516189233
89048896887
89648959446
89674963675
89029207269
79817122016
87761298797
89198126878
89276944548
79672805515
380975227551
89871643307
89642489585
796895399924
89149059975
89006413515
89026164432
89003727104
38068942750
79278967986
89276901044
89514575757
89041441602
89511941930
79184610419
89880812513
89027469506
89282255289
381603366228
380985674987
89879053803
89158574121
89879439252
89043663093
89066424025
89050085005
89517147161
89991700876
89063331513
77472324109
79371843289
89631165288
89110328879
380969886881
89118383222
89379931175
89266995519
89272012512
89511647521
79780228455
89624589574
89297051415
89179571113
89273303615
380990372027
996553576444
89662807388
89879593109
89171072999
79397125194
79127440940
89504628473
89276550009
89044455721
89638020730
79270230230
89277264821
79235725653
89277212179
89379997703
89270178788
380987613546
79277850890
89063657611
89149857424
89085892797
89205622096
89272007252
375299567612
89181515010
89963400121
375299126084
89052777730
89021828126
79833914896
79175383965
89371776338
89277115365
889015432148
375259408905
89035303689
79277151676
89882208607
89264595602
79787144487
79114213787
89171335545
89209816153
89237614144
375421536998
89170172117
89874303545
37120491016
89379996209
89524005819
89277014843
89774640312
89649871399
381652514005
79872321119
89179435377
89515287564
79879190534
89022899280
89198028313
79788523898
89685192079
89067355287
380993481725
89966357431
79170308996
79272628912
89535389652
79149450034
89532673779
79194181167
89879465586
89993130621
79219583526
89277787247
89619578297
89040553226
79919312330
89379980052
79179459424
89277421710
89379866447
79371885300
79625909043
89288074117
89628599351
380677774136
89034618409
375298243202
380984075036
88901547362
89374506999
89045605402
89779987895
89171689088
89211254204
89000787710
89370778840
375445664224
79053070172
380667907869
79131643834
375299051362
80336645575
89829673979
89148030435
380961564394
06675799230
380682356427
79188655185
88595620514
89276941055
89625723301
89088429814
89115210133
89277568824
375295828766
79198112460
89083671806
79166615502
89673778170
79612470787
89277146856
78469902828
89871611621
89372052124
89170394193
79639294896
79197385904
89270027691
89650120714
79159020699
89128815363
89379917306
89202219810
79787556735
89191254412
89199417502
380674209630
89649728689
89171159659
89179690105
89231282388
79638543575
89824565709
79170143831
89171267686
89681192600
79089665511
89211342500
89991714387
89896782227
89997710077
89053547232
89964456084
79116679957
89370787868
899636500119
38050711814
77896562310
89879404845
89028298728
79874382788
79276959939
375292842913
89174014000
89276017013
89061265444
89185151531
89511067164
79297115367
89206753980
89277129839
79270151680
79500734927
89871537881
89021892354
79647272548
89022770307
79639141426
89171452039
70976665776
89021713019
87006591785
79875833946
380996174372
375292695442
79270074043
89659286049
380953430882
89871623730
89082586107
89285769938
79272039563
89171290612
79397525999
79241324887
89065645016
79219046899
79272456155
79183880195
375257346760
375444557553
89276999976
89272015603
79377376268
38068000000
89283027288
89887349989
89534274805
89003452513
89532348822
89831727428
89033020986
889603251477
89053003537
89276015513
89456502702
89277164767
89297074813
89874419012
89279562399
89083362749
89887175703
89371818799
89245710790
89879102081
88469916151
79020508913
89121572519
79034797988
889017456233
79602515253
79635902279
38687024900
89051586935
79267716561
89376589168
89279064428
89878715755
89887916058
79277115157
89041659018
89879061686
89182916009
89871656283
87013153433
89297074246
87752058110
89277303194
380677153285
89276001541
71234567890
89608104432
89648633275
89277581747
89027413586
89527440904
89501306453
79062694367
78129802158
89608081952
77052700355
89872692334
89898660560
89879219136
79027013588
89513904777
89277034573
89930221140
89277624666
83434248544
89211338177
79270988066
89674810496
79093546684
380687073131
79376452177
89146841531
89272121557
89220038736
89377944813
89270110117
89272601038
89619095998
88901579518
79788177885
89524381768
79269553773
79780039490
04140890614
79170580544
79180223560
89539318884
79276977072
89108261712
78907854578
89286837744
79300630631
89677636002
89507798863
89270828928
79788662658
89179508829
89276068137
89298339377
89639160058
89178174717
89277013883
79600270303
89833049520
89885713831
79165022478
89991332737
89996204879
89270045640
89371811111
79372185007
380684130470
380686356468
89193578769
89638382922
89132433835
89612007599
89021696421
89517798772
79184640716
79685321956
87071633837
79877015713
89832791302
89991155762
79216462233
89284003944
89189000356
380981710665
79536314997
89022387226
89178160039
89279271448
79266873215
89279043513
89120381826
79505164711
89276586327
89277253401
77014162084
79521331472
79991715797
89532332212
89272984902
380679542973
79177332785
88091874556
89179593596
375293641304
89222335545
89021203155
89068838003
89531760953
89130092609
89379848463
89145958939
89281708986
89127219029
79127678854
89608086953
89001087902
89328480868
89025674111
89212521970
380686519037
37378071014
79655549492
89371708339
79374353623
89133408193
89022934444
375259801247
89220439393
89457680168
79184300709
89613871788
89272638588
89270187962
89171453569
89328500384
89123105886
89116392083
89276903173
89003032205
89622997651
89371707057
89241470200
89879498832
89397093000
89276913286
89372045264
89272057987
89198065107
89208991000
79234257987
89508773666
889706532541
89372188666
89823850537
89895634597
89172733481
89277729906
79371730712
89397523373
89063468043
89371783778
380725150729
79170166861
89879168611
79270074255
89184888046
89098168864
89083101224
79290940267
89276586157
89379974141
89061276717
79511772515
89608317929
89457600157
78965434356
79675003607
79093446233
89277170707
380506635890
87059959965
79663307615
79377990997
89091879823
79144438456
89040918062
89233134840
89271194332
89512348765
89277321087
79044285922
79600486806
887952146352
79222193087
88462672704
89677688886
89397554003
89624263005
89193586560
89276098148
380970183471
89191808767
89139993262
89609656059
89656772659
380976543532
89209575172
89508119299
89831447994
89278960010
89372010066
89277165558
89898138513
89372061511
79296644938
375296431378
79277064358
79273788980
89370616374
380635786014
89043237770
79379952299
89147720511
79376591848
89005334470
89379856789
89061274427
89232771406
79787571691
89379805808
890156172565
79124417535
79770717247
89041323752
89270109092
89833639019
89383338875
79178146173
89297671741
89619981565
380677258620
88095076099
89370780020
89509029567
89611635162
89887339873
89171420985
79515912398
89271170007
89397572000
79608364545
79270284822
79065471748
996500004862
89527626515
89819650107
89272987952
89127847589
89282860501
89281841454
89821137195
89048327351
89277359545
87051669020
89279049652
79272608533
79278091855
89277353229
380637456077
380661749126
77845095154
889706532544
79515750179
79143529927
89370673962
89272007418
89230082734
89370700560
89991728917
79277211614
89159837677
380935046163
89038779286
89600006627
89278845437
898972770106
89194749160
79009553959
79147612211
89879264846
89654299689
89178380328
380985253110
89277492986
89787827449
79171033991
89270003005
79787963928
89279025439
89128572843
89371884898
034754645677
89370754024
79531514520
89063404044
89525509959
778405963201
89397179995
79019406131
89277656091
89171043960
79677224031
89277740511
584242732410
89206893391
375293898552
89372046396
375295241932
89272102855
79788309810
89273077496
79536785987
89896714693
89622294681
79807345024
89198097431
04165355285
89674047778
89501446159
89093431080
89872008869
89179630538
375297074935
89207061938
89964089417
88704892690
79297075330
89630050399
87711677215
89377993757
89213858557
79086349544
89397538717
79171030144
89898612040
79043496664
79274647422
89080042850
89887298346
87051778549
89521273755
89234241387
89523827101
380667168631
89882914934
375333214196
380501363306
79141243307
380982142909
89220969856
79511677216
89829118921
89996406740
79139645248
79005948228
89370613176
79671192991
89088692664
89516694072
79314183528
380688412979
79515868063
89233565490
892772608055
89456501202
380995668407
79639162013
89372362025
79277447122
89649852262
380972557394
380667704131
380987837172
79277004279
380986036946
89874476162
89276081704
380987065618
79093417987
380688170561
375297305155
89967358903
380663013179
79379891041
79170306708
89090844500
89277649337
78469915373
89277598375
89372002227
89024777777
79516352419
79780315063
380639864090
89377988559
380687383512
79063393919
89370699606
89179773255
79681682190
89940212558
89835308925
89171236441
89272979943
89274223881
380509675419
79869542315
79967449346
79270125237
79372752862
89227980480
375299331290
89054797113
89054108952
89276925171
79782280517
380668259926
89997937571
79041774379
89277597230
89272639940
89020523897
89967406311
354645654645
89277169124
89273841158
89157718532
89649871353
89102529393
89276500094
48539797283
89118671089
89061463507
89179662824
79136792782
89625727115
78126111075
37369131662
89277613221
87755557777
89276571554
79817147033
79023682328
89189174244
79255667171
89270053805
89277547450
79371700202
79184598935
89161435394
89371556552
89178147535
79277530151
89530478116
89277752347
89278652888
89604804658
89028595081
89869583257
89082303561
89145174958
77986320541
89270284130
89277372712
79282517865
89877771224
79171274762
79171164245
88095053779
79132929804
89277025088
89270735615
89064284111
79279080816
79276531122
79256253254
89272145776
79065686436
89171654636
89821843323
79098067439
89835282149
375257059546
89894490939
89518155453
89291172688
89677221322
89277163636
79107075560
89270088266
89277072884
89166945144
89081469820
380674968248
89273412747
79171157979
79135171968
89033350277
89500223465
79276875104
89654652349
89170139010
79379890764
89252552525
89286805434
89397098515
375445602495
89110320418
89118110066
89961126784
92758940576
89879072004
89370619795
79527972058
89374334555
89198084979
89884768120
89056400135
89270162279
79377975519
89256437890
89276949411
79277252530
79290076357
89179460761
79272023285
89051432080
79532493516
821022958225
889051472369
89379904612
79787183200
48500871149
79297004282
79879177702
88462502550
89370615251
79869861329
89535952663
79170693326
79226140513
89270149935
89397153308
380635642301
77783275280
89534058605
89277396597
89779667768
89226534066
89872368563
79050332529
89159198495
89876517376
79170148164
89835827935
79146857858
89530600145
89138783181
89639018907
89069782727
89270174115
89374218688
89869512378
79991587858
89145591367
79146787653
79879500135
77753365249
89234681806
89270086530
89991390642
79004737033
70669919689
89044624312
79277270040
79959661916
89681867089
79182990844
375299780217
79177885328
89397057232
89608082709
79273752339
89276576004
89227976632
89103462545
88469423018
79192242511
771503265988
89061314003
89458403602
89622562056
89272020122
89376615038
89688744446
884956230124
89033097848
89649812488
79385507989
89277215696
89370688828
89276019094
79605385465
89089507926
79203717465
89284764026
889018736595
89288738333
79677354184
89069868389
89025145002
79159783453
79215464401
89124071726
89270159531
89379931323
79094562177
79011159592
79780771488
380939230473
89247129796
89819427765
89879031568
89277605990
77489865652
89376500233
89297044383
89523348883
89181303574
89171040436
79511618011
89879228147
89159908360
89245690041
79235997678
79409651516
89636820227
89265543322
79787139266
87473437266
89277225063
89379924615
79602352302
79227308900
89276877382
79885875372
89639136313
89272107012
89086399099
79170141515
89236578809
89828042674
89655426666
89608715392
18135985233
89156750387
89376496707
79967450660
89278984524
79164203131
89911150037
375256136079
79171222618
89374279747
89204412996
89219058586
89379833990
884079026399
375298930426
89674870763
89000220533
79235901473
89648844699
89277960456
18099739464
79089817313
89276070029
89012085796
89510609692
89167726486
89376579314
89091937671
89376547304
89277542254
89539265435
37361109432
88469729211
89026322594
375297080950
79244679472
89874362460
89276057705
89879498582
88462312071
89221713263
89243418787
79042531990
79179647346
89277668718
89237903727
79179799992
89532345593
89279064847
89171459959
89276898022
89006051199
89296418109
895256678990
89525242903
89667641777
79659754801
89610765964
79116003923
89614794667
87767777864
66950307714
89841654309
89277548801
89872427267
79379928764
79168167266
380990143397
89370704292
89276508216
89059143861
79648256253
89241782722
79189455890
79253258680
79781113201
89371714640
380935622259
79095691680
89879800715
380972680750
89601938199
89279029200
89155169772
79138964889
89276073310
89228320002
89155141795
89536129474
89170138885
89272950945
89884681734
89277678990
89658878754
79639131618
79990598995
375292320423
89270007557
89169505557
89277882861
89607425860
79233136012
89277104006
77488956054
89803769809
89874485677
89277065283
79788990736
79898043512
89046669139
89371832009
89300708802
89137100750
79219670808
89270025611
79666666767
89267856639
88795012632
79996016443
89379830015
89372002214
79608315494
89582261366
89524219158
89027637923
89333330070
89222565551
79276568406
89081645642
19992497163
89228182504
79379949896
89673993773
89021883910
89297070340
89297018387
89137540486
89272653649
89127692500
77783610956
89312662550
79782783850
89277210047
89026849279
79657430133
89277377589
89879043883
380982357746
89379819614
89019639886
79650939358
89871587019
89188631886
89127684921
77769625987
89631926298
89018022801
89277042518
89531823664
79270043344
89009973798
79242108222
375297504122
89277410658
89379911092
89213678844
79787874841
89537885314
79372098541
89372854726
89649905755
89654854149
79884877753
78976445778
79535910926
380961676918
89276928583
89277115757
89509171801
89263850094
88965320147
79032027959
77895603154
89171147871
89626749142
79654967975
89370635300
89270060566
79213219072
89171653546
89376430316
79677601112
79998246396
89871571004
79520976001
79277509265
89174555847
89170137474
89277203231
89506044747
89880076328
87014102855
89276084151
89649897505
87079561093
89261311388
79871604686
380996020985
380992275002
79162020750
79608482558
89370732385
80256476352
89020141934
89922103135
89133456789
89521497032
79625758784
89884012615
89677634468
89874377625
89277190279
89270240206
89515038161
89115015788
89181427537
79963423713
375336454205
79611061247
89045440596
89277389178
89002918639
89128553002
88095053341
89656881112
89961723847
89372883541
79272015439
77895062154
79371717846
89206966846
89633278546
89313601959
79771794003
89370647453
79272685542
89536784292
79277755825
09568356125
79519155720
89065554559
89620009570
89376441192
89222641634
89277289399
79995894200
89178120259
79277014419
79001875701
89297038819
89375513721
89826632869
89064340044
79608197802
79144658917
79279031313
89106188657
89515895019
79634551819
89277133918
89270018016
79001346333
89157119366
375890461523
79117469525
89377991666
89879599972
89022895028
89277597313
89124432908
89375838878
79879035659
380937805707
89880165113
89631881034
89277048444
79053271662
89536972176
88970154625
89276929833
89523062214
89207563595
89224626915
89000633621
380685832060
78129208106
79277017171
79324084927
79787496725
380686974160
89371005703
89130760741
380681460412
89272164141
79272071791
79913783463
79315164982
88051095561
89090756658
889657451230
889065891054
375298849520
89272896156
89170250508
89277000676
89869508955
380500855211
375298354501
89277595194
89625285837
89138476693
380637314048
89504984271
89372019571
393280527880
89896292699
89198069950
89376587151
89376539505
79780382527
89277104409
89272055523
89170255358
380668898563
380672125540
89277454057
89213099401
79510231919
375890167352
89171647490
79501120015
89171096877
380979280907
89871690434
89991714339
89270285360
89121704399
380501448617
380971036537
79527642746
887019462983
89277427844
89171230784
79063381449
89276959527
380630642760
89277100096
89022933351
89270115394
380660035893
89636661488
79871297678
89833062553
79277560127
79270124926
79276970009
89208723388
89372043771
79898867550
89878750313
89883532963
89277559039
89370619596
89507919582
89272441153
380952578629
89277627091
89179396510
89852879108
89882331998
77083359567
89033662916
79613802869
89377914003
79397162618
89147113826
380961965306
79024380949
89236819339
89032436751
89373454081
89635585777
89223222332
89290004344
89370624084
89048732541
89815575538
380987053164
89270092749
89630202005
79787369732
89277371615
375297065629
89107308599
79773812129
889701546325
375259065109
380960356830
89228150036
375333655858
89633848583
375298868927
79130686893
79272649714
79277307758
89274577407
79083881036
89879827671
89260454498
89923000026
79523648498
889704652321
79080377564
79339323013
89535945601
89379941396
89608221559
89270141353
79867629636
89173322609
89379811737
89997013160
201151144164
89041090034
89272960907
89270105430
380981198223
89041342098
89855132052
79370775838
89233199382
79689891320
89171030895
89097829888
89051098289
380502773340
79879264384
89270163886
380983630247
375298122819
79920000701
65400264784
375257617412
89879070927
89105151391
89502518117
89093430695
89613840335
79273008863
89500892910
89270031598
79108490817
79995816330
79138708206
89003884059
89171188366
89171527070
778902651542
79674810524
89370744942
89270159009
89277232959
380955119902
89272624417
89281631786
79083051606
79871042546
79605634429
79126395382
89963411447
89892762678
89279747156
89611291067
89516068144
89171265695
89879084486
89041761031
375293882866
89874947409
89370743111
89608092777
89090738432
89276592804
79780753749
89209367184
79270080258
89179597772
89043056814
89179777082
89022924626
79788335576
89084100448
789559528298
89833606426
80503343375
89649201551
89370625590
79242344746
79504176413
89021947678
89538168918
79022354356
89371868609
89270871699
89149866953
89608313224
79108170243
79233006069
79022862082
89674530752
89089288413
87014540454
889026515422
89172163016
79956276220
79227966175
89964004402
89886339054
89313082757
89634402438
89613877902
89103656983
89874769672
79858590257
89028416656
38095648545
79194114792
14242930188
79613829440
89284313858
79263408123
89276500841
89171151752
89162056638
79372177268
79673118731
89876353403
89515050448
380685634461
89372196544
89671451533
79171030609
89270089910
89128206970
89523690151
79993215599
89825998697
89183453989
89879402924
89635764478
89397557895
79789370052
89084912071
380637755467
89272854824
89102809520
77774368346
89279087071
79397143747
89170150909
375291992250
89508300257
89063445508
89277100187
79063435690
375291506640
79970575454
375257925009
89208828208
89922091253
09871228953
89155270704
89508822046
89994024745
89277453496
79178174200
89397043522
89874346107
89535628056
89963311238
89279005157
89272081374
79200264734
89514863053
89529673133
89224830998
774956623515
89029921127
89503079159
89608150304
79397168893
79020083663
89602867466
89370764327
201229267200
79119418018
89610759199
79871986087
89136975284
89179705048
89096174580
89171261104
89080608286
79276888204
89647136999
89660387041
89171564649
89086670985
375255207491
89627718107
79023691587
87781073797
89047484847
87771155368
77019938200
79128765435
38050954822
89506572642
79103312824
89266464164
89082300639
89186795994
89091370261
89171556877
79171108219
89511196752
89277580046
89277651995
87783228661
79683282873
79377931401
89085798763
84961997819
89372052995
89854896769
80976777305
89530680623
380630646702
89372012972
89538659609
89036134091
89272661895
375256112637
89397038989
87022301100
79954036811
89378356625
89270151415
79185860940
79688123838
89179584055
79514251970
89114248584
89967047141
89964309322
89822359925
89457600160
79297014970
375295618294
89109794299
89377970427
89038971751
79827403208
89277276919
89123772973
79536169694
89377992208
89270209211
380662164018
89061808914
89370732173
894576091202
380664810220
77018298175
89890895790
89372228459
89096168825
89279044660
79614430446
79096757609
89898656774
89244806577
79614890999
89867281315
89528719481
89272614844
79108760622
79376592412
89236511196
89278918351
79879517884
89270183026
79376600090
89221399442
89625909043
80293022292
89874422280
89871697177
79780574733
380677940989
89191456860
79328446811
79270173080
89219743832
89535421798
89528779142
87059653969
79264785987
89515520606
79611308762
89879456086
89202538034
555677888989
98894321646