79233111616
79232713929
79232840093
79233596449
79082119548
79138372870
79029820683
79832862723
79535880112
79233519625
79620754270
79029907997
79233540581
79607648653
79504018700
79135989696
79631816562
79135590161
79131760392
79131760179
79230160266
79230160054
79230160526
79230160442
79131989962
79029580131
79029580085
79131989699
79131989618
79135129660
79135121643
79029428353
79232731226
79535888403
79232944186
79131840065
79131839985
79504252622
79082122100
79131840761
79131840707
79130358822
79048959999
79233554152
79131841938
79131841791
79676061101
79131842423
79131842230
79131842928
79131843385
79131843751
79131844510
79048930166
79232744979
79039222220
79029417816
79233153777
79131862271
79131862211
79131981992
79131981808
79131981463
79131981201
79131982314
79235740727
79509930108
79131983348
79131850492
79131850459
79131850329
79131985219
79029185709
79831464222
79639570677
79082211110
79029132642
79233005095
79082116687
79232734737
79232806161
79232860758
79232872029
79233511303
79233667176
79233759199
79631888744
79233071151
79232712233
79135233957
79509819906
79233217711
79029426080
79082000537
79235764828
79509829029
79080119889
79233095665
79029408552
79029182917
79029454647
79080137926
79080231282
79080257369
79130320434
79131702675
79131806655
79131970427
79135884522
79232766526
79232841147
79232875848
79232918364
79232919627
79232949612
79233170199
79233221287
79233251200
79233333226
79233608691
79234501713
79235748824
79235799741
79237574377
79293086078
79332000979
79333226969
79333364001
79504122201
79504298966
79509797916
79538538889
79632556105
79659177774
79831573930
79831583228
79831597265
79832814889
79833628635
79836105290
79029271106
79233546036
79135657792
79233330544
79339997115
79535888088
79029123215
79050872800
79233747450
79232919363
79233778904
79509828803
79029245943
79233094949
79538542734
79831550687
79080243219
79233398311
79233702858
79138388267
79131836652
79233056556
79339999600
79659000807
79232811151
79029278807
79029216902
79029923737
79832842854
79607682226
79233334147
79831641233
79082039784
79831455210
79233268880
79620726666
79535834641
79607547250
79232943828
79832963053
79029460871
79620675775
79293390029
79233719601
79233707130
79535915258
79233544888
79232758892
79233411703
79082162531
79659134338
79082099605
79333240174
79836135660
79131827804
79832697091
79029828705
79237720646
79233551148
79130466066
79676122518
79135347160
79833610202
79831667114
79029266266
79069102966
79080190940
79082090991
79082090724
79080199842
79504145333
79080166689
79835999030
79029102955
79082015508
79632628987
79039230505
79131785793
79233687686
79831688022
79135647471
79130347843
79831611610
79135383943
79131973183
79832699044
79232871712
79607729500
79130312475
79232938354
79233070803
79504073240
79233057877
79333269230
79631912472
79232763332
79138388208
79069127313
79233621542
79029101584
79029274011
79029606860
79048934061
79135210118
79029287006
79233777019
79131785000
79135197777
79029464666
79082156789
79131875053
79233306296
79676057150
79059761227
79831690918
79233353505
79048987401
79135384207
79232889999
79535886912
79233709228
79039889511
79233727579
79631827813
79039203999
79048905606
79293358557
79607618651
79029232108
79029232646
79232724789
79233335166
79293131444
79504048027
79504106033
79029579622
79082127299
79232781783
79135915922
79131810970
79059754589
79095234004
79233366663
79504201816
79232727163
79293325600
79232879111
79831525914
79836138678
79135761333
79135119909
79233539077
79048906533
79293130066
79135346666
79135322829
79235574477
79233074047
79233752684
79233004945
79135856597
79232999365
79233496546
79082122632
79029420545
79339953357
79059750202
79832085487
79233454614
79232827706
79607740569
79233679166
79029292457
79232823096
79235755500
79080103067
79135168197
79620846878
79131961862
79233261906
79535888918
79607610011
79135571517
79504277301
79237704566
79233352407
79835088682
79333011005
79293377303
79232721226
79333336624
79029149006
79135120428
79131777377
79130435296
79233716433
79233303225
79135973189
79830550084
79509777363
79233099699
79631839879
79233344404
79535965344
79232805124
79835736811
79830777048
79832056511
79135336302
79607581646
79831536222
79233220810
79333013883
79607564774
79233773135
79080188808
79082033786
79069118123
79069166838
79233456777
79131934949
79233777012
79535988972
79607710058
79130363993
79130335670
79131804971
79607716121
79230174733
79082042320
79233762772
79059750400
79620849730
79069139330
79069157515
79504098530
79632642272
79233649708
79082051533
79233659321
79831605979
79509779478
79233110024
79135844656
79833638015
79509877695
79232780201
79135879452
79135554516
79509958124
79233380806
79233534214
79676170002
79029478539
79233126001
79135194073
79233014029
79504393333
79607644668
79135079226
79639588372
79131787394
79233724350
79135200502
79029271560
79135767913
79232876459
79831571743
79135930730
79233049677
79535965550
79504269419
79131749808
79135190260
79676037030
79130369985
79509732280
79135575197
79232978962
79135894155
79835007808
79831550270
79293388268
79069718222
79504259035
79659009700
79835040152
79135351245
79607717201
79029256394
79029216410
79535940280
79835004100
79538539530
79059761023
79135125923
79232929245
79029231110
79029245000
79029279438
79082003637
79082229000
79232750396
79232941196
79233098571
79233103257
79233246060
79233519556
79293070177
79293208626
79293347059
79504066046
79293066842
79538499998
79293561997
79235755225
79130413575
79232752662
79232898768
79233249569
79607633823
79082123192
79029403313
79237727280
79504240019
79135509832
79135957795
79029177778
79232949734
79082068822
79233550677
79131740007
79059703570
79232761346
79082058540
79832928865
79632686868
79080109000
79029422612
79535810609
79620674588
79131954883
79233739310
79535987826
79233750232
79333223700
79293333263
79029509296
79135163230
79233024155
79293371560
79029611689
79080106691
79233503597
79131835826
79233035202
79131811020
79233258875
79233302913
79232841732
79135665404
79233661242
79233572759
79233316201
79233077070
79232700200
79232882487
79831545749
79333202015
79138388336
79233607778
79029238693
79080127391
79620718801
79232976107
79059963654
79080261623
79509794071
79138368707
79232898063
79082181249
79135929191
79131821665
79835057415
79029145000
79233280324
79082022001
79235752426
79233024363
79832926060
79130304260
79236688837
79233202496
79029823822
79659034451
79131833586
79233555838
79836168318
79232913707
79233023888
79535999996
79293210140
79233207859
79233144254
79832858298
79131794499
79029802809
79293131929
79232963256
79233332027
79029500706
79232931711
79293378768
79832909671
79832092457
79676000500
79080121236
79232802876
79039871177
79130434872
79130473036
79836117315
79235745671
79233725113
79832888686
79233316070
79059746660
79232936287
79135767488
79082132940
79059700770
79832032926
79235572200
79138315232
79135927487
79535960565
79607673606
79233276363
79233451226
79293082453
79832025516
79029115655
79504256874
79237820746
79082075242
79232999905
79233699003
79232877370
79831608133
79059718262
79233312826
79232996775
79509826133
79232748888
79232830991
79233124110
79080210247
79135212585
79293378779
79233620214
79233782885
79535817067
79082105311
79135634164
79135507400
79232998091
79135519514
79029416800
79135395293
79059709845
79233362615
79233676097
79082096772
79659101699
79080257779
79504033176
79620669320
79233381356
79237834235
79233733330
79233461195
79232765999
79332000033
79059752980
79237585848
79504037060
79048919676
79620821431
79831657118
79069731453
79509905282
79080248333
79832801076
79509972800
79135509808
79535882365
79039215457
79509837091
79832034441
79233429646
79233605441
79232856125
79233058272
79082129703
79232853142
79832895081
79233006029
79232874017
79069110550
79504303399
79029624490
79059737070
79333363647
79138349299
79135097661
79082113344
79039874826
79535881876
79233023299
79233283779
79232792328
79235798047
79029806161
79233550705
79135193512
79235715004
79131706959
79535858675
79135756862
79131914646
79659123333
79135870332
79135674805
79233773712
79233285400
79080269616
79831456793
79029264826
79232882848
79135114114
79232775610
79233249100
79233245455
79233329106
79632613240
79658956718
79135579418
79232928922
79232728161
79509779537
79135768549
79135583078
79509854654
79631827470
79832892404
79831612221
79082243636
79131975474
79233010239
79659069666
79069135662
79535803262
79130497202
79233331871
79131896469
79233298668
79029122139
79233789474
79831494870
79131958177
79232972475
79135799095
79080123021
79235700057
79131777770
79135693251
79831472383
79233722909
79832819390
79135707273
79029696699
79131788666
79293333676
79504102298
79632566363
79835746477
79620701606
79233294289
79130496338
79232953116
79233143633
79131779790
79135673086
79135099990
79135927770
79504102220
79232952908
79039241769
79080250024
79233132319
79135822263
79232926259
79232980339
79831667109
79831677926
79082046052
79509718284
79832802849
79233304983
79659123537
79039187375
79135888397
79233518811
79059968249
79233649698
79130442191
79029402643
79135595290
79029253260
79082129972
79135697841
79233554523
79233448835
79504316372
79232855839
79631918383
79131778871
79029423494
79080262776
79833649425
79509943292
79135326011
79135703090
79135190273
79233486656
79233177333
79504106645
79333344388
79029278480
79039237465
79048981000
79082129492
79138388474
79232923614
79535850288
79048949579
79059748672
79130390778
79233087978
79233348555
79504154857
79029901900
79233636373
79631844555
79230181441
79029113063
79029141474
79029146686
79029163293
79029185971
79029187744
79029231067
79029240201
79029242866
79029244575
79029245585
79029266808
79029269700
79029271218
79029271373
79029275053
79029290002
79029401310
79029415343
79029423356
79029471116
79029562057
79029568787
79029598450
79029702084
79029703306
79029712742
79029723233
79029747873
79029755333
79029782200
79029819925
79029822905
79029826545
79029829410
79029903706
79029905730
79029907331
79029908083
79029914960
79039217799
79039218331
79039227555
79039230109
79039249603
79039590700
79039865283
79039866664
79048905955
79048907036
79048956889
79048959243
79048976669
79048981508
79048983512
79048989108
79050869998
79059750718
79059761320
79069100888
79069101669
79069102600
79069108336
79069113666
79069123520
79069140606
79069156198
79069172525
79069179731
79069728000
79069736604
79069737729
79069743593
79080151522
79080158371
79080171395
79080180279
79080256377
79080264031
79080266756
79082001559
79082006112
79082033728
79082042504
79082074848
79082080839
79082084213
79082120151
79082121117
79082122182
79082123156
79082123388
79082124176
79082163936
79082170007
79082191205
79082242111
79130302786
79130306810
79130321530
79130354333
79130354557
79130361042
79130367898
79130376181
79130382881
79130385686
79130396230
79130422124
79130446813
79130453150
79130455855
79130458759
79130461779
79130463221
79130484389
79130498207
79131700088
79131719137
79131722978
79131743405
79131760626
79131762223
79131762277
79131774147
79131802535
79131803607
79131811490
79131833152
79131841001
79131859666
79131867995
79131868666
79131888551
79131897176
79131949993
79131953321
79131955941
79131956178
79131963730
79131964555
79131985797
79135096702
79135107232
79135107610
79135108839
79135112267
79135116093
79135120588
79135122054
79135131333
79135131703
79135144467
79135148871
79135154414
79135176151
79135182523
79135185089
79135197749
79135209329
79135215302
79135220103
79135222070
79135229619
79135237388
79135244638
79135298053
79135320552
79135320810
79135324241
79135326570
79135341685
79135341753
79135342514
79135347909
79135350418
79135351506
79135362636
79135383804
79135502758
79135521304
79135521515
79135566035
79135573615
79135576860
79135578428
79135582015
79135593322
79135623380
79135623748
79135684077
79135693632
79135699978
79135704677
79135711280
79135720061
79135759875
79135772533
79135790990
79135794264
79135806287
79135813326
79135827239
79135831210
79135837466
79135846618
79135884337
79135888510
79135891908
79135892719
79135899023
79135900541
79135921666
79135964618
79135966884
79135972986
79135973435
79135974465
79135980001
79138300373
79138322972
79138330111
79138335842
79230168116
79230170299
79232705539
79232708310
79232709378
79232720016
79232732645
79232737316
79232740950
79232760480
79232762827
79232773453
79232783281
79232797474
79232800808
79232801598
79232810659
79232812232
79232813508
79232828991
79232833529
79232842015
79232846505
79232846763
79232847505
79232850010
79232859711
79232860775
79232866700
79232879410
79232880651
79232910442
79232912976
79232913051
79232914556
79232917932
79232920522
79232922148
79232929843
79232938184
79232943733
79232944040
79232949099
79232956770
79232964397
79232969449
79232992658
79233006611
79233017677
79233031013
79233038355
79233049798
79233050351
79233054349
79233065112
79233069138
79233073557
79233101994
79233131963
79233132370
79233135525
79233139111
79233139913
79233142523
79233144853
79233148655
79233153515
79233162753
79233166722
79233168214
79233169190
79233192739
79233192882
79233199562
79233207849
79233210747
79233213036
79233221587
79233255105
79233305566
79233311091
79233337700
79233350169
79233354284
79233358810
79233373515
79233380392
79233382177
79233385165
79233398666
79233409285
79233443879
79233447337
79233455747
79233457006
79233481272
79233485857
79233487202
79233502602
79233515097
79233515181
79233518628
79233525044
79233542080
79233544992
79233545061
79233549036
79233565106
79233569513
79233619502
79233620432
79233630096
79233636903
79233639253
79233648988
79233672071
79233693956
79233702447
79233709559
79233715242
79233715518
79233723063
79233736878
79233739728
79233747789
79233756865
79233761429
79233764307
79233768440
79233778156
79233790099
79233794499
79234513134
79234517200
79234536943
79234544048
79234545758
79234548330
79234548657
79235701457
79235711594
79235721535
79235762313
79235797389
79237577663
79237598461
79237704389
79237707627
79237719750
79237820822
79237825516
79237840311
79293066620
79293077177
79293080594
79293081888
79293089380
79293090986
79293130110
79293206199
79293207228
79293314182
79293317823
79293329577
79293330861
79293333088
79293337777
79293338252
79293338838
79293344788
79293383336
79293387186
79293398111
79293399909
79293559010
79293568638
79293573233
79293577587
79332000042
79332000701
79332001041
79332003784
79332003785
79333201600
79333228045
79333230370
79333248649
79333269885
79333307553
79333314033
79333315138
79333329161
79333333663
79333334353
79333335134
79333342779
79333345288
79333379874
79333393888
79504001094
79504002268
79504005657
79504008794
79504019400
79504031348
79504032708
79504041002
79504066197
79504077259
79504086448
79504088437
79504109769
79504113833
79504133937
79504146238
79504195661
79504197170
79504211776
79504229269
79504264444
79504306003
79504344823
79504345052
79504349893
79504353195
79504392002
79509735322
79509778189
79509802491
79509804432
79509805895
79509878585
79509889308
79509911092
79509932340
79509979987
79509999660
79535807640
79535860105
79535935654
79535952528
79535972587
79607540659
79607545456
79607553696
79607557871
79607614777
79607632088
79607639821
79607641214
79607642424
79607644123
79607650002
79607667240
79607707995
79607709333
79607709944
79607714410
79620660899
79620683814
79620703773
79620705575
79620706111
79620711082
79620762758
79620768551
79620775678
79620776060
79620777788
79620813668
79620844442
79631843487
79631854444
79631869681
79631869719
79631908632
79632569991
79632575754
79632576627
79632587815
79632606010
79639550211
79658910814
79658964740
79658967219
79658991828
79659000044
79659051369
79659062612
79659066665
79659147550
79659196066
79676001616
79676028805
79676118000
79831425724
79831470687
79831508730
79831509893
79831526611
79831573058
79831596296
79831655734
79831668838
79832012175
79832041782
79832053980
79832068860
79832071997
79832092746
79832662525
79832681378
79832811660
79832815805
79832823040
79832833676
79832863337
79832893731
79832906797
79832908352
79832919414
79832944658
79832965428
79832966279
79832973663
79832998855
79833600550
79835020278
79835051425
79835057561
79835064834
79835071820
79835080188
79835083172
79835085585
79835725851
79835731335
79835738405
79835746806
79835755949
79835766746
79836135611
79029420404
79232773548
79233125888
79233395594
79059765724
79233655500
79509743577
79535888937
79029636097
79082078996
79135600770
79135579332
79659055002
79135125040
79535883580
79039875050
79233064171
79509951207
79832822998
79135396002
79233543922
79504167367
79029907201
79135532322
79233534888
79233541906
79659115357
79535888398
79080119006
79029241636
79048909832
79082119151
79131812791
79135349495
79232797797
79232901252
79233140400
79620827414
79832690063
79029690674