79113116525
79015313721
79246042299
79137347833
79635277362
79145406882
79149669100
79134063445
79247051769
79504970069
79892802231
79539943170
79511074851
79889994026
79110748008
79320551117
79538073081
79084636498
79371009910
79000545672
79157878398
79110505189
79854887452
79959894721
79528608024
79295769321
79250319653
79294768413
79000481474
79017519923
79506345365
79131766690
79041690244
79501326259
79994762985
79144929372
79234843967
79025841891
79511617431
79524838239
79613163362
79510889286
79648657034
79002600296
79298263321
79051903654
79182559099
79961811370
79186636161
79045471172
79640159999
79608898536
79082127555
79298969612
79999716704
79527366791
79139287512
79089061667
79130534800
79222223027
79648855303
79529413344
79378115800
79119310198
79170665666
79520932465
79014314276
79788663726
79186393386
79180584328
79183697094
79220532141
79208578845
79528652138
79173160006
79040162549
79652640707
79099532229
79608309931
79016665724
79041144635
79247115320
79104299668
79235651434
79090105523
79642201477
79152216186
79144602116
79245693103
79089046717
79120382863
79270169999
79231923169
79302744154
79089398316
79874937199
79182488875
79536431129
79095617007
79277359431
79134818306
79518458541
79500878337
79854924712
79144857139
79042367036
79235605977
79833098611
79323226566
79811066832
79998741957
79923023553
79324811866
79504805690
79827758060
79165943256
79199440705
79041731559
79222982717
79162108668
79535533104
79920136951
79221004627
79022672133
79826331558
79041636335
79122742681
79826582915
79612158819
79189196425
79090091482
79967617621
79821585160
79994514309
79826889207
79022566362
79530050961
79535079910
79126815014
79920196587
79825172513
79501046173
79539434080
79097029218
79780274633
79135773500
79116651179
79788309770
79676372038
79222026618
79180021255
79774494881
79227767524
79964027682
79514552475
79189831655
79940107332
79832989504
79632144308
79166592138
79895075357
79089184632
79505124544
79532663386
79507286217
79247671947
79504713372
79610481000
79058815066
79606123444
79538555060
79183510522
79006725064
79114786081
79004590471
79055945564
79521101330
79874303504
79123255426
79081545287
79058441658
79650025222
79621999173
79224471629
79221732602
79994620042
79132463385
79087792493
79539838015
79930344100
79027716391
79633908441
79533872694
79288478999
79609400577
79259373149
79530032969
79510683309
79033965273
79531290264
79114860393
79869739607
79021034934
79254470507
79515573597
79809193728
79919780877
79051538809
79086349934
79163924185
79513316098
79005814893
79057578221
79159959389
79622053198
79521396669
79201145271
79957079650
79268502310
79045933441
79505401195
79506374231
79826520266
79024439565
79506546061
79193908284
79088700221
79145129306
79040632829
79193696805
79780125513
79025621798
79511733853
79833561085
79333257505
79246020417
79621091200
79681350938
79513180616
79220081985
79145729344
79313638504
79502918270
79920144262
79635248024
79132284487
79143990137
79328500419
79129384857
79833922878
79011192741
79787115799
79526821700
79679265357
79655023905
79105704777
79506523404
79048371594
79612055594
79829183429
79009332962
79525408249
79090669949
79132338774
79237120645
79506440792
79226542898
79132737680
79185835076
79062061913
79043022265
79612303958
79069800446
79129515084
79511835545
79029739451
79121583462
79609490652
79672586188
79821749195
79673514377
79608781110
79638062265
79923512058
79620711617
79852088703
79504923306
79829833179
79621557071
79270788700
79858495595
79186763225
79088605407
79881315177
79827017817
79521319044
79535273613
79025126773
79883480215
79887600012
79874190844
79164865754
79377010449
79181345575
79131600003
79274760352
79235787408
79134517610
79056772646
79510852756
79187487293
79246625202
79520051215
79080446331
79582267080
79500699194
79180559513
79139216026
79089270593
79646545683
79272507313
79043257498
79872685614
79149288589
79095411421
79029834913
79168887444
79650827731
79180950694
79187636139
79040862606
79290036271
79654988898
79186424992
79131773921
79507147222
79253757715
79969351677
79504978924
79029119039
79991096301
79853349272
79911725153
79276643799
79376919157
79189314993
79132789519
79787785922
79032923609
79228367645
79659171953
79614525200
79654082149
79501998170
79614558959
79649451181
79051423600
79787502484
79183911610
79881084909
79124252517
79029528001
79184030928
79214893963
79009493411
79227107040
79518064503
79526463806
79963473604
79082586426
79185104382
79616881808
79199419555
79537070857
79060335674
79613437415
79920460121
79261613726
79801854478
79806872547
79004430519
79780582885
79242812551
79517007063
79842610504
79619915620
79024866221
79144105397
79501040659
79969518969
79609535668
79136985222
79247413533
79236458470
79273133185
79100977321
79528750714
79000574110
79635196364
79025499081
79375829590
79609419186
79081278818
79636830080
79245835607
79293069882
79898200147
79821026741
79529044705
79874213782
79022112149
79517806473
79130369642
79181777057
79930198315
79020949292
79183613884
79533893818
79532580549
79173432754
79091900174
79891779863
79770650474
79159484423
79182162584
79034561086
79270332017
79994669759
79676600338
79189188178
79253709163
79188788666
79624078540
79297845935
79276275011
79192860291
79384456542
79876686213
79531047984
79022850630
79087566795
79105154408
79280432200
79961440668
79511265893
79114062188
79941345939
79180251607
79214525430
79512037520
79504830964
79135058617
79080605191
79996847981
79002483689
79155279974
79375082182
79616715833
79504275109
79171219475
79069099378
79030232667
79198721976
79991150751
79049307789
79089360111
79155141700
79991840196
79674675960
79523132300
79813031532
79086645836
79822231803
79141652753
79089189647
79501914829
79537410322
79606383910
79016242685
79271232026
79286520363
79050972927
79090974249
79830003592
79048000987
79814051860
79131942455
79069323965
79134829922
79397753735
79328502797
79283661251
79039198546
79039493092
79235013964
79788320743
79199957318
79659007204
79100912499
79141431952
79138934026
79914251026
79148067328
79613726899
79509902952
79009825318
79525430209
79014584381
79155601861
79536273082
79378561052
79004590830
79605816099
79538454426
79023891757
79517620519
79506192317
79613179633
79529858126
79288407415
79228934000
79509947432
79140640061
79374656642
79800468796
79097666906
79887567868
79081864314
79264336835
79034470155
79618587766
79814531740
79206277163
79915011884
79232030599
79080429454
79106354540
79139496221
79029440378
79785809652
79152758614
79027278872
79098655478
79511809170
79056056656
79192631650
79999881560
79513290636
79772813801
79998077306
79517652675
79835276125
79272681146
79535724509
79869187114
79046322798
79384008999
79164833176
79204527037
79184785083
79133758795
79511580779
79503217298
79501246428
79023563061
79146789100
79080309835
79051471576
79028220744
79109935610
79230187226
79025002799
79969149015
79167200928
79137446831
79039382561
79771347647
79110658566
79537762023
79002520808
79257712976
79193117016
79324786263
79384557759
79530064598
79017299272
79180351300
79047583783
79518007086
79377504484
79998005137
79199386476
79139388411
79175334704
79233377423
79054937559
79235395011
79529706183
79284080525
79156765758
79992860901
79065663242
79155771805
79137383978
79135023383
79509924023
79529149244
79103046667
79149742001
79263006679
79923361038
79001263168
79122023615
79954080986
79183723911
79118070965
79333231172
79998667317
79100406889
79118006510
79010807305
79229339393
79068357870
79098089368
79994418371
79508440376
79211733159
79283908539
79535833079
79048908212
79911880484
79506561100
79393725647
79504032220
79270233660
79004313661
79054641601
79991561239
79242137802
79922230628
79129231377
79152498787
79204949205
79184658227
79005806919
79501779909
79184370941
79041420322
79539458721
79287502922
79509518254
79892825319
79535715056
79184675620
79100927172
79292717434
79173458320
79600287333
79831506971
79275266480
79328430252
79224058511
79823192123
79050569756
79125971420
79633844743
79378390310
79003872304
79899735417
79121715998
79141232966
79194761227
79788479259
79088242229
79659091466
79129904145
79089429223
79272542656
79088780852
79776512718
79044165890
79250870555
79620144056
79085760924
79133734134
79033637580
79022553548
79122757373
79969401946
79503834749
79807546088
79676559871
79023839228
79834263084
79084740437
79155986009
79826229941
79777568842
79213970868
79501922621
79823134200
79054153944
79064212417
79527332180
79685662710
79814613882
79624448540
79632923765
79043946300
79126733039
79127155450
79220700603
79854427350
79617831887
79131016980
79850603443
79050452704
79202048650
79045398798
79524909074
79263134540
79158567377
79093903292
79064707897
79030393414
79776121850
79647052791
79041651281
79522939491
79254095857
79302379456
79609101135
79067283380
79123998729
79186940102
79186291400
79192617798
79045910621
79243640064
79515806157
79063542078
79535903048
79284612744
79142587096
79526591417
79588161417
79993043911
79140160363
79539284271
79009210721
79114135571
79135714860
79002038171
79089537837
79131638258
79191145097
79501095419
79514647624
79157705017
79654434924
79015220514
79524395455
79515107845
79606729422
79192401097
79604874515
79082937374
79614227443
79037248110
79517251998
79062163770
79180647985
79197105608
79085863560
79134459555
79283636574
79961748599
79183445524
79029478167
79282304751
79205712519
79620210200
79233580108
79600239770
79831621416
79146859484
79504301017
79832830226
79529340490
79066017322
79144568801
79181292585
79620238787
79222867612
79293371932
79333279169
79082100601
79628308465
79002037039
79283068672
79632482833
79181423191
79090042054
79529414044
79178370727
79233142920
79236957770
79040964680
79954177946
79608889003
79045342954
79788337206
79146781084
79283721025
79616836646
79511505561
79048144426
79227788886
79521236205
79180181354
79309680970
79663643885
79040886202
79086742701
79324811319
79620214250
79081853254
79187738205
79192159945
79147589091
79044059648
79127612021
79068884330
79586714110
79628582223
79236501296
79181421334
79135353895
79371890217
79521948200
79535650889
79880445298
79260364215
79522900177
79529858492
79992174093
79100989041
79108564213
79046519184
79193888700
79888652154
79632852380
79618527415
79283075131
79000127000
79610704749
79620098074
79506028434
79049740298
79086402200
79114017150
79965434819
79832050532
79923442515
79519850157
79192002543
79536250963
79521957814
79825088266
79620019455
79040883122
79048014782
79376902545
79004641216
79135228624
79022338993
79615269385
79003052880
79107462514
79535430301
79535451427
79036047205
79803852583
79000442656
79113884040
79202010061
79965104707
79620706439
79164688351
79788051454
79807504209
79126559110
79257625532
79069162584
79527776689
79944364810
79505607226
79582329247
79202061317
79005877038
79953409924
79059335810
79026824803
79536049978
79040412679
79056645918
79961856561
79648318581
79514694715
79026853168
79527755448
79107991194
79169065551
79051907952
79639476011
79231756535
79279881423
79284440091
79833068999
79139854554
79607909686
79873405481
79139162007
79039981853
79059567893
79139594000
79994699038
79878154158
79270028047
79879728222
79171699134
79277873025
79171053487
79093235491
79879748845
79872901825
79617920977
79220637333
79512545082
79058355503
79090804747
79000913959
79823233761
79614442322
79525107449
79085706471
79995823009
79645274976
79193890624
79082527791
79080658302
79103090639
79166926663
79085734839
79658212283
79089508206
79283704419
79525185746
79517867504
79954081440
79618565537
79096000455
79384290420
79384171885
79038181834
79867879799
79234962479
79049394927
79087816820
79218140408
79916842714
79775760790
79044656573
79061380515
79502493903
79226007576
79674146747
79045009995
79966944932
79519830399
79521078260
79054864331
79170976034
79043929195
79222594226
79531080652
79186747050
79301516636
79611690274
79835774730
79636246695
79538124745
79043592912
79994487113
79148924346
79882524919
79680909784
79228022376
79510009987
79312732368
79529340443
79087083558
79631991274
79064314784
79122489824
79537872309
79029226710
79184110466
79221531567
79636157215
79339950209
79043886799
79088250321
79525036083
79529468562
79135232833
79133951475
79525174178
79232732962
79226531655
79134796784
79772790140
79532542045
79517658072
79533834031
79289820459
79090950480
79514893314
79184126548
79265258099
79002392055
79841695425
79512748429
79994431066
79885003440
79631033223
79667662445
79042530815
79241671723
79164200104
79082549061
79243530254
79605306811
79510579048
79137895487
79601652525
79030430230
79200400507
79087392786
79200194959
79873935035
79524609137
79101314340
79049080985
79506101421
79697636636
79302924137
79059551335
79134856327
79513940026
79538611080
79537873266
79139401387
79830514741
79099711578
79050947672
79529008822
79133812866
79132053183
79232228131
79137597750
79001977587
79969256536
79886695999
79000716403
79122236779
79137023584
79122212916
79093765759
79040814921
79525246803
79049336801
79097543822
79186716660
79210208420
79775804858
79119785059
79053356209
79885399199
79066066126
79521146206
79093848565
79137286750
79080493060
79005817730
79826029909
79920070440
79507398031
79996126158
79538082800
79044023175
79284435502
79507138517
79045331901
79823038905
79537850749
79776990237
79642390006
79064669880
79082178218
79604966782
79614889639
79085069249
79137220588
79183134253
79515187957
79055339236
79850294409
79879606558
79871637552
79371822233
79613847444
79879700220
79871503207
79277001614
79967381577
79276923073
79517774795
79193228353
79090846996
79518137797
79512590943
79085741335
79514663375
79227220088
79128951016
79000730809
79205524606
79009136164
79094604769
79009793090
79045202366
79507487916
79122169485
79026277099
79538362460
79255991706
79044174933
79777036297
79376927997
79030315886
79522989386
79920069815
79817129838
79922234127
79619831096
79040859067
79111049438
79286200606
79811044947
79534682834
79847779998
79518769558
79024866187
79011801031
79135047133
79114222676
79521670122
79001611823
79245673233
79209114991
79004960451
79788017199
79506412029
79609425613
79042602800
79660828656
79159824970
79969156775
79894647437
79333209251
79643628163
79511829992
79044098552
79137271109
79508595573
79120111117
79132312675
79522337087
79200009508
79307177797
79506268282
79138917528
79538060526
79137811996
79930059852
79538027379
79231234543
79137281526
79513800508
79231839541
79658286611
79612158911
79139077640
79137957806
79630840102
79514406109
79823399594
79511272843
79026135279
79227135920
79090811997
79507417801
79085779760
79227121888
79507492523
79043057166
79193537675
79227552840
79088266800
79240067107
79822957962
79539245335
79588361104
79057028143
79803189817
79785787040
79507088673
79129692267
79179820055
79000239798
79377363419
79814565009
79136946233
79374606661
79098323077
79787560071
79997715069
79881484432
79517256029
79642370120
79523871435
79500561252
79521343523
79600365952
79811257962
79193779204
79276232470
79833059299
79527917931
79041137292
79231550058
79243427250
79674439443
79151722499
79197593591
79044941282
79080076836
79525804971
79187121071
79000220882
79124415086
79200853362
79273550504
79616420636
79378266015
79228638479
79502512043
79017203227
79039048683
79523319591
79207684838
79295617846
79501332870
79529420772
79950670166
79393802128
79133930189
79231374415
79127570306
79280409944
79506107320
79162503943
79529645426
79058691996
79528659904
79120137436
79996322770
79951865671
79051306311
79053099245
79994970818
79026081146
79874406812
79082404787
79581720955
79179085088
79220556063
79004042555
79997716598
79535574127
79086624607
79602567268
79114645012
79517780934
79241111187
79109913388
79056979857
79064420823
79022259665
79137320155
79206673096
79140502115
79043017875
79529698590
79309683586
79777876021
79004022850
79514168157
79785875691
79881037457
79000439399
79376984722
79059489662
79045992390
79235206333
79506091213
79503330454
79224082933
79615376752
79273132591
79538236775
79026591136
79171800944
79191783236
79632029090
79083402096
79107862504
79214944900
79270601687
79814564582
79049883108
79041774497
79280338086
79147074434
79086631362
79139424001
79148284185
79142969138
79833233151
79125173096
79140936128
79174639582
79663099432
79279066167
79531239112
79047724509
79513061344
79069469564
79314092209
79034543191
79829196362
79143639708
79209565879
79212208775
79093559237
79914405284
79630461341
79853898386
79823407027
79188617113
79899985007
79062327625
79826974420
79220211125
79138201038
79604063405
79180915413
79536663894
79034174208
79514731103
79100581098
79200244201
79200221315
79038463626
79030416857
79200727590
79200493902
79092861073
79137820685
79137674006
79137157479
79137054809
79879238303
79270121560
79631198765
79277403210
79277458946
79270138632
79270124933
79279007790
79613911322
79677621257
79381733566
79870470516
79508740633
79528404369
79245875185
79818122014
79237020103
79231353333
79996396708
79618797989
79139877976
79130091869
79537942087
79537662646
79537775888
79994510828
79525158305
79048163722
79608855124
79600434719
79094311203
79603900712
79049895918
79263410881
79622316003
79605252435
79234016058
79135624957
79040469853
79602785026
79043071681
79028999201
79514627987
79086535993
79000857910
79080666960
79527279858
79823044251
79504327950
79515261274
79214777163
79131819761
79261993881
79001054571
79622223112
79536165965
79137624016
79604499999
79279440861
79000811064
79003871488
79505633048
79504804653
79997109909
79191721331
79014443389
79103238349
79646999994
79157971206
79530676757
79997107572
79803910365
79803726768
79614119091
79630554520
79307982384
79632756627
79634424603
79090124816
79122346617
79617742014
79913610570
79221297374
79090094885
79956753252
79782589491
79090284980
79611766533
79194267879
79068700020
79511187911
79281058177
79655404558
79088698332
79787730655
79371008812
79202016657
79805274165
79270900231
79049793203
79607291523
79209308353
79046546040
79043835796
79221894215
79024447704
79961723585
79506573016
79506434828
79667040757
79630639758
79347778181
79050595643
79187771950
79212850898
79016644735
79022503276
79525062149
79129747914
79112802787
79199175676
79817818442
79530083149
79132077305
79234871433
79040945989
79048756987
79965156058
79671883752
79122461091
79113802160
79061548814
79137695993
79539184262
79046859564
79053785656
79101835807
79236648928
79814603274
79519837826
79097683367
79634770887
79232296733
79019835285
79639007669
79100033361
79825838581
79261120971
79602760878
79883385478
79506134403
79634564367
79303449561
79537386546
79841836818
79372322817
79532412800
79054436208
79114207064
79615836233
79786661815
79084844273
79521125414
79996772158
79054416423
79098525309
79536290939
79501411114
79173616793
79990875929
79064849357
79242430005
79061989063
79278856010
79042761798
79178015705
79146740920
79272119788
79029475030
79055739386
79130700190
79142109594
79677065265
79538254986
79867593411
79193615391
79779941724
79533354196
79130082330
79081186434
79501442784
79093665874
79822700065
79180791330
79043944465
79025771206
79084887304
79670379357
79516473220
79126352292
79200277909
79125110353
79518185635
79514749060
79233394844
79089350664
79199289337
79829250210
79785463234
79507365815
79041607737
79505442598
79513560018
79045377076
79514871314
79029571281
79087004673
79827791982
79036483652
79157915170
79521460022
79206261099
79221980718
79630354857
79221220006
79221291821
79126572017
79521473198
79068123614
79827192590
79994976321
79221483245
79588799659
79226169290
79030784223
79967694496
79920001015
79024446517
79172246697
79022768119
79292126775
79505431986
79517854768
79525141955
79525241316
79226132791
79089341131
79518187798
79517804185
79641834444
79209066714
79211385666
79833095835
79139808416
79139000128
79137577447
79510728980
79137240911
79537926139
79963806839
79659916323
79137094868
79829456617
79171882069
79523046693
79277636620
79614649098
79805128112
79044635791
79643586347
79244745991
79285244140
79958722724
79029362748
79199593971
79080658612
79625786462
79144274370
79897260768
79001171387
79102274159
79292380668
79107363123
79688557374
79148855101
79024426101
79832083567
79147699254
79609042760
79241612731
79772596075
79000205504
79507689823
79081450141
79619817758
79527902009
79264000239
79374913530
79513285682
79106726755
79170071016
79994480240
79045706457
79003544940
79829619588
79010934553
79185229064
79879022002
79514807386
79996166059
79295686920
79025433628
79149554769
79038907207
79773070523
79503071426
79209030056
79107371063
79067778878
79625137616
79089281895
79512201150
79609272600
79223827016
79191357567
79058580332
79876024929
79618657898
79130450315
79617516708
79124908446
79521859726
79188737680
79538676944
79185747288
79922942433
79825138841
79199447011
79537887662
79148934318
79174663024
79638389904
79205958106
79521313101
79872884465
79323088826
79506245074
79180647277
79996436846
79271972774
79637120684
79275665964
79874952001
79212339982
79152315769
79773919454
79512475283
79507089853
79818116079
79181113964
79094311351
79887633015
79140855059
79142687838
79510164645
79142090347
79139170257
79676587866
79644633789
79502691217
79503911015
79521679436
79966375897
79857154822
79635121225
79614784660
79054349333
79002010795
79149544274
79677961741
79787637482
79954108784
79874742655
79606905160
79082438053
79965829496
79113310793
79639713927
79246821672
79195316463
79920126368
79501963377
79030851859
79617657322
79001976860
79122957014
79961838356
79505410184
79022722795
79012209490
79000902058
79087010562
79080507399
79000789539
79183439363
79000707972
79000251360
79681174788
79642422821
79226020752
79617846807
79827509606
79805239864
79307495696
79209279320
79513897878
79139247580
79241788386
79607967739
79529450202
79538805020
79658295175
79005909613
79618452186
79504921177
79521133722
79536055684
79004735307
79193699428
79001978510
79221095804
79109382261
79232767494
79380811929
79632747273
79660716825
79831230174
79602575433
79243733482
79040337861
79897678658
79268418087
79209792705
79521462247
79099050952
79137633318
79234481615
79373042494
79963534700
79213871307
79123000016
79064978931
79959602644
79049572223
79829333697
79821338235
79771685322
79502631467
79006279686
79672501076
79005891322
79850843117
79535449050
79521460830
79313703499
79233706340
79887114362
79375594910
79930117179
79220743417
79110632363
79261580607
79267884737
79152255781
79859093438
79175992524
79109121536
79031401343
79822239615
79999992368
79068052518
79995665757
79826524675
79826876445
79826450377
79122827032
79122723567
79068130529
79109178495
79876094238
79258417880
79053069914
79143990975
79021763610
79228550576
79511753377
79118593338
79005860486
79030072411
79003811421
79999859070
79656289421
79609344220
79309103428
79509521820
79159198031
79144743880
79202634765
79188727212
79216840859
79029837800
79600838325
79081551484
79511637294
79029644341
79658850336
79991624438
79581567469
79501088015
79045743305
79378773863
79009388372
79378727711
79880627746
79522512070
79676550315
79522596646
79178672507
79027726696
79179137679
79788607347
79505047176
79609225772
79535033051
79787898689
79179391147
79641871741
79188641284
79005483832
79776024894
79231174071
79025960783
79800966638
79615967010
79998909097
79503272314
79232141358
79201455994
79051052265
79814462672
79113754347
79604227705
79519105844
79535946341
79871003466
79308394831
79871451531
79111439584
79151103020
79246467852
79918162953
79999831352
79042615227
79134431085
79241454946
79502777545
79233879230
79144998836
79965801073
79002031200
79030723178
79282659386
79841303443
79511303044
79619874045
79086423864
79000674220
79101379012
79043274490
79042535673
79505647989
79081105584
79836257109
79511473160
79065667155
79038875354
79103230878
79205648144
79606355121
79083216044
79225329222
79033628436
79228521611
79607246786
79092721612
79005854010
79302216564
79191588204
79043897060
79196346716
79200529654
79521235990
79205655913
79027994402
79064210007
79673883491
79372197040
79525296187
79232438313
79518029904
79137023969
79231573737
79628395600
79612269413
79324769417
79876842622
79514604080
79655435640
79617770790
79089092150
79002017905
79048884794
79232652653
79025022157
79014141246
79514430374
79501930708
79089088398
79089007253
79649088747
79821779728
79995864894
79940212334
79527665968
79049870452
79045494536
79101206849
79097033730
79089151230
79126159847
79068990434
79823160113
79193090989
79123022429
79292705280
79220137610
79193262269
79139909285
79186507077
79517551891
79514879633
79180167986
79122636467
79199498512
79199722545
79384062851
79116315685
79774845217
79829331601
79143225762
79146003097
79307440037
79081825924
79102341568
79193040940
79869360533
79106451950
79638525397
79025748038
79256076265
79505753516
79817137110
79045523577
79116050830
79505701153
79611765406
79630414271
79087053734
79118618404
79534910970
79521781515
79090789651
79500943831
79044967830
79818192109
79101452531
79835042969
79321127471
79780745506
79930260353
79118545950
79193520202
79874937603
79139940834
79012800329
79817570605
79891220856
79999773376
79647306661
79827885829
79875722285
79167545830
79200642931
79154579194
79040455452
79144863726
79194071827
79281960773
79656560272
79778136636
79827658152
79133902332
79035695559
79510744166
79995226897
79513621906
79517098300
79199301343
79673544494
79233791757
79809180142
79024462999
79652936250
79516182245
79199317001
79201261154
79209127138
79190194166
79122130820
79507155527
79061024467
79082752013
79005900120
79952631501
79888149841
79037318525
79005645765
79776348883
79612880471
79029007132
79109172052
79212604679
79284868588
79682700406
79228115438
79507178195
79897038480
79933762202
79508722776
79154754084
79958731670
79538565727
79026385288
79507347490
79236133733
79087032411
79146940306
79678586901
79258595364
79516710929
79080595185
79832461917
79602933132
79067113392
79283855766
79244011426
79205765308
79515127842
79123342307
79233286287
79130159003
79050797510
79265154985
79658164077
79147104891
79853457393
79510839843
79513879439
79126079709
79000752114
79659913211
79090017006
79231962714
79044963064
79123189947
79930051320
79319679612
79538879206
79833248336
79324708606
79504961381
79051428983
79502686780
79698071819
79110702612
79819862184
79028622726
79961682564
79051698709
79514561224
79028757043
79314181105
79180119519
79123282240
79116382259
79606213167
79524263955
79507190611
79102215250
79066061055
79997000505
79056751001
79038876663
79056710077
79198459415
79096135587
79586698373
79198448496
79035092216
79172556160
79530075763
79089012314
79000485804
79655269525
79892812798
79995597836
79655452935
79521364460
79505525160
79026541060
79992188898
79183390338
79991562191
79379848685
79514811121
79188980002
79878267353
79147928782
79523136208
79507384803
79121038017
79967848514
79528538138
79519630664
79081834285
79298908728
79197577649
79999666665
79174702753
79140785323
79122623815
79122546549
79800800138
79057347414
79538091980
79133995996
79081938565
79029793038
79834345020
79205890986
79640491386
79270872851
79991367646
79604799721
79324034200
79880862349
79525087339
79120467469
79134857558
79004819917
79994440099
79520584066
79911807868
79080636131
79005841327
79184922943
79080443208
79196441041
79602448133
79235579786
79850007932
79065618088
79022541354
79198426084
79109528732
79824949002
79089221639
79511323387
79187552131
79082455887
79521320702
79115676573
79135092996
79048099286
79385300600
79261881313
79524122013
79058308200
79511685908
79093977945
79234526577
79260885858
79177716214
79503355227
79169331556
79873672325
79279175838
79234865049
79289639804
79184844271
79339915526
79132083399
79098715764
79528878858
79618803807
79131682871
79536938248
79516334856
79149181807
79789837289
79622195248
79659486044
79518178953
79991567968
79166440225
79963803467
79068148218
79114580709
79132423146
79826326162
79308297355
79228306500
79052481418
79296462283
79082074102
79523580547
79058619769
79851487884
79043770781
79826200991
79964043855
79141759282
79044196269
79620409017
79054206714
79227681430
79832276694
79384535373
79788945947
79685091019
79138971299
79513431053
79519040622
79614574900
79050630300
79200731511
79535412715
79135217923
79674217006
79787239794
79221113938
79528554423
79922229783
79969281000
79621142084
79607712730
79280124766
79010837818
79200335073
79964043398
79108753493
79504315950
79006350155
79002559425
79059017474
79144090857
79216139390
79153292777
79877125441
79215122838
79531492045
79614727008
79991757196
79087934481
79157323012
79875595096
79049804746
79658465550
79016004602
79899966322
79123659789
79815510917
79068669917
79515325612
79524486009
79242737362
79511803051
79176379716
79154801941
79622366188
79502618303
79539955934
79636228280
79877773227
79969208997
79870939044
79235759151
79270599860
79833506173
79135458721
79163531679
79964705297
79648809782
79200532550
79384866830
79858411127
79622583745
79102620274
79535243818
79049574459
79372134065
79513164775
79518107145
79867536057
79333270878
79088057572
79003519987
79281357595
79123971899
79054835002
79222033226
79170942053
79537119045
79185915551
79005626675
79606925120
79085746339
79273203400
79397807929
79141046111
79174197773
79024401379
79654666089
79226062629
79990801752
79000763948
79198694565
79177380292
79377003006
79230179313
79114772751
79177531061
79771640575
79149301461
79829716110
79033659802
79621558014
79034569788
79050684682
79616834712
79851143326
79963907010
79053305109
79141233287
79924076810
79523825273
79223262264
79090221654
79005669372
79049369183
79054466645
79126773910
79188656723
79081298721
79139006801
79684990175
79031225917
79101872918
79829371585
79607370000
79036483168
79999728769
79180858539
79297825583
79027653555
79610747490
79142912096
79299991316
79017214570
79610005888
79506955448
79032311507
79055595593
79017096606
79099667826
79772625280
79260816918
79858390337
79057335909
79037884850
79685333733
79774249839
79037386591
79057056017
79772671668
79200775547
79212600238
79522175880
79164217584
79114605775
79616279140
79969593182
79062375869
79211043113
79520522858
79118590619
79027567198
79994306897
79234991032
79180663611
79995170155
79519929588
79857540728
79528372525
79181145629
79189595044
79385380106
79385111373
79384200787
79018682628
79086455198
79025688799
79996819436
79500703339
79025674186
79086442156
79501187189
79500503822
79500504075
79187401972
79526151028
79834126207
79025526933
79535903696
79991262781
79785690101
79207047111
79606880951
79996053473
79624601255
79601962040
79601745557
79897086253
79185118648
79287601370
79614466996
79624460440
79624130950
79507724728
79863333389
79634599969
79220075444
79504870917
79028501278
79068239994
79129942823
79624532015
79871026400
79009157665
79213394137
79233099775
79150398197
79528674997
79051296311
79778752170
79066528552
79611656702
79511517176
79040921465
79205552725
79155231094
79192284348
79126972716
79126562840
79126346636
79068119196
79030795145
79519356921
79193755111
79923387210
79034180720
79021507512
79920167035
79513247459
79022797949
79022739035
79022536388
79021507143
79501988028
79041785591
79831095173
79613252785
79326064808
79242472167
79087510147
79920404615
79047713929
79886295451
79872851551
79126325046
79207301237
79292510111
79517854590
79630952314
79628562475
79068643391
79525106082
79511299486
79511193444
79511139244
79000211802
79085865824
79090991616
79823363248
79193464763
79124096118
79114668727
79511156525
79135866942
79032595607
79605511650
79086584747
79510138796
79154353905
79049790891
79102770187
79195988766
79536678360
79023803073
79674586439
79610073474
79004873902
79644787010
79111716219
79146062325
79181024749
79184934097
79080873383
79969153123
79232975154
79999166435
79144622598
79028941841
79044416999
79129700506
79642989912
79822793955
79093146104
79372435310
79309839820
79969109544
79146091505
79913005671
79175020219
79138586509
79114647619
79041075528
79033433980
79965571893
79012880637
79120709040
79678218270
79284359233
79135016073
79195182414
79286181203
79005007360
79286338575
79508187245
79274355380
79026219571
79091392433
79005423084
79370822000
79210734258
79180165340
79102710318
79180662751
79025420052
79101645984
79209280161
79219676045
79149036525
79609235614
79955543521
79144110391
79620825513
79609549888
79538014748
79082090667
79142322453
79089435429
79513600499
79046285258
79133069325
79852952049
79236597796
79143961320
79515950949
79535388704
79238252178
79826027813
79198867693
79275550213
79098127791
79513972095
79606993510
79183377721
79049786841
79080670140
79182519509
79822820731
79606858642
79265668272
79182334557
79514759564
79533254406
79184767100
79049850112
79064922247
79098751501
79058946826
79123888424
79122271541
79829046518
79059309540
79855556595
79776945997
79111967870
79272466444
79639467640
79103634801
79660501708
79097841561
79101382614
79923030535
79682630805
79124002222
79040387830
79044002600
79031559527
79189455086
79063505533
79530538182
79091890814
79124076000
79061711642
79092063995
79376343898
79153762688
79024191984
79181639640
79505909285
79502002972
79220070944
79009624297
79036454092
79047758674
79167118803
79814576656
79954288022
79614976415
79995492803
79150945729
79033751600
79511366309
79175736170
79520513864
79086315372
79682609063
79026050432
79855545666
79178429956
79028777783
79308340944
79651789561
79000422995
79525162682
79061663266
79633575831
79511466668
79852448570
79518098875
79954194088
79961880016
79518082314
79613302724
79147778642
79884944498
79687185582
79505442404
79517916356
79617669069
79536023121
79517920639
79045418631
79028767904
79517787899
79517740210
79625692838
79512588010
79532806393
79106794207
79144686312
79183441611
79517746425
79164446015
79027344305
79952011782
79128907732
79510838999
79614664900
79041765811
79040823254
79806391075
79964620389
79293081885
79996542972
79961360076
79281831535
79536058560
79867471976
79269143907
79135091875
79183346462
79857496380
79630518249
79122522915
79034445578
79183593396
79296750618
79003519537
79831699311
79967785446
79539685312
79193446813
79033203585
79787223585
79878380407
79800852251
79155580722
79042179912
79203260416
79116933347
79140171635
79778605672
79617366952
79892841983
79092077536
79511458366
79963821285
79962552347
79152371759
79627570372
79041651601
79526041150
79143934852
79236128583
79120022252
79196014805
79138159677
79157749607
79088229373
79081105220
79023553554
79034412256
79124254754
79518214529
79126081166
79228838383
79133769840
79066018807
79059152626
79099814992
79316096093
79137486961
79831871793
79397444547
79231243344
79021999292
79184497811
79192921656
79063208020
79620598959
79874862439
79614790326
79505235079
79520884916
79630891655
79884054353
79034000479
79044271487
79620224143
79536859604
79228642164
79333325704
79516130811
79026959579
79834003885
79145498074
79009143645
79996238534
79636984381
79818944797
79375735005
79225343442
79652446423
79186472925
79226660126
79996431662
79038764305
79524845632
79960156792
79233923288
79132463373
79530496495
79193427873
79250387774
79000417905
79122217227
79000772360
79182135726
79506390159
79021511645
79114714676
79821810346
79501298507
79085805010
79638945367
79507429271
79126946252
79093892603
79153690151
79090830382
79063166644
79507123010
79049574057
79181378636
79000456798
79000485950
79514473610
79514450929
79199219245
79275137738
79610855268
79892666799
79616385510
79772735159
79776620919
79397094530
79622934214
79045282900
79276737283
79041108033
79507122953
79046591440
79041729985
79511194147
79507493983
79829150118
79026562451
79232198700
79049200669
79174858524
79162393212
79277096704
79191750781
79842746335
79201686490
79040808467
79042576476
79507437850
79085842037
79608951293
79081668610
79062361694
79277191498
79951034054
79513363187
79600761542
79148826132
79040879969
79042533128
79049856766
79089089638
79085831029
79087023358
79199346751
79275160188
79832964105
79089119938
79101307070
79118660411
79116648249
79030318435
79276915543
79039249548
79041546032
79055333240
79955061061
79000320494
79199286543
79191949616
79038147242
79835762998
79200657532
79924003873
79520530078
79949926808
79616492266
79067686805
79600415846
79500868189
79113280917
79148959505
79888480619
79224029206
79101819352
79920171134
79080474809
79080500927
79610584114
79000711857
79520500808
79616112931
79036895131
79526207020
79209119407
79817079135
79505635485
79135764669
79049431955
79053925555
79062133354
79057361658
79801868994
79505532460
79028920051
79128106911
79082539526
79520569406
79149394851
79616872831
79777234235
79059651704
79133665826
79285250681
79167094220
79000790602
79655816083
79081422062
79525753311
79678589515
79000993833
79678608820
79057401807
79778875815
79501229823
79043083308
79823441545
79624276727
79262095406
79956518598
79156440089
79270824147
79156745551
79000907104
79813031132
79834666239
79991264955
79224219709
79101348769
79371556782
79539315430
79269801116
79041279111
79527281950
79631817588
79831568460
79508761266
79638617314
79319899374
79059093615
79773379453
79525953867
79507603945
79996286261
79191489491
79175989900
79177964502
79824743165
79776998460
79773426641
79268945019
79286337884
79232695082
79252969494
79523341240
79248629116
79383000242
79184645599
79635743214
79616458726
79538823315
79841648583
79145759145
79146135005
79098111539
79997946149
79189378477
79198615670
79174077466
79631404660
79961283727
79518639026
79004368071
79141390764
79060755672
79113635850
79113092189
79271731413
79128346276
79953018009
79375507542
79002273208
79194794743
79103581403
79374614082
79999677434
79658995099
79082404786
79628713059
79140863000
79027605893
79807811758
79138441314
79094406008
79186949213
79023616540
79025068304
79606912001
79034354607
79822572500
79085066287
79196872330
79954033387
79249911026
79787107352
79618424800
79144223818
79110095528
79655271825
79632713086
79068646161
79377016712
79080108113
79877475122
79520583420
79308565244
79172811143
79148801545
79383505105
79029642235
79206279446
79630528960
79630334544
79090691651
79027692475
79233060962
79923060781
79780878782
79069530823
79189802667
79875518901
79963158325
79814624843
79528808648
79104146031
79822721300
79859261751
79207213111
79033422634
79174151558
79095412073
79500677705
79967260153
79029761670
79609727575
79081061356
79111431348
79528037627
79538560620
79788567204
79869686338
79034610440
79265838638
79180271816
79180299154
79811331044
79046530512
79089053251
79090152105
79068558759
79630777592
79080215744
79800839055
79514416161
79275331358
79189585119
79873972580
79520552575
79654150250
79298201196
79205977448
79061221866
79086646821
79005878878
79250718455
79527383000
79333345468
79068719196
79097770865
79068538072
79829309667
79505457015
79186839678
79272583519
79287583227
79924069721
79066514320
79114340031
79080113026
79039304100
79069852999
79114795593
79853904555
79205888866
79504043222
79087411103
79814684194
79377186663
79030231108
79138099306
79588316084
79953191832
79509960741
79097859413
79056218819
79529040458
79118512713
79275092457
79508645844
79003530506
79831344567
79511339816
79833480724
79146071257
79649049279
79165659872
79506226487
79606197287
79165848466
79512280337
79038669595
79190296330
79384440106
79044987337
79181296917
79892316269
79829722859
79081607868
79676475793
79065529641
79046564888
79247148954
79528817716
79509769654
79190256501
79525172049
79176353619
79922065648
79772654235
79003512513
79137416011
79041401095
79962313294
79081521766
79192757719
79279601940
79269980294
79999207002
79930041617
79530212739
79029648339
79626285973
79270654888
79189313998
79610970781
79234071978
79199338077
79265986346
79513349461
79673638756
79526261826
79995172102
79190136394
79080378550
79530086588
79039889265
79821079588
79220036343
79213013038
79050148611
79064018078
79189188819
79772561526
79089530045
79086643525
79502014446
79089191257
79788201101
79126020539
79194040307
79053353884
79262299400
79232845109
79053109990
79922375868
79964421242
79093904226
79992316266
79823295466
79194035698
79020963032
79097984308
79031608332
79510882106
79316121436
79043882960
79193039706
79080477871
79097977097
79086449169
79043802700
79041683157
79504243586
79226989455
79130624063
79267163959
79002150922
79514876602
79278030228
79091911117
79040332320
79507201818
79182552106
79040810642
79823652343
79531144328
79528825798
79040931657
79299293099
79323000758
79308037127
79014916496
79106771867
79122017018
79859353358
79615133114
79004697351
79221448284
79138552762
79506794735
79062866200
79324861835
79835373004
79526771058
79038544065
79169142415
79833616330
79290459658
79089213954
79066923219
79507109966
79304395015
79511791657
79040886799
79264320108
79515463897
79831762188
79042593568
79996392597
79788587624
79536037661
79132811826
79172877098
79052444490
79224138019
79044195791
79123505074
79966425855
79653888826
79109636366
79520232567
79288561910
79292631692
79190621392
79877459034
79951804768
79040654080
79274754756
79504577656
79045348034
79826349750
79375992299
79625725640
79232704385
79785072674
79774465056
79888513410
79081628207
79604284899
79042373891
79201648868
79030658080
79276834415
79026564949
79125255768
79038777771
79992748273
79107251550
79817511047
79504037017
79324126051
79962785424
79286685413
79308066308
79511415526
79131807260
79779360217
79996470390
79114692745
79875337453
79520889695
79172331964
79858756300
79288162216
79889879477
79062149788
79503235236
79286355538
79619574116
79101047546
79604244634
79088193860
79205632402
79992611361
79525503265
79502666005
79183308820
79155219301
79132819265
79689376899
79870170622
79621276043
79234060016
79148765249
79135571515
79503776770
79530593245
79179331801
79951754919
79833310325
79219315155
79220461962
79274963324
79885784461
79538527431
79025056920
79029763032
79140173084
79501247594
79829436018
79221786307
79220317228
79539292397
79870481823
79508917634
79254604179
79516195076
79059897810
79200334380
79774539676
79229205805
79023831174
79821041244
79235615182
79016656012
79511745536
79823243139
79063398838
79631565208
79003874018
79293377228
79202085604
79235930555
79136467525
79325572255
79262181621
79144720994
79155720023
79513173566
79510711707
79209110333
79000468967
79131855640
79224840700
79064069449
79506043417
79053063059
79052472227
79166867804
79234537340
79620189413
79102220262
79202646199
79375274411
79246005055
79788612321
79044353432
79066030813
79233083118
79118614203
79186723711
79138387369
79532301965
79020929295
79771219178
79524247464
79051451129
79826395061
79126932457
79283595034
79145787463
79507355414
79511232443
79061751000
79184810627
79638854272
79998467096
79171065146
79614487758
79207370921
79642641945
79788720572
79517617434
79308312848
79602682444
79000275375
79043020646
79044747273
79053372508
79042552420
79103655018
79183542043
79066631249
79114673487
79385357428
79275143984
79645117513
79028869453
79165756403
79619740033
79510831677
79600346272
79500885426
79535731079
79887395250
79207371725
79175742390
79183873151
79146688452
79612209298
79014444550
79025121645
79040520508
79208548615
79029862603
79054724084
79192258366
79081215288
79148706446
79630007122
79831754249
79101468991
79106783341
79089413806
79258286076
79226099840
79527375869
79048043534
79043044752
79994407039
79684330003
79088656526
79183377808
79897729581
79200220952
79216039980
79267833376
79379938999
79511665697
79097731524
79045234965
79046640054
79511791568
79002012442
79021450624
79514535805
79080109662
79122402244
79655449999
79523681867
79049320268
79582574267
79528830127
79667896892
79182652406
79185505699
79504731025
79160604000
79035531517
79276546501
79039713786
79283529177
79656285151
79660873434
79024742525
79951864486
79236114231
79990897703
79042467513
79992394035
79663131053
79131857508
79788716025
79293366096
79045733938
79124495406
79950466648
79065711781
79017454023
79512159358
79654333549
79205554113
79883180219
79951149127
79042836573
79040697932
79616803168
79522534335
79959250156
79684089828
79998488606
79996044860
79379912921
79885560626
79124013000
79028824113
79513686478
79521701101
79211469201
79996840996
79663245108
79254785798
79086073513
79501750705
79964062455
79647145900
79895123532
79773493407
79999995051
79041754548
79086415504
79085875365
79279755660
79316013240
79660091903
79281510386
79213557050
79687070034
79511268507
79050699994
79771302557
79208936035
79148875623
79513318185
79509215213
79090172658
79131974899
79531006620
79511243647
79616956653
79520599343
79235052037
79165850671
79041779090
79102773773
79246243052
79224696251
79676394315
79207172104
79014542865
79826668057
79616715626
79885219870
79216109615
79165785795
79788552482
79533889528
79533808636
79089384032
79085857031
79527913742
79067929095
79165694478
79227116390
79530444527
79530093535
79085807971
79642673864
79045917551
79503177984
79619386607
79096398811
79775297775
79661206120
79685637910
79521799425
79679081809
79080704735
79081761197
79000467013
79321274772
79108829902
79873931249
79940150972
79964289737
79040354502
79535725617
79000721003
79919267896
79966193781
79025029529
79528949992
79620109007
79278026391
79124368591
79108311834
79513357442
79539825372
79506435219
79049151246
79165504325
79585593470
79205693761
79171364449
79517619144
79108577876
79087459066
79250411281
79147713345
79511350634
79521805093
79198780759
79237332021
79039225407
79828280560
79880959961
79514725017
79133718530
79094934599
79990010876
79111238725
79157615833
79279746099
79023609444
79046534622
79532317245
79514899111
79198259673
79103079880
79872718444
79023839806
79675042723
79814621152
79047743900
79227358838
79118661577
79684251401
79186726510
79240105610
79061091507
79632603151
79140245640
79082157494
79040337985
79658914703
79209592413
79148368027
79232324361
79898281038
79651172174
79028684818
79321219284
79101247945
79511146847
79173307182
79961074439
79881437191
79528031238
79181090696
79524079254
79000715896
79135206227
79898135158
79536859504
79281610382
79505852611
79137408195
79328446634
79991321528
79023056764
79833432259
79689582936
79000624451
79029700919
79923305987
79511201063
79080639009
79022463396
79999244504
79040630332
79086932139
79046991874
79528427156
79384020100
79509836075
79131654891
79114568238
79822747083
79134295756
79528491832
79538264732
79001059066
79224787791
79052462829
79284144888
79521331573
79089073717
79085796573
79632616568
79064077855
79165491781
79606959414
79178894819
79501498935
79521374370
79089126740
79000792497
79995851670
79507340865
79608777777
79200635999
79152872275
79853339369
79518903295
79041152172
79873873040
79099116837
79044271314
79105578407
79502780232
79505835880
79182212275
79005666680
79281869280
79504070613
79016671230
79028769071
79086577310
79000648893
79514676193
79525214720
79168356331
79202578851
79027362556
79133204099
79513381872
79600681029
79016665920
79780895892
79969102256
79829348578
79165224430
79600603790
79647392126
79788301339
79916125150
79685163561
79028181040
79199448143
79836058157
79184970254
79085144400
79516065474
79260696965
79262349519
79168337773
79030198242
79291688880
79069925254
79032118334
79131748956
79089210077
79501932822
79515788598
79043064797
79507824121
79867535976
79035784208
79087904967
79168283767
79157576233
79263464709
79638630901
79241911711
79881046044
79617184202
79202068331
79162409361
79620367240
79113470620
79521744559
79213426403
79518314661
79523770672
79101215081
79899848373
79152038687
79044033450
79157440345
79001344343
79085167640
79523331032
79529211852
79506469658
79023925311
79517921728
79105377245
79514796695
79034793637
79333266057
79165189203
79036396690
79509691555
79021795531
79991263002
79533854591
79203389433
79514701139
79512510347
79033730728
79033719712
79165177360
79788691308
79513148851
79521786170
79126370609
79122163919
79507446359
79507303274
79047526740
79207274311
79870313101
79148794819
79087079223
79048013097
79513190492
79045937747
79147817587
79180960065
79123870628
79040654625
79509565329
79262090918
79528945344
79253394122
79527272683
79789727203
79511827429
79531383003
79233046516
79128156495
79216087405
79161973434
79785600021
79040194709
79263234471
79135790079
79041666233
79635246511
79211094339
79054915892
79199213489
79085974549
79036039707
79044086125
79192151758
79884090786
79827535098
79068269572
79087570647
79192800411
79826725506
79835301050
79122751289
79787908967
79114553729
79514573189
79014495455
79832878204
79858930785
79776870247
79780048587
79124982285
79189381543
79016777927
79682612741
79778231422
79998710401
79917336156
79867540206
79267382566
79236143151
79200666194
79529446145
79088050870
79805578714
79244123434
79213775636
79606861467
79122787855
79042508948
79003661086
79138174922
79673098693
79179359027
79108379646
79833197542
79183665652
79525884577
79002923723
79149360758
79019635366
79510244909
79882001677
79273265133
79131929619
79166190026
79232813679
79194697727
79140861159
79505902013
79502726942
79086382716
79235035526
79515873426
79234925664
79089520007
79634880296
79039555600
79029459498
79963808230
79083259187
79025523124
79235165113
79631109902
79131176125
79505553712
79013559491
79080833841
79141462330
79518149729
79088704936
79123833415
79892607169
79535971857
79777210929
79102138969
79502643450
79138241600
79686237431
79831536021
79850784911
79955078200
79507914064
79375360921
79607376843
79254666672
79041794124
79081222931
79132040756
79122581787
79539198338
79030093243
79214798421
79527591005
79785197634
79513271087
79875549230
79027899541
79836928716
79009646863
79103643559
79241255856
79050598000
79514858377
79803888209
79230059558
79182304778
79611111787
79187437057
79778611418
79803629198
79993790175
79606236050
79829096492
79535542015
79528068739
79623803512
79507108497
79996098640
79504339140
79624134584
79194395953
79178001061
79066035180
79064790854
79056549484
79065722006
79131984438
79209167481
79234523331
79803256013
79789665236
79965140457
79088557916
79132066030
79964028597
79062161068
79065615325
79615295985
79200130400
79535525716
79513749411
79284045538
79038062491
79045385004
79181069438
79011925698
79527672341
79508276581
79155843372
79107367199
79532185541
79538401274
79961355940
79041251376
79606988798
79207346670
79776746017
79535607876
79133877050
79833225193
79044941598
79059137184
79124794012
79778954019
79524208780
79994654513
79600127872
79182789493
79102998940
79202677367
79607534119
79530473003
79192840956
79677424907
79081251723
79527264618
79501539036
79022526550
79657879690
79040830929
79137182041
79883568286
79916348225
79045713393
79220037241
79377276248
79023139556
79100418706
79156051708
79069500251
79804732194
79301563538
79133952840
79521182305
79272973219
79892375646
79126592683
79283491513
79910835707
79026247329
79606319491
79781284156
79262146562
79093940589
79045230243
79511538944
79009613622
79114652114
79653741885
79006016116
79092965255
79175755111
79157417275
79159546060
79503368248
79140869965
79609754938
79207006200
79137142111
79025194005
79131754985
79025607881
79831655682
79515893501
79618483468
79511826131
79832045845
79048932893
79186460657
79506307568
79503020014
79138284144
79145893892
79524499070
79016689622
79149067956
79333371418
79197395008
79168087628
79134889988
79191197601
79996387373
79001078582
79141426715
79620244015
79180812929
79000536975
79021759230
79137818850
79082219035
79209205017
79039181324
79102159524
79922235079
79000982537
79124640181
79524623753
79235021620
79608966256
79500153021
79823047449
79858625090
79588425179
79514584287
79507978204
79016231663
79166013854
79214390747
79255198917
79619856157
79825985784
79047818925
79504090914
79173087327
79054498613
79157701500
79157727429
79175372863
79009803453
79250297738
79261520244
79080471573
79023071581
79512303555
79518761540
79525941449
79004628832
79060918132
79000646228
79617329259
79041350037
79300868018
79513853056
79045267440
79141010908
79083177004
79999299020
79670392635
79038747996
79040397374
79042487513
79653925472
79209075107
79777061830
79080280662
79125726934
79609194245
79228401801
79622054888
79288153644
79511510641
79773002601
79952297400
79822891709
79632713077
79507301350
79080877144
79633182809
79080325915
79034687988
79182411909
79245454777
79516608882
79371636854
79027661916
79508283859
79037147277
79525246536
79061135690
79085852978
79300313323
79119631668
79523342676
79150789038
79521840080
79131741855
79137478996
79082217213
79185711727
79164587382
79041629787
79504555896
79220022121
79609750477
79624550291
79805453801
79653923123
79146232604
79528917416
79787613509
79536845996
79040335518
79539271484
79233355314
79002716931
79656893683
79889902291
79209027009
79000772858
79521294291
79105715350
79183155975
79515190970
79206380878
79189696818
79040105173
79047891615
79062129467
79645828505
79313680700
79041617170
79122474179
79657853427
79776367771
79773873254
79065640846
79996064394
79528961256
79068473737
79884022784
79186637280
79054566562
79081158790
79638362375
79256271825
79832991685
79080723770
79080605333
79829259932
79044447236
79034677311
79622541554
79207253433
79604699426
79780995225
79997211205
79228321696
79040999394
79657999979
79177860904
79033750699
79234222299
79180284320
79097967975
79647768331
79647378484
79788832273
79225516321
79046701536
79138165250
79505881339
79017877915
79156654644
79131310156
79538875595
79831155804
79670383833
79957957090
79001308828
79226503243
79111160056
79825509744
79156610509
79535928123
79661944720
79161168946
79087261158
79048747656
79251756042
79522451530
79384186611
79503636085
79163080421
79824036752
79500846298
79185614998
79035623574
79275216557
79282611657
79226775501
79010536861
79225799933
79283451312
79017071332
79999690093
79505184337
79106948909
79245332567
79213130548
79773683616
79108380696
79199566446
79207010403
79097775376
79002137538
79149451632
79228868662
79260478758
79527338391
79044369934
79139306681
79631821731
79966196141
79655098891
79057800175
79640371713
79195649097
79388653937
79043742035
79528091707
79080471446
79673531807
79832429642
79513336762
79039671924
79642460088
79634610012
79995836441
79094389721
79645510088
79033726198
79026539454
79023130026
79210071003
79500522336
79501476010
79088609962
79056643606
79521760243
79162264972
79528858783
79020482166
79203771125
79780391154
79373257181
79056151344
79174282661
79045875458
79831405213
79503993568
79521798274
79872530933
79651393925
79102078401
79270753880
79054449278
79027876723
79122228200
79785407442
79640475758
79821973354
79181049380
79086365605
79121165212
79022787098
79645255781
79064122008
79126457702
79194575034
79024101084
79061285430
79530234486
79225100728
79535517695
79826666605
79532695481
79652197278
79206351988
79273309833
79231242329
79963313919
79375544704
79256596662
79518295323
79183426984
79049069617
79520549902
79157653399
79822983570
79407172838
79209250950
79056773886
79182859283
79287533771
79114196535
79640576529
79622737000
79052180556
79015026679
79511045243
79054671784
79831148107
79166002615
79993704234
79149331808
79135657914
79995857102
79149905190
79501286069
79515941150
79246781242
79237209137
79144029724
79139337183
79991774165
79514258906
79140447880
79011353928
79136331942
79138230446
79143914072
79235604163
79069752169
79835516715
79085082951
79832635685
79627065565
79509706647
79684223013
79141814862
79333023850
79644794676
79612587575
79049113988
79029707979
79787086510
79658864691
79041166030
79630314163
79518005745
79246029023
79091745248
79049630684
79202536903
79089021688
79521761246
79275812531
79130918116
79617168213
79829463016
79020012923
79094305793
79506529786
79087620090
79004829199
79034379232
79157666045
79990874382
79001392606
79062127173
79622576705
79826757084
79000483377
79022605332
79199254683
79827073783
79610964157
79041818606
79040128492
79130962644
79186605532
79853931160
79012208715
79505445925
79131886698
79111171312
79085132565
79333201263
79165384857
79500978022
79853547168
79995049297
79131128755
79186948318
79375686366
79282459971
79966368513
79296089795
79778258757
79114937618
79641290210
79096067666
79270640505
79384700047
79135014766
79603115621
79527943467
79500588980
79500887405
79787811671
79502157356
79029825931
79281105494
79674088192
79532332670
79875661567
79230169715
79885181657
79377093043
79384718200
79500898766
79024672996
79211715501
79210093962
79807538086
79274383676
79881583584
79054367237
79131568861
79088629121
79393113832
79063861482
79190653912
79508728618
79833049834
79097777030
79041214818
79134790541
79228615300
79275049459
79898237220
79501047971
79787131237
79514921851
79228588381
79293084739
79950870151
79875881827
79047660204
79963496490
79536289702
79613770103
79055014419
79501944532
79851166477
79049763916
79772681765
79919267208
79182065101
79160402105
79281453870
79015815801
79220989561
79535687069
79616222945
79307133850
79002738912
79136714130
79030918141
79137603258
79827005007
79897665821
79045701284
79173873880
79516447473
79614481456
79157459172
79034055239
79121105041
79225779041
79118688406
79133888632
79059078288
79045024445
79005183701
79883162708
79224180972
79829435742
79023115876
79886745445
79198276505
79509986449
79649256536
79199325569
79084876383
79270541948
79786770721
79370163059
79174769889
79643337032
79113316015
79286536216
79281726638
79874735409
79521660727
79609276125
79806305337
79001021159
79511364938
79126971723
79509521932
79182898113
79536030442
79124700309
79229227700
79085457263
79063044547
79832640759
79086604341
79178356785
79181691356
79216080596
79609823786
79824944518
79513308684
79500822261
79086571347
79033952568
79162363624
79818280932
79307633013
79223102474
79181982787
79535553742
79913734188
79884704083
79155014549
79375685326
79174089120
79094780842
79629041800
79124956483
79920045056
79129192642
79133798507
79176375546
79537144015
79235715316
79269253437
79994463611
79033866525
79029109877
79778907853
79183527223
79531834795
79047925984
79608990083
79130454810
79230194961
79131153339
79507876820
79883383880
79372449570
79373826658
79155734596
79182707803
79211033180
79271014087
79607291635
79001877262
79535620137
79241130095
79119906675
79193670814
79381709706
79224125948
79517467714
79191754565
79967910502
79300863974
79299462243
79119564304
79160600008
79185577467
79686861169
79879866202
79204238070
79788107864
79628961029
79531991080
79805010129
79917132115
79086340735
79042124748
79515530259
79262684320
79189559832
79858207070
79086558129
79994433979
79081050871
79045416244
79283381297
79539187687
79016106800
79137413014
79822912985
79873194802
79308327086
79532274121
79268227266
79308021031
79232756292
79089007035
79533039802
79292640770
79049988339
79870983796
79376924714
79954234962
79644422520
79243369455
79141589578
79102094389
79059028111
79530615051
79089489326
79173163415
79830514236
79053701820
79378545944
79375554797
79638500119
79114709775
79014346379
79029761532
79281028990
79092758676
79641471722
79994604579
79056982429
79518261030
79503247120
79130152310
79133044388
79264022955
79614412087
79288115435
79221455156
79226697912
79208115909
79258429865
79533813080
79528857150
79221331229
79506757227
79521453245
79501973591
79055372053
79189511078
79923452530
79963767634
79530601670
79114713520
79026737392
79287773225
79053393518
79189987751
79053760807
79061387691
79281075657
79788363661
79521168687
79093871469
79002829929
79135083342
79539201200
79226614128
79920045698
79045468458
79537036090
79781256842
79043764970
79521756924
79996305655
79114073212
79120790215
79261885499
79954019297
79509803263
79041753366
79508526080
79149764934
79045911293
79278787975
79032734361
79045457172
79772616619
79264603472
79226093801
79100130353
79120681139
79622674336
79237505786
79108425191
79999982068
79003480718
79059410882
79132721239
79040587484
79293797045
79504770893
79803875765
79205528964
79522919161
79960196995
79137586896
79103694841
79999612407
79131229771
79097912620
79867818222
79996923635
79502627030
79520874206
79103267555
79301502430
79518543685
79996290346
79040891965
79624421837
79515752354
79113713978
79004306384
79826275110
79283569544
79373291237
79138559047
79339939999
79283524203
79827489382
79030222863
79226256816
79631921126
79676017991
79200467960
79786705009
79510975700
79780243659
79625312484
79062043085
79961904638
79010854141
79181000796
79218527083
79637383111
79780218878
79123558861
79053971816
79039113246
79118531312
79118503468
79898583185
79123407996
79501947346
79631112476
79788488177
79254303550
79201998549
79821443160
79996331952
79122358084
79539697173
79511459273
79296483767
79304115471
79144957637
79276611643
79192624698
79288772278
79635784243
79652369436
79242550444
79086066810
79236515141
79507872995
79192709471
79005462640
79289094559
79510808808
79114999204
79996050656
79617756807
79511477387
79043557625
79209274113
79507871627
79326199210
79083165752
79235049777
79232504230
79870078557
79507693332
79823658778
79301642772
79281756811
79041779668
79774442295
79275169090
79043730159
79228519969
79133084408
79506791480
79641417017
79047559509
79507093466
79258887825
79114665001
79236956535
79088797674
79375350424
79287838285
79885434319
79122533490
79130631892
79221432450
79064654181
79184319278
79516920112
79015015164
79277768672
79253852499
79126099933
79888599494
79892938709
79278219024
79003489448
79287798945
79503288219
79514957414
79162485252
79185470178
79375606473
79788251178
79209781509
79087753318
79782061817
79184784466
79872104141
79034130754
79011233559
79113685892
79872328182
79623095211
79040026742
79539375123
79857533173
79063129573
79509026275
79170275570
79539105558
79961847603
79050866490
79135678382
79521502499
79527694647
79502714414
79250956062
79290476605
79261423191
79025901556
79183559180
79058893305
79508473020
79831237888
79627438267
79507990137
79637372344
79536122868
79526287404
79616237454
79139782087
79521622677
79505884793
79521658112
79536826250
79236013703
79066647295
79194620340
79162657041
79233454923
79370714678
79528739196
79045304278
79061963005
79021605830
79520500601
79289112805
79538130792
79954459563
79180031300
79090290279
79803714429
79501970160
79528940939
79236582636
79188474054
79503195142
79210097348
79930019694
79622629160
79628814234
79638570020
79514304546
79214731055
79004053202
79264560756
79528868926
79089143039
79234437133
79515570572
79610861763
79266660808
79527951296
79040572569
79118668813
79888361097
79207743311
79012905783
79193718179
79811078731
79067753222
79133848454
79961684757
79994437119
79619909896
79514809870
79265355864
79132916559
79186242309
79898002012
79659002462
79503376567
79271285714
79194730164
79624560552
79096029391
79040161346
79377507386
79663505510
79184645827
79627513932
79131616959
79141252961
79003494045
79632997674
79787857415
79068423278
79192210988
79505136707
79295283783
79053621907
79241713557
79041668658
79676340909
79122581198
79527772467
79963067813
79619090407
79003529704
79539288095
79184875531
79284303052
79624497416
79254932006
79045717920
79517949610
79201501882
79232926699
79180723292
79032722078
79198772873
79884870095
79265559325
79535207683
79005901436
79167887460
79515945082
79025459925
79774103315
79539137290
79045741215
79511855848
79513344534
79041764223
79333363877
79179131983
79034427630
79520878641
79328589462
79058453433
79881786784
79826351123
79122125206
79045782973
79000534640
79516099292
79227275693
79104250012
79524180343
79045349564
79619938819
79788016072
79502216428
79050040432
79187700002
79385061762
79678059139
79097572062
79285104444
79307026272
79234035656
79674102032
79991314535
79287360089
79674001030
79024198053
79654918935
79604042313
79302774914
79132518193
79094929688
79246851676
79287331238
79515779373
79539136248
79278530851
79832396889
79324288415
79373407845
79102063048
79026503269
79228602774
79189822202
79635072228
79131973453
79280771120
79152478487
79093884780
79625222961
79094891150
79834063782
79649085110
79217681714
79284910009
79082163345
79536352562
79674005928
79923122422
79065773359
79777089858
79293399637
79183275304
79237901060
79082178304
79506728842
79521149080
79133870022
79536236237
79002777934
79628093948
79004870035
79539196149
79049323335
79100991091
79780270941
79189970744
79059978627
79601781482
79898517353
79062375376
79250245501
79058913231
79224014921
79608682622
79873624570
79615968516
79504100520
79507700210
79063609755
79005610327
79638623720
79114728131
79061494798
79788276364
79873002941
79232919977
79878628781
79963068416
79242628390
79105530038
79233746331
79521126003
79510771380
79519274031
79131744314
79232190205
79274478102
79535195799
79961868607
79082388970
79114605757
79656212130
79185535679
79094808079
79236666623
79380109555
79139046559
79189562972
79624426015
79278705805
79379843924
79524307630
79920154128
79611711235
79511636550
79225647217
79157295304
79024978371
79271575040
79066159897
79205697355
79232973742
79137246109
79831603979
79038173227
79122975317
79094361482
79106600005
79279375553
79630430266
79023131381
79028790959
79381480510
79925058315
79178076704
79022475430
79581991508
79895026007
79286656681
79114899547
79003528585
79039145779
79108739587
79533380096
79190164923
79291840519
79690492715
79004920580
79956279697
79006941932
79607155181
79622537528
79961743153
79042211510
79603583577
79285504116
79284317565
79515005889
79113877518
79235774276
79842986760
79037083966
79829243879
79164813435
79253029674
79613643653
79641510663
79787082448
79129824209
79208220669
79607569905
79649944565
79148545977
79242489372
79998108792
79080202889
79325335894
79502193865
79181207674
79228416320
79141843138
79773491605
79132485028
79835455597
79060769137
79678088422
79143122524
79282127604
79020429323
79205767275
79608889733
79539161339
79069602985
79054304228
79609532748
79612978433
79135078940
79104830984
79604441081
79231455223
79103958633
79069285451
79529309564
79644608772
79135296629
79621582261
79103200839
79057895050
79644782323
79627976946
79050446366
79236751164
79139037344
79518122111
79252254517
79065731724
79885559236
79785108013
79961688810
79601011206
79000425226
79818866875
79155765192
79051783743
79869770877
79329999292
79095061531
79996989536
79125773642
79509012744
79961869663
79528987871
79000459567
79181656086
79269002128
79043855468
79208169961
79122529106
79675019630
79537357759
79505566757
79504908944
79095178687
79655222253
79052409476
79920128148
79118615265
79899915841
79920079766
79538552515
79167104327
79689876439
79300902270
79191543550
79529559045
79672800292
79210676844
79088305290
79961855939
79964114028
79504299816
79833025560
79234456769
79502602574
79096889396
79502690929
79619626190
79093266196
79034732185
79012867018
79313317226
79202616152
79057001825
79138249605
79103871375
79102164954
79126227784
79607091571
79085518972
79061742700
79253355315
79237843294
79669719110
79028529211
79049684657
79216241297
79176194852
79102728807
79085729745
79950000447
79869286339
79209036388
79617778488
79538543823
79147778553
79104257015
79619870101
79041723864
79027876063
79501950695
79225299747
79202823802
79118850501
79048581658
79994435167
79186866806
79620546768
79129467075
79122374349
79502645235
79292289435
79166261650
79995182653
79951313555
79088003579
79080117424
79250366047
79207460607
79514262655
79296032832
79035222550
79089228996
79053953522
79186239151
79048926388
79307005665
79024156092
79097789515
79633201775
79821335271
79053947001
79631854335
79504142751
79114675015
79114774529
79859198094
79129269404
79033772547
79212704461
79288483412
79082248859
79236694913
79527647688
79520587628
79507854319
79781115404
79504923046
79181565613
79039293329
79001054675
79992552744
79612130110
79013406467
79034678772
79881358817
79097429511
79046593548
79213674516
79524394876
79195385638
79090994777
79207810512
79214641900
79787747091
79272796818
79374140002
79518500982
79045900736
79777077054
79515045819
79221862595
79047581983
79529098353
79509900324
79994452095
79012745423
79261490490
79308188785
79089666082
79200340896
79887610050
79501964256
79129855754
79995191440
79029767155
79501576051
79089380548
79040945309
79170375525
79925237077
79169055353
79017320460
79995395565
79114632079
79538114350
79054715736
79242989002
79506468460
79878982100
79004810131
79080256239
79069198970
79771281127
79233018579
79226200835
79284961930
79518301234
79209796918
79642208071
79998283333
79524186315
79123233235
79161082550
79126080631
79145203643
79174044335
79289387973
79631890154
79523153708
79232819228
79528085019
79208138013
79536245735
79519856084
79092560783
79773762303
79015370397
79121706706
79530495491
79923579290
79833249310
79527996463
79055871065
79887443355
79821531545
79102042824
79122567743
79233013719
79136196365
79061743865
79190530140
79252425373
79218566408
79179486290
79600763944
79525641587
79607265592
79288179352
79270641444
79892961707
79615246679
79517608359
79022528530
79046581016
79177636232
79772786463
79193009545
79209456685
79381768958
79131843817
79511555974
79608901502
79200466969
79116434590
79114859299
79653592187
79606951668
79506433418
79616933014
79823035815
79137208994
79087835483
79208098610
79964420085
79885432838
79251532737
79788784418
79282463008
79871145819
79263089574
79994459636
79261562922
79182720304
79185738362
79251951091
79230195393
79048963091
79145945518
79920246281
79020109017
79043742950
79631108720
79530134263
79965019392
79186624382
79831526977
79231041122
79231831106
79089091232
79030762299
79509588492
79183397546
79029298949
79005834914
79181626701
79191337485
79504012823
79046587274
79097374960
79233018361
79503688664
79089004254
79232701650
79088742526
79888726024
79039502437
79122260949
79121110839
79857865631
79122254964
79526172605
79957406720
79097946894
79614406063
79522306334
79817579951
79067857518
79096177847
79038413985
79652859660
79614890524
79044045207
79610680517
79044612453
79520272657
79610537051
79132337652
79169495326
79100583066
79659745781
79871038889
79144421132
79281553762
79195388335
79676452194
79696565959
79307029148
79776102542
79246333341
79996467297
79063209507
79222287588
79536114922
79003941945
79512271350
79614796050
79000378802
79510700177
79000470040
79195610459
79003103277
79023635932
79533894250
79853111686
79232787765
79225563145
79089178252
79623610610
79935133301
79049708870
79202025914
79275186708
79509648234
79150780284
79514772252
79521458895
79137757532
79041624556
79209079776
79384782387
79188500125
79515380875
79513612834
79157670190
79164642916
79102043823
79807545868
79509962683
79120077540
79529436850
79606407607
79785539077
79211070740
79282086694
79137011073
79527971889
79101781618
79775359097
79298180003
79538101861
79788104112
79136430140
79224732621
79787684231
79081183667
79884861578
79777154095
79775685088
79521121404
79013584621
79879197528
79082141610
79538203168
79991698084
79995701047
79138702614
79198488838
79265495490
79881334746
79195710777
79129228080
79026580316
79026501925
79103832063
79619840581
79234501611
79532953277
79045232399
79876205011
79224003369
79093837899
79616622863
79049565200
79024078616
79095429565
79082392319
79510805786
79513116546
79600755911
79149458555
79834660242
79610884078
79608747959
79616063082
79914325305
79606843500
79081282915
79625750272
79501395737
79788299727
79537590382
79093876757
79053946106
79101003068
79998255049
79510794481
79513129794
79178634472
79254760971
79871751681
79871358185
79501042621
79501175981
79875412577
79384345228
79508562711
79033975030
79244683777
79528030394
79225338471
79823665713
79000656902
79281906228
79183880154
79056186966
79504057713
79088230181
79080786053
79836031273
79049778293
79117795570
79041618756
79537931472
79234529727
79139900942
79094430647
79235770688
79582335587
79822552542
79067703344
79193047080
79657052307
79528180925
79525669622
79178612076
79227678094
79961604815
79786137889
79776383990
79183622574
79124074437
79000993552
79197422958
79823246300
79251565352
79004820274
79087241092
79183726582
79534705154
79515780046
79775299418
79209323083
79892282128
79525706914
79040611683
79991638460
79004318277
79143213124
79502923586
79089271845
79529241610
79644233049
79024437891
79095646412
79513495404
79776382529
79181389954
79525222717
79086046276
79290359767
79225596743
79029967668
79123436933
79528758590
79189566675
79615962156
79201114799
79196285873
79785572912
79184855719
79081004704
79028798277
79962638828
79157009366
79123845166
79149949870
79051658890
79000861279
79018646212
79609337144
79895384801
79200757510
79047570455
79088877732
79536150513
79831860657
79682683375
79526194343
79094607185
79002344708
79134882883
79994696947
79003553476
79028673795
79004310381
79614831917
79130374047
79528544617
79632734363
79680911035
79275388004
79897727202
79092659330
79029648640
79996241521
79624011231
79296421520
79995891799
79635390086
79137885673
79088606595
79519820247
79088620631
79895071970
79044753967
79040098229
79524586057
79883474288
79088568170
79139068237
79370916714
79207114771
79320500214
79889455181
79282920702
79026853584
79052427669
79065628094
79030758431
79288400251
79050726424
79175757378
79085177050
79883620678
79530045092
79049611973
79089278223
79626293052
79180837301
79534759741
79087312129
79852395263
79581905052
79322010102
79806305552
79234959661
79099082865
79004857908
79081056886
79600551324
79231585314
79029578234
79085115306
79515957191
79200074406
79133811660
79377717024
79049779040
79827401250
79524184244
79515858934
79519826849
79203877306
79960548451
79055123736
79263927630
79325334008
79235118710
79223748141
79391048006
79272576904
79600710674
79275535821
79005706226
79994649519
79538188087
79527451293
79375633970
79270618406
79923523185
79513940606
79194202714
79638633337
79788386339
79831516172
79510780956
79624072351
79202886529
79830035525
79520536125
79066644955
79284194119
79780373005
79051290289
79529105855
79145112577
79646500441
79514933758
79377166136
79803683440
79832779888
79991092039
79322070076
79064120119
79132957221
79503200681
79883879919
79615116066
79208060300
79535832053
79525544402
79961846302
79056049261
79111946964
79225562342
79048994939
79521782525
79026835817
79515831698
79883930815
79047833539
79672681419
79138710468
79023118568
79655132350
79080573889
79182469079
79503028701
79227130402
79053959395
79610615608
79628476391
79383348681
79055823142
79607709128
79089155943
79616219262
79048290722
79190494232
79028515256
79089576644
79526059677
79128500516
79538817716
79023265772
79385136821
79094477804
79829454097
79221151018
79135014415
79188736454
79282104484
79148172545
79040802527
79878492597
79885595253
79274617821
79965098814
79773498269
79180255653
79224233332
79324142449
79069878935
79123125572
79123236787
79867838365
79528362664
79899896768
79288206461
79011115523
79144448919
79263482606
79040927001
79604222909
79057701690
79138868373
79850203720
79513309465
79515969575
79514270522
79504023818
79324204171
79139084182
79288428487
79088804297
79139491259
79289058896
79064611605
79227250320
79505928027
79503027962
79274210843
79041687100
79232360642
79516061479
79140894204
79823622300
79963157370
79139393652
79619036548
79135354697
79069424121
79325314603
79018221446
79514146884
79147028479
79096144002
79286194518
79509519829
79122774243
79179551990
79501222894
79832973896
79507218801
79248229707
79193740679
79829011066
79048184011
79143002833
79294313699
79509949693
79930036130
79189081436
79788634722
79089171184
79081619593
79537635171
79183245244
79224894889
79517954563
79830511681
79609608468
79519915323
79059777123
79044492205
79880978789
79038731542
79089210369
79632695181
79883875496
79603244050
79528662403
79222375005
79041630592
79692007189
79148093828
79510859568
79088146379
79538956360
79053313820
79096906596
79048582867
79050660377
79606734375
79114751001
79004814163
79649482941
79039247670
79199369385
79788901601
79108318601
79144304221
79779151103
79045065040
79634587046
79044546258
79050623465
79200007589
79097785199
79039592728
79787688170
79607081929
79043919142
79235228184
79081256298
79273807420
79613555799
79052423776
79005688855
79220711550
79531138341
79131652211
79781860687
79509769343
79190509418
79199466696
79209477046
79180506945
79162021751
79040308124
79513162589
79995694073
79504281074
79080731611
79181240718
79186340860
79534953123
79953226218
79184278050
79231597450
79226148198
79537965119
79233799755
79094657033
79222002121
79994688118
79527392541
79022611285
79231511611
79166757367
79954166936
79528443397
79114699939
79527984190
79883388714
79134254632
79501844316
79530683205
79600473167
79144163020
79525708839
79539120579
79827200168
79235788463
79828243437
79616847128
79519149019
79519043874
79631955478
79527984588
79005628846
79787620839
79836141469
79616777846
79998041422
79049228785
79005620662
79831543219
79146048197
79303833252
79853896634
79120436702
79045401901
79047773826
79205381572
79200060033
79244166699
79531016991
79528162435
79050203476
79088679499
79617344167
79193539575
79230320484
79771192826
79123235238
79080477959
79114503475
79103007404
79199383337
79155232379
79130761697
79878553938
79528610302
79526988189
79523719384
79528625381
79045288419
79185276464
79652791626
79831841900
79040088846
79505513203
79250049085
79886058456
79869315944
79851316549
79068025216
79617714111
79130047971
79872753009
79536038618
79188762684
79536232783
79964693762
79151375112
79057969184
79033770956
79192278110
79506401604
79530470150
79187375596
79040974894
79877441093
79160540423
79963768732
79122224869
79087823431
79065600362
79520822865
79130730509
79896349325
79517615045
79518151469
79202348439
79266935144
79212951845
79831476261
79620753711
79630381857
79608140711
79194450143
79081766393
79826127595
79789420079
79026540563
79080589222
79040972172
79043979595
79099014128
79216959753
79530894543
79197219027
79836126239
79130446978
79209436662
79853507762
79226336566
79088883566
79607873680
79199348561
79226392333
79108760610
79524900693
79002020883
79964144052
79771166392
79287767001
79044933265
79130550194
79283485766
79236782211
79167771780
79202276043
79094360123
79651602686
79385161065
79290410308
79243800910
79778946324
79092004768
79033445050
79284112538
79604886983
79655860399
79081182664
79520528386
79281677726
79878591818
79538196668
79510826820
79536877042
79029620885
79020114466
79184617752
79601702127
79502149352
79010505061
79527187458
79089131433
79630320407
79059038387
79920303945
79834343204
79028273635
79135307679
79520893997
79517441135
79831220810
79517650227
79157048027
79237842104
79233148163
79502628700
79617663620
79062104459
79535833968
79530579140
79135088127
79114194796
79206395653
79198323916
79672326950
79513288988
79533026537
79080746496
79124029311
79298603500
79168024501
79772991875
79063329294
79990798959
79005823953
79834178510
79527936598
79000462589
79284200685
79107313132
79202032104
79965323720
79155645644
79513307066
79994435803
79235009809
79262495327
79283789805
79872826039
79535308357
79513185766
79120524421
79518244869
79510216346
79237846838
79516118038
79818973394
79898051437
