79851678010
79130059339
79618485854
79600694627
79898517460
79384389644
79288201188
79501408450
79529049179
79001269687
79832796205
79775051461
79140879906
79294884468
79534756603
79280413771
79377387882
79135949610
79209509861
79224143321
79102746465
79504489452
79024558607
79874717363
79030477501
79775027365
79514491386
79020507907
79069100814
79029748298
79502561902
79519815653
79611971524
79189420226
79182876052
79276763214
79127519733
79183931814
79898297935
79994469150
79289608937
79042593569
79891280564
79671060103
79507473727
79883218572
79892282425
79500714441
79912860966
79512024957
79089187848
79501705044
79000779911
79002076090
79583934525
79183790031
79268215997
79828189798
79120282891
79632915793
79146038066
79162261042
79822832145
79126609080
79044236409
79520570408
79307628953
79645203777
79997722585
79134939589
79538959799
79133297201
79998084679
79606911517
79037106457
79788595904
79289716462
79133030297
79325311787
79990352610
79127536713
79778932710
79954144064
79068974477
79006106458
79501721295
79960731334
79086160766
79786015046
79279474766
79270764514
79876237872
79389911030
79097859495
79952577206
79788300458
79128981458
79511909504
79878537404
79527917047
79099431083
79286921961
79210098588
79218537582
79233611832
79241811366
79374544959
79834648452
79191325364
79994475286
79198945344
79604282482
79821071273
79603835445
79531359835
79241431243
79634841952
79617902161
79296385447
79773695979
79092704712
79279571446
79277861087
79109398346
79165577535
79055117747
79508339779
79511972255
79852475465
79128736845
79610684491
79616593138
79154997203
79283151452
79772819468
79523413346
79064632313
79831834027
79130854922
79836106206
79230182292
79189119215
79620759479
79832109325
79954088200
79531857317
79514056335
79043636705
79278303352
79505757846
79876012671
79824035393
79124430504
79289252433
79198296935
79501714979
79033214513
79032224309
79149363070
79292667426
79528766132
79852383939
79376558955
79834277048
79887314846
79270005815
79994457470
79224865423
79309884929
79856343841
79533496786
79001055220
79634660605
79887684532
79048374669
79166440171
79647352307
79962196313
79199027174
79216122180
79965219691
79894537378
79992501575
79183107050
79176274427
79788195719
79131789210
79608309485
79383333270
79371316469
79315792707
79387877729
79145282899
79776260667
79043075999
79503156989
79509863677
79785128311
79803212250
79134703206
79643944349
79141266284
79682202988
79607842444
79682229128
79137640154
79137470604
79139893754
79529277967
79044048977
79916658147
79242813131
79228953793
79826679167
79131256201
79144935022
79997931707
79607105104
79930253371
79021602855
79148950395
79085731595
79514742741
79191252165
79000711710
79822839508
79227145990
79000930975
79085731880
79823647244
79930141502
79087064652
79237285640
79308142988
79191232375
79049771911
79507430498
79187770874
79060892728
79130379462
79124073585
79518027042
79822747054
79378717166
79507383558
79279628301
79028652656
79001210828
79228480424
79871462214
79509802298
79538323858
79204209629
79959286720
79123574992
79270080474
79228660725
79867765247
79199269544
79829313266
79260444834
79224739990
79829474886
79534244706
79120210021
79609007846
79641669772
79227104587
79178350295
79375595916
79143527010
79370999918
79206838061
79137353182
79206947890
79022581896
79201964133
79201692246
79157335569
79020953313
79113199292
79157325442
79157135007
79149484510
79109325606
79301596980
79963476878
79650121668
79265299564
79284045880
79789887553
79286677729
79676618762
79538502048
79855444993
79184034390
79892727636
79282838242
79181537790
79097889846
79897593979
79245768308
79885063632
79064073380
79183116543
79184080587
79528412610
79889577658
79065469395
79286612396
79673135539
79969596895
79521477249
79377300040
79126798572
79613899465
79135676631
79266616521
79061408948
79188794888
79267846385
79829158908
79059710284
79268719070
79261243080
79278239516
79047567538
79156076504
79870463381
79955408983
79854792571
79295222580
79180505289
79052481325
79507347799
79881749514
79658418913
79000839597
79222644448
79268842605
79616936629
79253044716
79826483188
79220050606
79199150744
79037070103
79516357935
79511545767
79266239712
79889155212
79968965607
79923349946
79523465572
79123247331
79511152355
79635484491
79086890226
79608604049
79852045121
79628228896
79275280837
79834301285
79120187819
79121175405
79133340896
79224187578
79043121252
79524048834
79819866653
79113240795
79954703591
79233600621
79620711615
79271566163
79508145878
79816988052
79616635637
79827760409
79183354990
79043169851
79507123613
79373689599
79603295116
79606891007
79127640811
79135214096
79884740918
79998081922
79043416822
79877019960
79627606504
79967487574
79871089975
79054461612
79283173345
79530857659
79233125756
79636996745
79157960182
79248858787
79621169511
79024442721
79279410428
79130029835
79137972386
79089564672
79994677079
79831239981
79033626909
79082321315
79221774570
79964089202
79822920663
79049369994
79285362478
79776619003
79324890757
79525269834
79823381656
79081117486
79181255547
79191117921
79676014581
79878554381
79878783297
79639058047
79137994944
79829134186
79042542251
79829693498
79029812063
79181269266
79128548757
79876571894
79511518758
79780245156
79958806895
79785234321
79524632929
79649157605
79105323675
79216037088
79829743584
79157140924
79183169273
79883502331
79141467043
79898262143
79181361913
79183417019
79307161714
79177872581
79185002444
79787447967
79892825426
79881530066
79186654269
79781137588
79186384834
79882812325
79128519905
79775406324
79114708258
79511719737
79965159730
79999793154
79696533237
79168705087
79507315680
79829672196
79629982697
79886005870
79170831182
79995881079
79537615580
79601646961
79119481854
79218530101
79533315381
79029629426
79788069795
79163569356
79887360351
79080176561
79097144341
79787871288
79199016361
79859542501
79030148575
79969783690
79652479633
79773805956
79994457931
79871932869
79788691171
79034356033
79144808624
79533839320
79370281697
79994567963
79088681775
79014541158
79509702555
79143083728
79629463725
79220064407
79029197480
79043939293
79500548713
79508902988
79020919143
79135286507
79280367759
79294815893
79897543336
79029756679
79639990851
79276318651
79165242543
79501562111
79602820885
79371864049
79996230137
79827941011
79892766736
79041723528
79199802040
79888992006
79624263302
79186215462
79826083990
79080613193
79509101595
79277601047
79524345797
79152898407
79912279181
79372057070
79210490045
79537850062
79182380203
79965154047
79166044253
79144690901
79243825965
79245077980
79245006860
79148043003
79235765358
79233069452
79294855120
79135198460
79050736493
79785139612
79137232563
79139183529
79821207807
79137801393
79145213270
79535958693
79233097071
79208318387
79677367442
79124733903
79123174358
79519757406
79995819497
79069159890
79193335071
79193281426
79101452619
79174664747
79534560200
79242960466
79835740057
79228176808
79827765200
79040890657
79198528962
79377416876
79083244565
79157183683
79186529457
79273287887
79184313003
79186268252
79034361383
79177611850
79892647099
79858160162
79184008821
79002850163
79232754354
79295088860
79604711389
79501504898
79184521726
79038763076
79869741807
79181253970
79181827070
79831715161
79509717028
79898035430
79781690857
79817010091
79184646633
79278555091
79180446872
79180853640
79045255309
79183566488
79180648483
79180115439
79131377214
79080725220
79181615002
79186580015
79965812653
79136910019
79608077752
79093104009
79124749871
79107983598
79180910789
79108870609
79510765637
79000600316
79520631778
79644339480
79186223586
79517881521
79213072708
79376026642
79002525824
79508716924
79787123899
79270690673
79780348654
79161996965
79969128634
79137060799
79131722622
79010313630
79309146429
79535952120
79105275253
79116261465
79821359610
79273439407
79080215816
79887426058
79082152109
79899070140
79177791066
79200845752
79233791757
79276772070
79527066599
79080444796
79053595421
79017494164
79196038492
79823305624
79145167058
79536842043
79183808585
79125191779
79053685459
79781640771
79045797394
79831630180
79128133656
79155639660
79511789965
79221472210
79062878576
79521656315
79873481016
79969364226
79505061008
79080893374
79164895263
79517889205
79535610795
79224266072
79206221221
79962382418
79095603978
79273206277
79220818482
79836189540
79511586736
79867206654
79177415339
79144303899
79604053111
79788267163
79088871315
79135810084
79521170601
79922086515
79247667444
79040362851
79279265558
79535298491
79878927039
79116129858
79153284670
79520618807
79524048219
79172485130
79507808170
79086977563
79129855489
79507045763
79004342648
79965147130
79044777443
79205708577
79324361614
79525194046
79136654390
79185472497
79628122659
79144836483
79301806727
79183211383
79056968786
79312119190
79821260308
79324076060
79087969788
79174690555
79627464083
79279683500
79081301649
79529257848
79780690656
79513734423
79524352100
79532600791
79233590230
79123736125
79520573421
79155158102
79242745632
79222175853
79535185148
79955533480
79173876734
79519528431
79145022985
79832920194
79538182295
79509906263
79687616493
79144794923
79867177431
79243866299
79233305930
79176197164
79608032716
79021383701
79286696837
79143639332
79523045369
79093390197
79640091909
79138447973
79297047239
79535184249
79508312065
79288109829
79000108037
79229031282
79773853586
79275099909
79966354273
79049761312
79228511626
79228449722
79874927428
79953454407
79615318038
79037682225
79604244864
79277191498
79650454773
79997897737
79875383334
79243817273
79960219370
79621202131
79122975317
79538532101
79961367097
79141202952
79247562656
79233105007
79378409056
79137356186
79235406341
79872405889
79228177955
79235750160
79627359539
79244710236
79144664983
79867929066
79233281647
79995840266
79034553724
79871415366
79586705299
79143532965
79194091950
79530605449
79658285442
79373529839
79516634685
79136910147
79877985054
79129297349
79501858460
79831731165
79827039863
79044295833
79018965960
79018922309
79189560357
79603604842
79043526405
79966412033
79644657217
79044147910
79282642101
79954120680
79658273928
79889900203
79834558423
79889650445
79875876061
79148011323
79158246913
79143526008
79600148700
79771873629
79832416575
79200230927
79611429806
79190573049
79084781731
79285098484
79157368235
79040100964
79139388185
79088754123
79043523534
79187668869
79520905910
79040180725
79113073451
79260777240
79050873179
79161421420
79220221988
79200125531
79285319744
79022815019
79157278585
79771730669
79641743757
79002466638
79996061565
79182750319
79184067296
79135799856
79232758635
79882537440
79874862584
79883695531
79874863030
79885256750
79002811718
79671367441
79270672787
79994457202
79516089237
79180893733
79385009353
79278007506
79677019886
79084703003
79014138812
79263930080
79787147768
79038186126
79038865500
79508966639
79141444594
79648628402
79279489117
79787204228
79271024246
79511506548
79027584027
79145166352
79270851958
79895269027
79144314486
79141410652
79822603128
79186710357
79535292852
79282254574
79040933010
79528518064
79773515573
79278164973
79143229607
79512970875
79606250417
79189872595
79611969313
79248193585
79511455898
79600294636
79788741670
79534283780
79016726016
79086066170
79192116236
79609694990
79144330006
79372937633
79101404810
79027889774
79307162818
79787538097
79288413726
79511431144
79610797990
79141458017
79144844809
79610934488
79955541949
79143590155
79505059618
79824069491
79916514020
79014264171
79064718174
79779698583
79827735483
79145153638
79044915772
79187507715
79963215640
79123847811
79996470761
79530603797
79881799934
79828146477
79814628655
79509874215
79275505064
79234757175
79103268716
79826444090
79514058399
79139223472
79658190650
79038736028
79231200193
79065740618
79686224709
79202877648
79211697783
79609061416
79217806523
79534633423
79130357387
79991050117
79505957171
79090697117
79508804683
79962908524
79522971108
79194362511
79513886738
79232030304
79017675215
79215782255
79012207982
79920091816
79302842666
79787339862
79613552356
79510744967
79002727715
79375571101
79646148001
79064493766
79108654093
79646841261
79524902802
79787189346
79218468020
79508734135
79081912129
79616772957
79040991312
79004355141
79243879790
79145509428
79144805754
79994109898
79232673326
79243738309
79821146355
79139840927
79130011885
79500995051
79930198315
79925106285
79142513527
79085744495
79191106324
79016609979
79031183310
79080536242
79822820731
79517947780
79284432275
79774710937
79514199517
79511100728
79000999948
79049650058
79000991361
79048007815
79193198312
79525223270
79514773108
79507285306
79525077031
79514421222
79000693238
79205159396
79080479384
79243786150
79000684615
79962321141
79823180493
79049734164
79824162324
79511194078
79161717535
79244539329
79871559997
79025777309
79173097844
79284751584
79093379586
79514645854
79118914013
79169330575
79629781923
79992451953
79778805114
79189625996
79159484423
79103853330
79266418685
79233349945
79173864840
79274010812
79535874003
79122190502
79852344667
79135841694
79182416598
79174629133
79157407990
79505778435
79191145049
79655499808
79504778274
79095577859
79397030770
79257874112
79880739959
79210069644
79096101009
79101432240
79509773439
79048894344
79127979086
79520580224
79526661265
79385008003
79141365017
79234775760
79114657831
79504391858
79514444932
79063006613
79814569163
79087915802
79874595129
79110742999
79130023675
79114517554
79157229147
79114858093
79251756042
79913006479
79081692548
79508771576
79996386810
79298012178
79850979022
79166395869
79080650034
79788752782
79003465125
79000773918
79044064208
79144922027
79289035856
79381181760
79518160612
79293553611
79818626783
79264286514
79195642614
79649982294
79199499037
79631612204
79537923394
79207545364
79144904092
79199327750
79144873548
79823184320
79829191212
79969592315
79527922917
79140541885
79829870058
79834344051
79276535065
79632652172
79144609694
79148066030
79132940924
79144900989
79924209798
79534476050
79209682360
79613106111
79130704001
79505806522
79532500288
79133294651
79081893468
79096009136
79606845474
79200041920
79209623022
79383314434
79376493774
79051567461
79517691690
79038015799
79875073270
79616634746
79639847833
79275084497
79207897069
79028825284
79995365386
79021215902
79000576152
79614906469
79171753258
79644899467
79602262625
79374473950
79953424317
79527949339
79619119060
79539535966
79081311572
79913549597
79897601719
79884711577
79149147615
79044227552
79656370508
79038050816
79128445054
79245170166
79814590156
79243826213
79996248347
79637046751
79062307575
79858891881
79141229577
79143721758
79147733673
79990848531
79181918605
79144633102
79963132281
79243873967
79005642699
79510023776
79045724547
79043739803
79026797419
79834475122
79832997898
79139451927
79139497468
79994515968
79994435803
79955507361
79025539452
79095494145
79136684198
79514746242
79520802782
79177494274
79510364893
79183131590
79824898382
79194626979
79836922661
79235355479
79372025732
79175199239
79876389177
79873480577
79585110601
79028635103
79138492750
79506245074
79785247437
79520595553
79094388833
79880694051
79178607703
79785922434
79211084838
79393124731
79189656000
79890874348
79997448304
79183295629
79786369055
79889515939
79180387201
79509564594
79202984211
79883113702
79892681877
79165360762
79183816188
79385075002
79097622486
79027528747
79297905566
79266650045
79658568545
79384414022
79616218364
79650469116
79875023865
79183415768
79181235695
79080678380
79146942902
79049616514
79106557108
79154086062
79655143825
79788389391
79089556017
79888568786
79179801400
79678008787
79872605507
79233170750
79619109990
79040554651
79195966118
79875844007
79168836482
79040008457
79197404415
79054981570
79194892550
79197377932
79034134803
79279171145
79613156880
79068835417
79197150242
79521176103
79630760143
79138358487
79606393735
79516036253
79516053356
79302715997
79209479287
79119443090
79082758703
79233200925
79271412686
79634061528
79193079264
79194556877
79043567709
79221157889
79061780566
79300375381
79193953389
79676667733
79218700405
79056191069
79500761270
79197580314
79050209745
79195750075
79513093365
79523154539
79533888170
79923038797
79126765340
79115782823
79521079427
79530092080
79113118483
79029833807
79878751117
79145145601
79192448737
79524231000
79518616378
79145074993
79829332065
79140916052
79534225484
79802668001
79149867909
79317000944
79058658953
79504019511
79272799889
79183168896
79273881090
79107371063
79687274260
79634239685
79304053164
79004830936
79250578181
79513099608
79141480801
79520550844
79771343278
79266281757
79134915288
79290012600
79185482699
79201633132
79511213376
79829161092
79232948101
79656188962
79054569527
79604840563
79835769879
79831642953
79232885183
79049553502
79805461269
79534398978
79212270243
79271396073
79086336057
79814693710
79156997602
79048433681
79504148811
79000904381
79279191417
79997304491
79538215284
79157385503
79003104309
79046520727
79082843848
79163090977
79245041022
79281988061
79520630114
79020475450
79504217522
79377499337
79135769152
79145147588
79048891122
79501163673
79059054959
79137742975
79000215287
79137149975
79150867296
79231742505
79833015923
79235098705
79871581257
79136995391
79195877855
79536090824
79994435941
79080151065
79870986663
79831437875
79195863636
79241909114
79084763821
79307480115
79069147492
79333355330
79041625088
79193305391
79506523737
79898550278
79181824181
79180173819
79250427903
79204475407
79811228450
79624532310
79090290907
79529748774
79997739011
79174628527
79201747892
79644527517
79940146588
79611939577
79040332208
79190554246
79114215006
79333370705
79883677608
79293385836
79089556576
79612627020
79040997118
79010553172
79001030778
79539658352
79157796143
79959865210
79005783043
79043088757
79302905009
79199488401
79190508896
79028344823
79852229667
79785726792
79614951411
79827075770
79526735244
79140916492
79011797653
79663633553
79080078052
79280110200
79615013290
79994474110
79034443135
79047576577
79114576916
79511486285
79175004398
79829052622
79001187637
79233162662
79508909989
79510811034
79829800509
79104799899
79516325792
79128069064
79040985200
79834351030
79620811199
79123914576
79025347834
79209108280
79011193390
79143586008
79881794206
79155655850
79204319055
79144827043
79964694053
79134397556
79996000979
79805575641
79243760618
79247747161
79782619172
79000337683
79086636288
79205626445
79144804259
79233335758
79512972700
79606220522
79787738791
79785710938
79021748475
79835376637
79607523493
79994578332
79004747645
79062307860
79814692802
79585095082
79251251312
79304153802
79822208482
79616568322
79228341128
79516347852
79961789529
79771014731
79123472497
79513217762
79049278324
79163170775
79676725802
79030533289
79524456759
79154873974
79081523418
79009408606
79370281555
79511517860
79190016514
79524896004
79779874203
79272629784
79200652713
79773948626
79657065776
79506370845
79527367928
79676344118
79265684525
79503921128
79965146353
79537814297
79247793800
79969365298
79942607150
79130354251
79003796041
79149851418
79265762771
79135246758
79371606482
79236682478
79509705939
79199829313
79052060875
79242184969
79233372414
79958506581
79526877415
79328626700
79527253363
79194550788
79157431600
79118840234
79049224615
79996101841
79145074481
79046801027
79065967571
79184865398
79527980015
79500961289
79773110331
79184939731
79282827734
79286016411
79044355356
79044368299
79956959794
79044174933
79831469048
79180847343
79126067425
79391060151
79210431998
79133708388
79221235310
79510733155
79991628328
79167303366
79048695917
79117326039
79135614399
79101494171
79527637393
79527741405
79275733203
79991101551
79246920839
79114316314
79121550968
79210085223
79039240299
79066914376
79173150116
79521375414
79772937448
79655829880
79040219973
79889260896
79533738864
79043881013
79061716630
79842728678
79516713320
79811270871
79630515088
79585927550
79515286593
79827789051
79255259187
79996156780
79174390872
79009422941
79029923330
79224708157
79045103266
79199215061
79059980886
79107756279
79826675031
79512969994
79533050101
79524372900
79511482278
79538888366
79044974504
79222625667
79606260303
79960664245
79251682919
79160832020
79619164708
79779553643
79109353325
79605340723
79005114581
79167518050
79004697704
79819641817
79232294516
79806349422
79151043954
79082204373
79021651755
79620269447
79081258212
79788367430
79044629630
79060678171
79274528698
79964415800
79821332227
79059054254
79233743104
79606868941
79260489693
79051466988
79850515100
79856468675
79503955556
79031127554
79654542535
79026303378
79022853609
79032209067
79520238315
79533019779
79271073355
79157137219
79532619149
79228892366
79155163745
79613109969
79021927914
79771618188
79533280013
79504803936
79044263020
79162504927
79095576221
79231115038
79671443402
79520583082
79210793531
79611482682
79642907247
79247727729
79141450135
79080692545
79105851858
79680335058
79186884468
79261899491
79021353259
79539613820
79377961753
79144679883
79029209408
79516286758
79841714314
79263633893
79021911511
79841773812
79990836819
79141876091
79969366880
79502656001
79199483493
79146354264
79509822778
79676027737
79500240004
79130085519
79130652653
79914393880
79029781697
79271247233
79139253756
79504268793
79135368831
79233626353
79237740609
79283736463
79136031227
79088045258
79960749906
79066436654
79990575823
79823054545
79242402421
79815637291
79085845334
79777078105
79514435421
79068122382
79128040765
79085716892
79222310477
79080826515
79000848322
79097648401
79526517671
79922239218
79822340488
79170395235
79272947177
79109366665
79233121685
79963118499
79279886190
79278334400
79272705195
79539814757
79021285198
79027089293
79278171097
79877730486
79228366443
79993434083
79829872600
79123896905
79245092558
79827186020
79183959235
79771737825
79624999710
79186993361
79220483006
79195445679
79109304736
79056481305
79535815252
79149806060
79275209920
79157339907
79215717732
79969220483
79192196368
79872916897
79172998689
79643022525
79514479234
79022747320
79143904159
79393790527
79526749145
79201262297
79520378897
79774253779
79962790404
79531900468
79081950455
79233482470
79200471234
79506177291
79920286531
79248624504
79012112888
79655779933
79829664048
79136925087
79273884862
79273777518
79085240708
79867331643
79146173181
79064675667
79292482946
79141240275
79823268765
79878267353
79141390764
79029110163
79379643434
79603948187
79625275775
79098462784
79775496517
79513517966
79205780353
79521593770
79004328792
79887052586
79288202147
79118768216
79106133608
79283048095
79180026660
79112464315
79148554919
79218683757
79374020509
79779476813
79260206883
79161211290
79014140713
79538834725
79148730991
79222614835
79262586656
79656067793
79021535314
79224890094
79852389085
79199449331
79530613892
79827855101
79829825025
79044941234
79224715352
79960450448
79642921434
79224861174
79534352830
79026522486
79207926415
79275822824
79171738991
79504132322
79047156276
79144379853
79002036939
79126012145
79920171134
79994976321
79829805953
79044765866
79526841133
79149878479
79210306380
79532612807
79019969412
79143585643
79517810700
79025351647
79194381784
79996280687
79213048462
79006721005
79144511825
79058931397
79267630863
79829621102
79141381556
79523885561
79506115158
79779001872
79139953145
79333367386
79867468790
79384037284
79386503071
79616425434
79056721698
79049118107
79021649372
79407155954
79041783623
79537380126
79506154721
79089287635
79086051476
79375507542
79094281811
79299266307
79998383645
79521478117
79122716561
79114732859
79955502123
79663515099
79539591006
79506515833
79188606835
79601294841
79044443754
79885292588
79857934343
79997982031
79507413730
79054499071
79149827797
79631619663
79990821607
79242142184
79148894219
79834238653
79967425032
79144762053
79080251903
79133702604
79233369284
79994433713
79144936098
79208814177
79206754571
79923366717
79193462988
79822853892
79962335268
79026518660
79892488621
79122418161
79826364536
79223345101
79223836091
79520530373
79824858684
79824394729
79527448879
79588426510
79278320500
79513195985
79144853830
79995475006
79324828202
79184564254
79286628707
79384214821
79116149145
79181677980
79182348714
79370204205
79280896569
79157087295
79375581888
79157201918
79178562326
79268934909
79172338278
79172522600
79178978749
79393442389
79393149133
79376220745
79538394882
79107902480
79605168742
79200484643
79379141407
79374335576
79619769071
79292650750
79152743473
79533899589
79513868539
79193943393
79506414049
79122703345
79173147737
79199269709
79018042994
79199388909
79088677897
79086072828
79201247015
79923335343
79041698303
79506406191
79775197592
79015108168
79883334795
79041348800
79214472811
79285330220
79048921488
79169448946
79081990855
79889970395
79021621115
79062294878
79123984529
79322538331
79031168040
79009383224
79511714551
79211670300
79113268823
79113407201
79058886422
79527278676
79873587354
79787628715
79620687209
79272829885
79227885922
79176079278
79069829953
79506562233
79114449793
79136494728
79207678454
79525515282
79020139481
79202541782
79118987007
79887152403
79234600682
79243685537
79275434454
79034431517
79092146140
79324324889
79085757518
79233828982
79020145536
79134022578
79203811049
79039075978
79659236874
79787675280
79082872973
79048179245
79228056660
79952671457
79200484858
79045005685
79190468560
79789718340
79835773171
79041855009
79045263878
79371508871
79521722582
79068195794
79534183491
79225976975
79042018740
79526253236
79527883192
79674143938
79505613603
79612934521
79236300071
79507929931
79184739473
79530638372
79511320405
79279416911
79049624399
79892470065
79776153994
79872660430
79087074301
79129716893
79198173192
79243536110
79179088707
79502846312
79514143502
79528128339
79536070254
79133353175
79529971729
79292000622
79029264159
79831460166
79283667053
79829046605
79235737065
79088601809
79040042500
79056066071
79146265938
79535991547
79094738464
79525894834
79009943423
79532804253
79875365220
79530482334
79131359848
79039205529
79522910226
79519894917
79371150032
79823878677
79208142204
79126515444
79511270776
79025021632
79789280605
79508972033
79504140058
79157043312
79994103424
79041723532
79506422442
79175858694
79233548290
79146360334
79081395611
79081253027
79891976813
79833334869
79806332468
79245558650
79614669294
79231898136
79108487991
79155462018
79889229851
79091467115
79276160735
79155975923
79834377207
79224380302
79533839699
79081756766
79534163299
79513365693
79673049737
79094281258
79171184818
79044020424
79081601874
79511451040
79017613363
79534378780
79113116148
79121048136
79323206766
79525523710
79997838071
79642951135
79190558704
79788191690
79507489900
79182890122
79521477184
79966408505
79190882127
79129088338
79829035681
79088916966
79254522631
79371021557
79141322866
79086444015
79659765955
79832017784
79137325159
79109836755
79538645613
79086499698
79133749083
79134556837
79232522146
79964278315
79292657470
79138345032
79333272133
79193560215
79193094472
79231003100
79186470955
79957687054
79157314708
79787736865
79951250057
79385066555
79000618786
79228525533
79181084885
79679611654
79061717012
79877880529
79157142644
79021815412
79779283480
79181355657
79510266966
79284324027
79045972395
79280324405
79228771456
79181007890
79182623597
79186854401
79633920934
79195428769
79876468658
79501133876
79963122167
79963579459
79642998421
79876413110
79638552762
79003075440
79603660002
79503367381
79533591160
79144632102
79145295241
79787207469
79606992660
79789259808
79500121672
79000212355
79174648281
79256602406
79207204244
79023657525
79069021200
79501973552
79140536720
79101027620
79506191876
79650101470
79045307793
79270570080
79281887842
79290461900
79788243828
79235782330
79040890051
79871302111
79135460599
79776635235
79829049982
79029669672
79220044091
79135908684
79115925480
79881751828
79144496446
79068826330
79197987641
79964728619
79102282309
79962103181
79997239785
79253202089
79302232706
79204643981
79221114415
79789160500
79023988185
79183627287
79120414976
79153823669
79836308317
79994559242
79217778890
79649970716
79252041513
79505663518
79513028033
79080633964
79271004441
79122033320
79912457262
79286434700
79779247229
79776794738
79527306795
79509259287
79122708717
79658904937
79243736353
79151521561
79962619388
79251649004
79308682555
79781638048
79049959916
79378944944
79009075744
79688156323
79822239615
79510993357
79536025295
79191072687
79911914538
79511306246
79087510732
79276001096
79321171719
79826395224
79530519954
79898310152
79517238055
79040867554
79511198122
79061232227
79518773827
79150860218
79081229486
79536422981
79059885392
79093444023
79056792794
79824897107
79776607002
79651101005
79121073496
79111417981
79040925647
79111111111
79152789909
79022761385
79771384361
79110998337
79923050466
79126535767
79042567038
79046049836
79993732388
79140609534
79161468275
79950903625
79219956073
79515994677
79092025404
79962316988
79307458387
79785638979
79124082550
79241096603
79279361888
79869465584
79048981078
79276430125
79502000758
79640815111
79047771485
79181595238
79194596040
79277413490
79526759957
79827750948
79002537826
79951703019
79659364368
79036192977
79182727691
79086916493
79180669122
79897526278
79095069343
79035916051
79182649292
79002895935
79184827219
79996549505
79183496748
79144323988
79833614497
79175637888
79015356263
79655359014
79292130670
79883979316
79324769417
79829855889
79025033079
79324701099
79044084145
79044205010
79044744546
79147146489
79954073067
79963564584
79787029230
79044075223
79818256811
79016886058
79625357085
79023836451
79199523102
79524705700
79126099193
79167885550
79147127651
79157214308
79998208630
79633326982
79829345526
79017506657
79003482795
79829872941
79024230106
79114801225
79892442135
79199419570
79775728102
79895255247
79897013020
79146451873
79081809198
79515688115
79518728113
79113696351
79107366669
79140354785
79522631317
79816873384
79186576355
79600873723
79181922277
79050338558
79048577402
79616491606
79376397158
79085446518
79033839506
79085410903
79823427531
79960214297
79614407121
79836362953
79534064755
79083486495
79172522755
79058023463
79534038718
79221122008
79613520858
79827688121
79097396990
79158846093
79823660324
79922261621
79800350734
79089201381
79264555306
79638957773
79676327446
79638958341
79677335002
79512067302
79512121918
79508257835
79511922102
79135242237
79530436625
79006474322
79537368259
79113263463
79292607404
79375435994
79081929213
79789414500
79187663896
79829656438
79832941801
79103018677
79093775164
79965926552
79180852080
79082106821
79608071048
79093283735
79954048332
79515738513
79961009768
79780819269
79507794041
79232229025
79144363555
79834242996
79126126699
79217992214
79058037257
79501938386
79608448372
79135263294
79607250560
79063339928
79261659491
79131952422
79507272092
79149854272
79052405597
79143861136
79105687505
79029182400
79529586931
79511530758
79220439866
79518108021
79082102829
79681212924
79532953746
79631126366
79118825379
79780179323
79061457373
79229132744
79049789439
79176584897
79304189909
79607421440
79525656130
79646818338
79101876520
79506311074
79836100694
79259912153
79234615559
79113384378
79801493866
79097420014
79321296164
79041600300
79002008830
79852238944
79048925866
79513367215
79053242167
79145404748
79990849460
79146915240
79024808591
79029600125
79832017427
79240002051
79832607183
79815563334
79243488245
79964288042
79082239280
79834124193
79029299782
79246523550
79048952290
79037622204
79086357611
79835622373
79514280419
79040785236
79081024068
79509587910
79006750836
79046241871
79139380863
79278811768
79041114838
79059757528
79141218911
79170337391
79000953454
79191206314
79538602680
79517845579
79128416414
79049753798
79222560370
79080877722
79000606078
79084915188
79089383111
79514537250
79088236236
79028966169
79823051290
79194307051
79045495281
79616762766
79020014474
79121527813
79176268746
79191185223
79225335322
79878663995
79600379007
79228917587
79991706259
79125999003
79881159633
79184702749
79670074555
79231487923
79516376998
79504016249
79878017414
79826091690
79922246632
79089147769
79193692117
79086336994
79222291270
79321218216
79502025387
79823409950
79887908524
79144602881
79082410385
79642135121
79383322262
79625009228
79063054442
79998590414
79857304015
79114533131
79805378748
79067890078
79009382902
79508237737
79119105515
79381666698
79633916957
79998702156
79339334251
79063620344
79216725094
79122677938
79328637414
79393084441
79175488072
79237111356
79172560160
79044923299
79172665816
79829344700
79109661290
79082650425
79829155914
79198584141
79997992385
79256297499
79128552355
79510189923
79655764215
79005809696
79127558252
79157770051
79501302184
79084744417
79996786367
79124519619
79995658079
79530482925
79656915293
79244281398
79913959036
79998094687
79834512173
79375567265
79996863186
79776194974
79610299887
79515931878
79859050652
79787224037
79853617307
79000981008
79123894942
79514473260
79298194015
79283353877
79781471085
79021962614
79670864828
79002156005
79777877280
79773037479
79776230830
79324774328
79507982987
79530048283
79122678696
79961822946
79124244788
79087398099
79850072308
79853595951
79520903953
79655398666
79778328935
79092919141
79778509626
79277324496
79788772130
79775371891
79207586728
79150976777
79113563536
79250567114
79852490145
79620090272
79651881927
79296618636
79685872909
79606942499
79515502844
79688662414
79502022847
79251895535
79373157749
79024427762
79126917729
79774391228
79529513523
79144455960
79516263862
79087776887
79832085036
79248157543
79680740240
79627780710
79776690580
79624234943
79028632375
79209477365
79615913470
79026116445
79636877784
79064773327
79600683856
79618858300
79040753590
79135576046
79688759102
79501645108
79886887140
79199491453
79126863290
79776471761
79221480282
79504723742
79624776829
79118625106
79021320279
79235844618
79779660485
79143559339
79373258816
79219883239
79037539383
79500253705
79217864082
79252925694
79614938995
79877054670
79001053629
79134891180
79515164797
79683606525
79120521343
79066362648
79616662068
79827034041
79530091901
79080218303
79041789616
79041279994
79658056777
79991149408
79247146648
79279471223
79216768816
79045063044
79040635980
79525156769
79821865952
79826605008
79049121444
79608822322
79293692507
79110676183
79224498840
79082054403
79145556574
79134971145
79536542892
79163618727
79082456433
79533863345
79053108984
79826314186
79018587613
79777292411
79998184858
79052231388
79080623090
79069312409
79960142303
79094094025
79184996734
79641826601
79028766776
79102798030
79044564657
79788873970
79920205221
79628743999
79024215352
79507173275
79966224879
79634417705
79122351050
79115623049
79519914407
79003058029
79954402153
79507667018
79038653494
79600244756
79153220783
79534639820
79068019266
79060774823
79214538696
79157660680
79991060616
79165467390
79602778638
79995139171
79191184182
79025763935
79035633505
79189991070
79137472773
79049307697
79067731833
79089179492
79116765730
79624563816
79032375222
79803786777
79053683208
79205691368
79507729455
79785799650
79101964274
79046061613
79507192884
79818722125
79507184257
79116538690
79176457326
79116506952
79524765245
79000219597
79037568455
79326139338
79020415161
79048202458
79116538589
79127636658
79870724403
79516813592
79190281031
79217511060
79087143176
79132018629
79166122833
79650025222
79044999072
79193977908
79163459633
79269659929
79616615078
79045965360
79087229368
79146745292
79621002999
79040634918
79777854325
79631897858
79002079708
79233144471
79539510688
79181270735
79085883684
79511386294
79204556694
79118842072
79147266715
79103424993
79182642348
79127054880
79507537716
79818283059
79826619238
79040952906
79527491784
79050838772
79144450819
79084900210
79110662894
79527287883
79959286242
79131558297
79655048824
79228166510
79827520711
79089144183
79652584097
79068095371
79145111061
79996037038
79151120807
79087838752
79601077400
79610788684
79933851078
79538689059
79256548978
79188661069
79048899316
79659258086
79183549785
79614186002
79053971528
79961641824
79272638417
79894614118
79278168996
79100084965
79056808824
79182980814
79288161000
79538143368
79140417393
79186315871
79773870615
79963478817
79506792054
79180482582
79308729503
79685748176
79144332105
79022819333
79252785158
79141208483
79617757630
79012859497
79851004136
79513179028
79787637018
79308319249
79015263948
79850755680
79651619205
79067441136
79145023224
79600015863
79614713176
79536080222
79960229777
79055474917
79064041169
79519790858
79514721603
79877148240
79278161688
79836151004
79281737469
380713723385
79526798244
79277182771
79236372738
79373067639
79113644381
79129466598
79066016381
79670067795
79126169542
79778521718
79275222551
79771354438
79297065833
79372581816
79020938957
79508952379
79190080193
79156203568
79304398312
79643540832
79186633423
79321264002
79193523433
79081437576
79002836706
79502509364
79283730155
79284378576
79506503778
79275419585
79293570037
79607521995
79130031903
79001978285
79173418067
79290644826
79004319788
79080635580
79506117108
79110125809
79066322063
79131230495
79054605850
79233624024
79281017207
79869386816
79263898180
79525875895
79256202476
79674554900
79826710261
79823400102
79188474054
79377803969
79046040363
79222100466
79140042641
79251347734
79254688161
79225543363
79130598464
79134609045
79539055003
79603900020
79507625308
79275012551
79014332230
79372503786
79030393545
79527406254
79227332972
79829025553
79920119216
79655037295
79199553848
79684938525
79089196669
79995491047
79923014896
79123954043
79199397480
79089290154
79088715094
79126547998
79993434313
79048732229
79829726035
79203593022
79511348433
79300766588
79180123809
79134944030
79529340490
79533031780
79018570884
79088831525
79122017104
79617643383
79101666156
79160864955
79144420017
79186338245
79538883325
79028507893
79620035542
79609165349
79515132546
79537746593
79500553723
79245120441
79616893142
79835751436
79511226081
79044888769
79289189778
79134415430
79144522939
79371492118
79174743608
79243865103
79505896150
79533986714
79964276467
79172189014
79144688920
79244547748
79085419459
79082152797
79228884901
79661703180
79783135264
79506787124
79624096677
79871081309
79610889561
79006265060
79512137790
79108311834
79196096046
79108548059
79622380577
79677334179
79264601604
79656623752
79280954327
79373221068
79225338760
79525968610
79611712567
79206364707
79216053434
79506274126
79333367764
79064418616
79144745507
79247548236
79233201356
79505835794
79243839020
79631402275
79603808610
79637662174
79600248337
79250825600
79132631309
79836397005
79036818068
79270660929
79525022866
79632676924
79639431270
79600209939
79514733230
79611460918
79600522101
79831198205
79504189144
79824645550
79624102634
79659440116
79504381481
79500674646
79878830795
79161914990
79371617765
79527331454
79083228049
79170405995
79130597080
79833755745
79134595510
79650786885
79186889977
79001303689
79507089417
79045911677
79508924767
79507301547
79180287210
79087082348
79140522793
79185980971
79525762823
79189961739
79869716851
79881871219
79149033981
79324787120
79156246699
79530533536
79277578111
79513321474
79273733788
79139375264
79963049636
79376228223
79537438575
79777957044
79060162687
79002258332
79218150356
79089080891
79281372406
79190034410
79086053584
79275965929
79242737743
79889368023
79002833024
79025020681
79002165917
79045488329
79827558846
79776749631
79829423556
79141408515
79066029069
79272223186
79920280309
79501903994
79829075937
79089014854
79041462909
79373321445
79002118542
79143673963
79086375798
79080352006
79189805082
79511021494
79222222694
79829404280
79113848337
79271424150
79145242234
79537268121
79773654416
79041368625
79148027008
79102285691
79375354143
79154681259
79114801290
79836930329
79539412455
79265657993
79504055851
79612633867
79159715349
79054132372
79210815632
79875311706
79516044199
79829069857
79377225874
79081424925
79333221552
79141452996
79323230059
79199580454
79506591520
79773287189
79028185251
79527396191
79090093096
79626614332
79277491534
79157231428
79260398111
79014708858
79964019805
79880775300
79604811398
79041673512
79108253467
79515522859
79170158591
79191451741
79627623521
79219092027
79042544408
79962381496
79681546218
79640296299
79011783102
79114496466
79106378548
79009707903
79009686099
79776474995
79243960273
79143652757
79241941367
79242953598
79644062500
79288464313
79091642082
79233799755
79603898416
79962770962
79088685648
79529117293
79134940840
79235370606
79538798909
79016821716
79503860398
79080247018
79249955087
79173670382
79114664673
79064085004
79144828124
79144468282
79057435635
79501915359
79963114665
79224787645
79193233966
79963899500
79054182228
79233020985
79002963208
79277779068
79511409220
79087979015
79516230591
79582574267
79833546246
79290451371
79524964642
79113256997
79012108034
79326062991
79090030221
79090100525
79139793477
79132224630
79530069186
79009018489
79104620102
79139285946
79510758908
79037588509
79532693925
79516349734
79628594454
79241628910
79625645781
79148050979
79879785518
79509068218
79159736533
79513297756
79214181620
79097679645
79039213261
79912145127
79656409527
79991209880
79042332765
79004273360
79370286142
79969247017
79538251035
79140474562
79991002865
79137018890
79629297900
79660888987
79513177291
79214666971
79620099979
79266632638
79088128432
79889827586
79254181370
79163326406
79161838313
79054055922
79630103036
79003486847
79604911385
79123458361
79628433006
79956194186
79045965755
79064717328
79256501475
79143960528
79209897060
79113503096
79080363464
79610112903
79209469583
79006015890
79105279419
79778668953
79257871305
79036602986
79021378549
79177447353
79961785460
79506322301
79377983751
79533058213
79515927920
79533014224
79182418623
79119080178
79106293232
79296559073
79780500146
79042345004
79028304088
79122416339
79619576254
79177497045
79633615377
79130726141
79684909638
79030148188
79925285111
79609930068
79290085986
79661959100
79062852515
79507166444
79292190190
79085046326
79538701160
79096158034
79288104860
79002387390
79121334833
79036640503
79530548028
79518895876
79028817389
79190263235
79063099685
79131311630
79511423442
79265595508
79047672656
79521078056
79614720074
79120498389
79045322575
79616524719
79105652245
79321229622
79687050167
79691000209
79105092452
79526149075
79005818000
79998290843
79057201687
79131984002
79687569244
79504277408
79131833924
79009342742
79535805466
79659267360
79056530816
79505983467
79628132231
79146362625
79235758838
79609100033
79122166820
79039591483
79333305667
79786414908
79155855423
79122795065
79228076310
79803277556
79103343176
79233396778
79153876799
79181443041
79029100345
79080058393
79507102801
79282824264
79776110426
79121864043
79787032273
79528928693
79209115950
79528355660
79144526523
79090245745
79527303255
79028138026
79028701195
79773003265
79680013131
79137183220
79145143477
79992337741
79002129931
79180903061
79648378689
79627835314
79897202075
79381001451
79995828267
79536544954
79002042548
79657265076
79687845895
79104417665
79277852888
79106142540
79916037185
79826170228
79041636335
79094023012
79833075733
79531436528
79831544114
79880652965
79521344844
79096811625
79514619417
79625397646
79157572119
79207553763
79159689572
79209110407
79221745717
79059062814
79525461553
79157705017
79536647465
79009517488
79829011355
79521452011
79281502705
79539307661
79183428469
79159710347
79156508300
79042545277
79867236092
79186262079
79615498010
79878430250
79378101680
79524903149
79010445483
79004592673
77772670886
79963299688
79525783009
79995637387
79267258375
79914737622
79222371550
79270031066
79829250210
79514793487
79108872458
79998298201
79523243672
79526177577
79275739666
79054715882
79004275270
79375572296
79038904543
79886789062
79038635050
79525237468
79289111411
79538273956
79109638184
79101872144
79106665652
79091314102
79960458983
79099930000
79090204441
79101241865
79049866815
79043776042
79206865462
79229305714
79995678072
79996134332
79827899845
79524201213
79655187455
79119650716
79507589542
79512693402
79260455574
79997359496
79198959409
79875590871
79508740027
79504437360
79656042285
79186735529
79273146571
79307691234
79888975530
79283472884
79821341859
79104832523
79205560736
79659278163
79151812399
79507177700
79050515757
79173672860
79205805802
79173057116
79268107677
79258724553
79538292872
79042575301
79049598493
79533887242
79209908077
79019857583
79534608867
79055302243
79258995857
79500220669
79501307725
79144746899
79184362177
79069773082
79116349111
79029829448
79145262153
79186765246
79504951408
79165202270
79232589175
79155607272
79834305277
79508997629
79282474248
79999706508
79227933433
79528961256
79173218034
79010409110
79996068850
79099019905
79885071514
79914373229
79274219595
79995501236
79175607355
79064664240
79209046399
79122503075
79028738543
79145194158
79827876984
79145028081
79264956313
79021313627
79771186107
79294733033
79617663033
79024518960
79302144314
79127043008
79172030201
79920121828
79129204849
79221701956
79611547975
79197296829
79043844638
79514554891
79600033631
79109395165
79298863017
79822384670
79521022558
79065878751
79524357825
79699727395
79184195790
79917726710
79195180202
79825378185
79209063525
79627560477
79149580075
79785881354
79534974735
79508724058
79029567351
79021943193
79622034833
79226064337
79333234145
79530049415
79501847169
79172910505
79632579962
79280717898
79307812478
79088678429
79190287836
79001980192
79000746539
79532555040
79231902032
79673628888
79529980583
79507139224
79628817130
79062466281
79151821725
79100963960
79201489873
79536149226
79029911064
79998220718
79205851890
79539689392
79086005340
79308974993
79027540218
79670607084
79998828147
79384171470
79205008316
79080337845
79252983224
79231196076
79521325475
79139826211
79913166937
79824698548
79081943809
79647870099
79856630266
79175550846
79000591583
79658864691
79582228000
79816021327
79031776068
79277323251
79127092690
79639691999
79644585053
79003525935
79381200742
79036167210
79282269043
79778993541
79283526401
79256617582
79057490119
79104847523
79107735818
79106181463
79049857972
79323245841
79248541707
79836984841
79241010986
79233251257
79535939924
79950133609
79835765192
79144080065
79040814572
79511422721
79530615899
79172025919
79962047850
79956436213
79027620059
79038236883
79528846167
79046526173
79089026910
79181808758
79648013512
79248006348
79220670068
79139794937
79165488935
79612232693
79201410132
79610840470
79126897664
79536460844
79521313265
79209711797
79199386476
79526773307
79515440079
79920062302
79134553227
79776795070
79505505187
79001992982
79126263947
79504549167
79508024132
79030378798
79506382399
79144579471
79113586979
79508072114
79027797749
79155218794
79375572217
79601156393
79017849560
79600582178
79645346420
79951920893
79192772112
79281955294
79080299829
79622039911
79780966500
79265430353
79514443792
79178780082
79135913387
79028523910
79199400303
79106036992
79127018300
79037949298
79123412059
79384804848
79323187137
79235726146
79226346212
79140106920
79836996170
79509211801
79291046636
79097186707
79144813036
79052552634
79068294696
79102072711
79536128110
79200831240
79041708931
79339323595
79026994252
79504864696
79789830076
79504801799
79011144271
79080623349
79207901152
79522618437
79529085040
79315803606
79026824805
79512952758
79819661386
79184211831
79061780039
79284290748
79780245556
79126324497
79806374643
79525134871
79045037293
79623151510
79054421488
79963211304
79883942508
79877726992
79501948534
79221158685
79106219519
79194343632
79201021269
79085901254
79011147927
79114683066
79996425065
79269618074
79220022937
79042935336
79954065731
79532412800
79510786263
79997417786
79614657071
79128414374
79101446292
79509076548
79648307390
79663182805
79257162758
79509046107
79115996248
79686626188
79222850297
79104385156
79023813343
79997985872
79040852223
79509024754
79128042294
79324828704
79054339948
79538143878
79891226404
79955534080
79518884199
79283372277
79209715777
79148002886
79622196083
79102130892
79672296267
79030384546
79018887146
79834255150
79500568092
79014190510
79045706364
79279065779
79045133482
79141661815
79833949102
79660248871
79608568091
79899562748
79628604710
79033434693
79086048375
79220220585
79172358587
79026476706
79066373332
79688641097
79883340821
79089420247
79657709729
79924077141
79193957871
79102223662
79513033973
79205434890
79089711553
79850722010
79088698225
79527949000
79772648929
79002005645
79537374000
79536327759
79297195056
79537373959
79222279584
79205069497
79000229679
79961882916
79965299387
79042830951
79184695145
79069014128
79286453660
79994486849
79086997634
79051480748
79126893359
79232910998
79952412472
79259542474
79533360095
79508005571
79526124412
79200807749
79785838390
79879887529
79108030854
79897001039
79521378988
79274863771
79190261878
79065981678
79168656408
79996962425
79516898525
79044455913
79383032033
79096022574
79610418411
79881808510
79105613854
79818379153
79155141700
79524319450
79213175964
79515948399
79046981626
79270740212
79039225407
79026519530
79046444895
79538821174
79262884609
79826008200
79620154051
79526791381
79508699738
79037795534
79959138378
79177649518
79274600964
79530050961
79088684755
79920272298
79041196175
79879593103
79109316259
79272469227
79247773150
79002042221
79266148299
79093861920
79010979701
79274754540
79181314917
79955548253
79612847242
79182071472
79896140635
79097570976
79504252420
79773916177
79040298643
79929999036
79615676447
79996985636
79271209556
79067884904
79222055034
79062352367
79114311034
79997871083
79001274429
79290127995
79506744933
79833647280
79145829446
79538969424
79632634500
79229408507
79877859212
79538152911
79013410039
79211786201
79166188337
79137267880
79622223175
79048570413
79604380447
79992051033
79187708420
79383006163
79513763980
79234533002
79897032247
79500588155
79854828064
79687707717
79022778969
79126208578
79505465610
79777050103
79687531517
79829017945
79153223241
79048767806
79000442210
79154889111
79013335201
79527417537
79615053093
79524936022
79042581714
79012106525
79521223873
79787673346
79660206583
79022667054
79090017006
79012762623
79506584957
79002802504
79123893972
79655321916
79269835914
79176000148
79787763605
79187648440
79505633989
79530455735
79063161757
79187839645
79217667367
79536856467
79170531123
79113437757
79509034236
79897202696
79059817059
79373114119
79850007671
79133783574
79895330964
79202843407
79029459463
79997014485
79187909162
79506359696
79102051486
79333252486
79029264399
79539343462
79372217278
79104786150
79061143464
79138953923
79600911251
79898067847
79535784121
79961699327
79004114171
79964734976
79081675149
79787433350
79209935971
79186001740
79021724889
79269117455
79193859114
79002810822
79248376715
79204866235
79503762144
79220334065
79054129551
79782604977
79044444612
79604753671
79876746774
79372497559
79772860361
79191549210
79789840321
79155006624
79507153252
79140318434
79155130511
79307099504
79964826905
79159749496
79106348750
79829795970
79193762084
79038352735
79530093723
79209767172
79506556940
79859630602
79150144877
79126028812
79169366939
79527763630
79233726239
79180269367
79134733111
79148874428
79264791237
79226207434
79171799210
79518849638
79184352221
79130650451
79135334175
79775717996
79221142526
79822643611
79063087601
79516096156
79312602838
79309638373
79143724952
79620018592
79026977017
79278872741
79648336289
79130511136
79967055079
79885000346
79048855100
79615503430
79509179642
79536818031
79533252277
79511158022
79525216510
79057376400
79209843892
79206348849
79119564722
79201224113
79771134609
79107595870
79028046757
79155066634
79045262174
79514926490
79110934344
79830553844
79185059491
79316130208
79033989819
79643289556
79113496368
79056882214
79520440573
79878579686
79991097193
79059501354
79779251196
79612414482
79222031549
79521424032
79827038649
79916642173
79806849825
79123922420
79829089540
79506407944
79502025702
79323226566
79530077129
79190160719
79521252825
79965998963
79283778717
79134667017
79065350540
79967041434
79615376752
79228015766
79139403146
79094116669
79236606755
79518803300
79659216681
79612504805
79114694209
79275202165
79004855302
79080804579
79615942824
79377117945
79286159666
79009024022
79877814115
79199225784
79536155430
79051786939
79231485070
79532818952
79534711005
79064289608
79060471207
79097517947
79805459088
79116974935
79831443826
79871161666
79192518366
79534735249
79183063056
79963215095
79509101404
79781098569
79011879549
79636614882
79292147606
79961787726
79155933316
79055517927
79527429287
79167072405
79099419202
79605735353
79527255271
79089171184
79264171104
79242275126
79534796670
79146606534
79246802013
79202614395
79513968845
79139988855
79080755005
79333205740
79514548653
79131174604
79512947158
79614996262
79377124920
79522438721
79162469014
79961735479
79831252306
79039247469
79063075634
79608944117
79522648863
79652847297
79371879087
79003482764
79149209200
79199440541
79826160095
79826248995
79283709001
79961879648
79024490610
79089210383
79506477257
79612332219
79181365883
79506920588
79511671885
79060637641
79089124094
79182131063
79201677805
79195032049
79508263946
79539569671
79191265091
79041192053
79531899940
79623961783
79209507044
79040733525
79009492670
79102423743
79892905898
79014714973
79649796447
79223504868
79183793131
79526831404
79201716823
79536055684
79089199098
79126773910
79109059654
79013441471
79519550116
79381021855
79506712793
79829107422
79506539356
79222479315
79526930456
79144332167
79535500090
79218330828
79835476413
79258631873
79038302905
79193750273
79005423675
79969141832
79135761776
79029431420
79087560020
79006098773
79528557691
79814686175
79180800524
79627426542
79999066093
79043969843
79525457958
79222839865
79122407813
79157929835
79513549583
79210393524
79510352063
79081882674
79088677768
79183760619
79065456642
79006100609
79022326925
79376352009
79056927212
79772874698
79126839512
79814636432
79622580055
79036648353
79258211774
79534319250
79280348232
79257670006
79651845708
79534338732
79085596491
79776744373
79528189373
79167594937
79307786585
79772728020
79778056716
79692844097
79269633959
79101831014
79051354116
79061024322
79207001395
79243891912
79832778759
79231341915
79619061867
79779087443
79534749430
79288693872
79272571328
79137742026
79086312150
79088736031
79991005224
79014139280
79145268017
79603934297
79638855511
79887029947
79384068478
79507450860
79063523431
79054159093
79878499799
79914712006
79180471591
79886699537
79870858651
79021557432
79994311355
79105715350
79122897771
79283496771
79181451512
79009097272
79615049302
79640003513
79193872313
79010517569
79160328416
79282607727
79774728606
79388661105
79638389920
79133453570
79155937541
79831623907
79108651798
79024877998
79027290739
79620254014
79044367301
79995694540
79049825958
79634558337
79376720224
79232046478
79885777279
79011568839
79606820805
79995654495
79059645630
79101476244
79156091744
79243143155
79389163080
79510796347
79126279116
79133709264
79832971978
79068060916
79511516502
79172430952
79121343508
79537850996
79616297136
79912270146
79775827056
79537438137
79088261083
79135915821
79088554854
79095548413
79535079910
79004855351
79192093991
79525477141
79086844320
79771638501
79771192994
79788951896
79259303424
79194305817
79534821256
79222114898
79782327039
79530395530
79606115281
79185470178
79524466786
79913311804
79187838550
79618746847
79065385904
79080603108
79913257277
79129643379
79920172401
79094243667
79202048725
79066214945
79045319247
79053141552
79292610038
79103040518
79673675486
79611688814
79180883801
79888043553
79777910376
79773490153
79049577650
79269129994
79096997454
79191003245
79184834112
79377468230
79779449385
79104459550
79017001254
79506215359
79407177815
79652184160
79536128860
79066671056
79056300116
79252073011
79629819118
79057339022
79209688115
79501923822
79628547565
79841501300
79648153971
79501324730
79022663697
79832064354
79614641818
79230014664
79089005431
79197343231
79771014733
79048922978
79517949499
79514058773
79377217817
79226304217
79504827995
79673205042
79383533584
79085749926
79128849668
79996040205
79277384597
79800648893
79089516492
79129566700
79525150282
79513868685
79991746202
79237217905
79603597724
79062053554
79002122841
79323203359
79155930502
79636006348
79022688398
79776250632
79022193087
79295204042
79507844022
79531097282
79504355975
79873754209
79531758030
79180583848
79174722961
79227099248
79771648801
79260533211
79086608534
79027556631
79827024159
79994768362
79049099343
79539029703
79247894462
79292803444
79191776629
79880104512
79184153351
79969190267
79821040019
79326232088
79324128809
79502093115
79128483128
79272969682
79214351705
79643078887
79232180787
79230011127
77051652971
79049584520
79787502117
79614819506
79522979545
79263010810
79211068968
79513057701
79951282988
79213430527
79788708961
79137059530
79042361753
79851113697
79080651135
79616851578
79873738526
79608678051
79518058172
79243651479
79013481510
79629360197
79046345200
79111483460
79161827804
79827073783
79005554946
79969349496
79832271797
79895073214
79283210726
79088670645
79835073966
79228511290
79012863906
79635990163
79216168049
79921185401
79013440186
79092190641
79086653123
79601341014
79786880342
79103129515
79504823259
79233733319
79020974328
79637521265
79290276924
79370922897
79032809897
79015700925
79255288052
79955871660
79200778884
79011994860
79285552209
79219713218
79025918323
79235771462
79823332467
79996889755
79961062134
79228587765
79283707151
79685285698
79040873670
79101677633
79258299122
79001806303
79850765596
79662064401
79281943961
79530376764
79940065424
79777083961
79167771260
79268468307
79821569071
79776767217
79221153829
79826539645
79995221926
79105765289
79517627591
79065615614
79236443766
79025664250
79831095953
79132169866
79612319785
79069615939
79040749512
79045469404
79500601266
79293226553
79520080550
79831649499
79629611127
79203535016
79841074871
79652572365
79874944705
79131039287
79084846869
79147090765
79030329033
79140061541
79200414724
79188538321
79209946356
79221038773
79049955148
79923000287
79521247684
79530005282
79827294430
79119687154
79821973354
79086365605
79089618784
79832457320
79200052856
79040335293
79963796240
79029807000
79157679547
79535948063
79996128453
79509769919
79042515769
79045422377
79373227411
79645892881
79131971013
79126325046
79094547479
79049552098
79021409192
79620746909
79233124551
79878952880
79080403439
79146426273
79997643363
79045121486
79614043676
79614508539
79531994907
79963059582
79509800887
79065124452
79066399617
79003720805
79152325570
79266108959
79297928114
79522332460
79106649010
79607560940
79644164083
79655837784
79504119506
79004719907
79536206864
79062870949
79269066611
79128585965
79032262794
79138335251
79265414600
79969582631
79095826608
79089002369
79268898244
79178934032
79500891955
79201046325
79878685948
79811769741
79823696680
79512662081
79818129341
79166535289
79826099098
79635260763
79383160919
79149226142
79634210720
79822154610
79022524723
79132460058
79137703223
79123047816
79922824274
79528565299
79622619061
79529393867
79789804621
79156010090
79511762673
79003532250
79533144066
79180876714
79251767785
79131773921
79530547191
79068473791
79153937280
79026388656
79651743356
79110628025
79913928201
79517910688
79624489212
79080455630
79168170694
79887614824
79517858938
79257912654
79321272123
79191654129
79042900924
79618146343
79626212999
79096151242
79252786172
79158027792
79998533639
79651933102
79787977699
79534199314
79001257896
79281723188
79205172274
79873623846
79258319216
79229042924
79962386869
79108211908
79038215067
79523439913
79506532259
79028158758
79209135253
79159975254
79278080445
79132523854
79628155313
79140955476
79965095832
79010112216
79531148402
79039954859
79507441941
79237951286
79233708703
79501328600
79527435633
79248160549
79519802715
79029741984
79130909694
79029594996
79831790637
79619625277
79169035089
79514684694
79233130188
79836020770
79000224273
79049783043
79247069858
79827521709
79082064995
79064906494
79634786474
79778214240
79829016779
79629783933
79049563563
79858542264
79021675232
79030813400
79506561100
79995639016
79108902732
79038249582
79776786298
79002103377
79106774907
79867346588
79629778174
79651752845
79043829901
79633888469
79097838003
79921414341
79132289847
79659462392
79659388219
79253468638
79056024000
79115364615
79095614637
79912975883
79159331523
79833519424
79021329773
79006028333
79880526568
79773324402
79030812211
79048194962
79296204832
79676969454
79224820666
79145912197
79193894669
79954018960
79518258213
79135621655
79199290512
79881677505
79263835775
79042816310
79525561654
79041384778
79912835210
79105804512
79252587275
79185166458
79012800329
79184643762
79263060705
79235183049
79049912042
79134540030
79134657209
79105650806
79029806166
79153853969
79996223346
79034894307
79829825050
79028844026
79826296761
79516047466
79175366278
79963621512
79607778523
79110639284
79505903865
79510862395
79333357435
79144898976
79519353329
79225474786
79393900643
79094238962
79287853844
79065832255
79877456613
79184168773
79956562210
79234856656
79819628986
79605043934
79502026724
79688040974
79121262585
