89850274501
89005787017
89776469046
89266926162
89017516845
89775137647
89261416497
89208761410
89173281329
89309637854
89169345526
89252320706
89260569825
89015570904
89912754546
89013341037
89648224515
89063389191
89058076835
89775117430
89852491696
89683260195
89360000364
89629646069
89992368363
89175346526
89254700047
89385071128
89651931963
89993581862
89800980238
89295560072
89916856162
89052135610
89535512028
89307958458
89663742022
89680308446
89637459951
89254583554
89261622722
89652870003
89779309497
89684030002
89503279601
89918562969
89683782434
89191811224
89671747592
89657662949
89650616468
89014078390
89888237552
89250967163
89918563394
89916705095
89233457298
89655834126
89381576972
8-920-559-08-68
8-967-277-51-27
8-900-147-44-28
8-926-784-38-92
89250819707
9774597943
8-925-000-87-43
8-931-332-12-07
8-926-640-89-75
8-936-938-80-09
8-926-279-25-07
8-963-095-82-33
89001532789
89775970072
89152732756
9,98999E+11
89655883382
89017323249
8-977-759-44-61
8-965-271-76-33
8-951-120-70-95
7 (999) 767-51-00
8-925-999-75-91
7 (901) 352-63-50
7 (991) 641-97-87
89634434145
89951951271
8(977) 387-87-44
7 (977) 759-44-61
89023088659
89671747592
89671243889
89966059304
89855847670
89586368052
89031540474
89966059304
89266809308
89660462820
89858998438
89855847670
89619470470
89629264429
89999010759
89998232896
89255912747
89667023457
89160348858
89015369720
89263560159
89001287551
7 (985) 562-83-33
7 (977) 596-73-70
7 (967) 828-84-04
7 (996) 952-30-26
7 (968) 083-50-68
7 (901) 901-12-65
7 (910) 823-01-10
7 (950) 566-59-91
7 (920) 764-54-22
7 (930) 969-86-65
7 (963) 320-44-29
 (985) 118-21-45
7 (985) 118-21-45
8-991-758-31-91
7 (906) 508-69-85
7 (991) 758-31-91
8-963-751-70-18
89024886149
89119475193
89267113796
89295066387
89778702080
89164953006
89611861757
89580538279
8-951-036-73-61
8-991-931-88-10
7 (991) 931-88-10
7 (967) 040-06-90
7 (999) 850-29-47
89533620101
89873927605
89316009631
89316009631
89913188110
9510367361
9850538279
89254398457
89014081940
89102033367
7 (985) 249-16-96
7 (915) 409-69-45
7 (902) 656-99-95
8 (926) 063-98-56
89036829098
89529846099
89629259400
7 (926) 820-19-18
89260639856
89685006156
7 (901) 402-31-23
7 (977) 909-03-77
7 (916) 289-84-40
7 (977) 323-01-91
8-925-253-32-85
7 (999) 825-98-91
7 (991) 268-21-66
7 (929) 993-49-93
7 (926) 381-52-46
8-977-953-36-03
8-905-582-14-78
7 (999) 974-14-11
7 (968) 567-39-91
7 (999) 998-65-42
 (925) 081-97-07
7 (908) 479-41-87
7 (977) 124-15-39
7 (985) 395-51-00
89688690028
89091912236
89685006156
89685006156
99200400428
89602690803
89775618886
89998568147
89916079531
89510322667
89600767050
89207776332
89852233136
89965719216
89779931262
7 (906) 026-36-60
89912682166
89261836454
89051192961
89660349913
7 (925) 450-70-96
89384056903
7 (902) 656-99-95
89256267603
89952071970
89853579188
89774754105
89655834126
89301296055
89853579188
89687671651
89104951943
89018018565
89996745136
7 (996) 965-96-24
7 (904) 529-71-52
89969740453
89912932959
89164065019
89190048661
89969740453
7 (991) 689-64-23
89999986542
89109436864
89084788107
89267163845
89999986542
7 (965) 292-56-83
89521200950
89853955100
89778115895
89309125434
89629417758
89036108641
89629417758
89265459593
89332007681
89676314252
89263218170
7 (936) 111-93-10
89612570864
89998158481
89778115895
89915603392
89916503392
89053005772
89047996690
89017526346
89017526346
89602690801
89655828062
89017526346
89060650767
89032061154
89653169700
89809601180
89653169700
89774989151
89511539660
89645326815
89531739733
89774777827
89775669773
89065564879
89638527078
89374210444
89269240725
89262397431
89262397431
89013397574
89854441129
89771978566
89639373542
89224444527
89309637933
89266493263
89057048643
89999091022
89057048643
7 (977) 496-15-32
89912766318
89061151589
89049122070
89771893118
89003711801
89262858729
89010467595
89912766318
89061151589
89049122070
89167471160
89912766318
89067732274
89771893118
89015983502
89256943310
89620514707
89256943310
89620514707
89994174595
89509217352
89260097671
89308944000
89309655031
89916912786
89526019841
89999697764
89919748148
89998217629
89779349739
89636454901
(952) 601-98-41
89202720480
89226214414
89015018142
89226214414
89156541390
89009541719
89778190889
89881351783
89776039978
89011885658
89365254673
89774557957
89881828205
89340000635
89365254673
89015018142
89999013503
89612124005
89777464549
89295029797
89505950699
89997988201
89505950699
89645891320
79519256071
8 926 172 72 74
7 (985) 533-84-78
7 (980) 724-83-11
7 (904) 799-66-90
7 (903) 235-91-15
7 (903) 103-89-69
7 (903) 206-11-54
7 (906) 025-45-12
7 (977) 854-56-76
7 (926) 570-22-17
89234338264
7 (950) 720-10-48
7 (915) 664-59-62
7 (960) 269-08-01
89912614219
8-968-020-48-70
7 (999) 831-67-80
7 (926) 771-87-59
79520420525
7 (901) 527-73-88
7 (977) 477-78-27
7 (999) 556-89-25
7 (993) 238-62-55
7 (906) 065-07-67
7 (903) 714-49-29
7 (909) 104-10-09
7 (964) 655-81-01
7 (902) 211-49-62
7 (926) 848-14-34
7 (903) 610-86-41
7 (985) 017-40-83
7 (908) 219-80-65
7 (926) 297-24-58
7 (926) 402-12-42
7 (977) 723-40-74
79637551562
8-996-845-62-13
8-914-909-84-64
7 (977) 914-53-18
7 (925) 766-46-24
7 (985) 500-39-88
7 (909) 995-27-24
7 (903) 758-70-65
7 (985) 842-31-17
7 (991) 289-72-26
7 (912) 439-67-13
8-900-603-78-15
7 (977) 390-58-15
7 (932) 486-99-43
7 (963) 094-99-59
7 (926) 203-85-47
7 (926) 451-43-12
7 (939) 700-90-94
 7 (925) 449-77-27
7 (900) 150-15-57
7 (962) 913-72-48
7 (906) 061-67-44
7 (926) 203-85-47
7 (903) 533-42-11
7 (925) 028-02-03
7 (991) 848-74-94
7 (991) 848-74-94
7 (930) 937-68-40
7 (916) 387-96-74
89309520886
89774193715
7 (977) 439-27-76
7 (999) 904-29-09
7 (925) 618-87-41
7 (985) 299-85-80
89051232633
89961354705
89260703217
89252771642
89771978566
89652150689
7 (991) 269-17-89
89159043577
89215850261
89969668635
89852519473
89997132543
89013604273
89858644377
89605395235
89773421515
89670486431
7 (991) 293-54-07
89144094616
89255901785
89871231023
89266739414
89916383168
89512447879
89773731917
7 (985) 251-94-73
89808937293
89238260983
89800068498
7 (977) 386-72-25
89154229934
89297031315
89085503606
89017511254
7 (977) 530-70-96
89295016041
7 (963) 693-17-75
89800715074
89154283533
7 (991) 747-55-06
7 (929) 852-83-04
7 (901) 557-09-04
7 (967) 572-85-29
7 (901) 734-96-94
7 (926) 055-96-08
8-925-634-54-76
8-903-360-40-09
7 (903) 360-40-09
89100858451
7 (916) 001-11-59
7 (977) 533-22-10
7 (977) 196-31-88
89520487841
7 (903) 161-16-29
89268633572
7 (991) 706-85-68
89268638667
89809700617
89269510912
89259272738
89261507750
8-926-150-77-50
7 (977) 929-87-22
89999062032
89038959938
89963053625
89916038588
89308944000
7 (916) 001-11-59
7 (977) 356-58-38
89998671270
7 (925) 645-57-27
7 (903) 161-16-29
7 (910) 465-47-15
7 (999) 964-61-40
7 (929) 159-19-44
7 (991) 710-63-27
7 (985) 185-62-29
8-916-723-82-99
7 (900) 590-94-46
7 (977) 199-80-12
8-900-155-47-81
7 (936) 111-90-49
7 (926) 643-69-01
7 (902) 656-99-95
8-909-672-55-96
7 (909) 950-79-91
7 (920) 625-26-42
7 (952) 413-62-32
7 (905) 655-91-98
7 (916) 947-56-54
7 (962) 752-07-08
7 (901) 422-49-24
89095598060
89299320997
89513969136
89966139874
89996712834
89161165146
89029878165
89167238299
89161165146
89001554781
89259852541
89633616757
89013810424
89096725596
89096725596
89685707149
89651904106
89651116869
89199998793
89013810424
89013810424
89096725596
89096725596
89809466280
89199998793
7 (977) 523-16-97
7 (925) 152-15-09
7 (953) 317-17-28
7 (991) 934-01-52
7 (968) 374-86-25
7 (906) 754-19-69
7 (915) 178-47-92
7 (914) 618-27-32
7 (977) 849-89-17
7 (993) 006-75-78
7 (925) 049-88-82
79267328801
7 (999) 943-71-02
7 (968) 787-44-68
7 (977) 535-07-66
7 (985) 400-44-87
7 (902) 656-99-95
7 (968) 899-93-52
7 (931) 979-41-49
7 (977) 732-87-71
7 (985) 400-44-87
7 (910) 426-56-48
7 (916) 967-29-50
7 (980) 893-72-93
7 (977) 971-22-78
89930067578
89964385640
7 (996) 438-56-40
89635158636
 (985) 528-78-48
89777290274
89537674426
89378873265
89660061506
89616136720
89537674426
89147099726
89911397837
89912573576
89774275256
89258457051
89319794149
89319794149
89377062611
89015754492
89774658484
89319794149
89991589409
7 (999) 986-89-09
89299803031
89017445238
89015072658
7 (925) 285-04-18
89015072658
7 (977) 722-37-13
89657059168
(925) 165-77-82
89686791441
89513143964
89777822335
89805529591
89200981429
89778702080
89995064915
9,96702E+11
89531486296
89854632058
9,92937E+11
9,92934E+11
9,96706E+11
89013388405
89610781332
89261744772
89963690473
7 (904) 186-96-48
89263218170
7 (926) 279-85-25
89309689017
89962925636
7 (999) 961-32-57
7 (926) 819-41-72
89916147551
7 (964) 781-64-09
7 (983) 227-95-22
89275933206
7 (913) 789-14-12
7 (991) 275-91-45
89654076536
89160008919
89612570864
89680334600
7 (925) 843-11-83
7 (996) 893-07-37
7 (916) 884-72-12
89015668465
3,80662E+11
89850551892
7 (926) 819-41-72
7 (999) 771-94-93
89853485992
89660887908
7 (926) 819-41-72
89258378403
7 (929) 920-00-43
89010839712
7 (900) 174-10-31
7 (901) 527-75-11
89057621853
7 (991) 689-64-23
89639373542
7 (977) 926-61-12
89190748088
89670597027
89778547452
89911896138
89951565489
89685406073
8-999-506-49-15
8-951-825-44-58
8-920-098-14-29
7 (909) 087-21-08
7 (968) 542-55-53
8-968-679-14-41
7 (985) 142-65-58
7 (999) 964-61-40
79178594738
7 (977) 128-81-78
7 (991) 144-53-99
7 (926) 089-68-01
7 (999) 964-61-40
7 (993) 032-45-15
7 (926) 017-19-44
7 (926) 198-54-01
7 (925) 842-79-46
7 (991) 689-64-23
7 (966) 103-77-64
7 (965) 400-95-44
7 (930) 667-68-67
7 (977) 870-20-80
7 (926) 649-32-63
7 (926) 879-87-00
7 (915) 205-08-86
79265240781
8-901-747-56-00
8-996-789-08-66
8-991-144-53-99
7 (925) 717-46-48
7 (987) 922-19-25
7 (915) 205-08-86
7 (985) 916-50-99
7 (962) 948-86-86
89389973199
7 (930) 816-31-29
7 (925) 464-84-64
7 (963) 966-79-81
89920000496
89961249476
89917430861
89617819583
89653843436
8,9967E+12
89203150535
7 (985) 589-13-39
77472935143
89851570836
89911744347
7 901 407-38-55
9,98976E+11
7 (930) 174-73-78
89997142739
7 (977) 146-11-24
89297879248
89169737501
89588697718
89588697718
7 (965) 384-34-36
89670564858
89149371257
89203150535
89265063955
89663369491
89779772335
7 (906) 572-30-81
7 (958) 869-77-18
7 (961) 781-95-83
89916139874
89153535189
89259660474
89199996563
89969780629
89629336413
9,967E+11
89296739395
89250905000
89653781472
89159923009
89993959390
79672090275
7 (999) 395-93-90
7 (991) 616-27-56
7 (968) 523-94-21
89684819307
89131931661
89581845861
89175821698
7 (921) 885-88-62
89689022102
7 (995) 717-76-07
7 (909) 675-15-03
7 (963) 749-25-79
7 (968) 928-72-77
89955578697
 (925) 825-52-14
89533351943
7 (929) 645-58-32
79539577093
89653781472
89533351943
7 (909) 348-06-59
7 (980) 552-95-91
7 (930) 033-18-03
7 (925) 275-62-65
7 (925) 030-98-92
7 (985) 355-21-59
7 (925) 030-98-92
7 (995) 717-76-07
7 (925) 107-24-92
7 (926) 076-58-78
89537432639
89773855415
7 (991) 267-95-57
7 (923) 133-43-36
7 (985) 368-62-12
89916162756
7 (999) 678-84-57
79231400879
7 (977) 146-11-24
7 (961) 781-95-83
7 (991) 179-34-35
7 (985) 157-08-36
7 (958) 869-77-18
7 (915) 226-22-81
7 (991) 174-43-47
7 (923) 133-43-36
7 (991) 616-27-56
7 (964) 550-56-21
7 (903) 520-00-47
7 (968) 455-50-01
7 (901) 983-46-25
 (996) 973-46-02
7 (929) 598-69-07
7 (991) 765-92-37
7 (999) 003-09-29
7 (901) 032-28-78
7 (901) 575-19-10
7 (912) 913-18-65
7 (962) 511-10-04
7 (901) 428-98-26
7 (977) 102-86-16
8-900-541-49-69
998-90-1099-80-27
7 (963) 991-27-91
8-925-941-69-34
7 (901) 184-54-81
8-914-560-86-73
7 (926) 420-40-21
7 (968) 515-37-00
7 (991) 659-51-42
7 (991) 297-50-17
7 (977) 392-59-40
7 (925) 941-69-34
8-901-905-35-60
8-977-965-72-59
8-926-417-13-77
7 (913) 789-14-12
7 (932) 014-90-07
7 (977) 965-72-59
7 (926) 417-13-77
7 (991) 291-43-30
7 (901) 089-07-54
7 (903) 235-91-15
89011845481
7 (966) 355-22-02
89688418227
89309347931
89919482594
89999210421
89773925940
89919482594
89688418227
89263355958
89688418227
89773923312
89038426529
89380199667
89259416934
89259416934
89961241578
89259416934
89017083500
89181582631
89773923312
89005414969
89647950907
89629910404
7 (977) 971-22-78
89686629797
89990037317
7 (968) 515-37-00
89610153890
89264171377
89917536569
89650375121
89779657259
89779657259
89019053560
89610153890
89010890754
89264171377
89917536569
89917536569
89995520279
89191046664
79032359115
(951) 673-27-70
7 (999) 870-33-26
7 (994) 009-46-43
7 (909) 103-69-91
7 (991) 942-21-22
(925) 972-87-97
89776776134
89886378428
7 (922) 003-98-12
7 (900) 150-26-36
7 (916) 997-91-76
7 (925) 427-29-22
7 (999) 872-61-92
7 (929) 519-51-24
7 (996) 361-77-80
7 (902) 682-38-64
7 (901) 184-54-81
7 (962) 314-42-32
79017916660
7 (964) 551-59-00
7 (991) 709-72-85
7 (915) 502-21-65
7 (901) 470-57-17
7 (961) 392-28-67
7 (938) 525-92-47
7 (977) 523-16-97
7 (952) 699-94-31
79534345997
7 (977) 442-29-81
7 (929) 612-45-79
7 (991) 856-33-94
7 (977) 455-13-15
7 (977) 188-68-33
89534672664
8-999-911-28-18
8-953-365-07-20
8-926-426-80-98
8-977-523-16-97
9,92919E+11
8-968-870-40-45
8-960-823-42-44
8-977-726-91-71
8-965-280-40-21
89912649702
89661919492
7 (914) 560-86-73
7 (922) 029-02-34
89023941129
89644705584
89253570656
89006097378
7 (902) 394-11-29
89774147273
7 (900) 113-05-02
7 (929) 553-81-77
7 (901) 031-21-72
7 (929) 001-03-13
89251119473
7 (925) 324-31-36
79917434798
7 (985) 589-13-39
7 (901) 749-37-11
7 (923) 303-62-27
89613922867
7 (915) 502-21-65
7 (961) 392-28-67
89035972754
89668561671
7 (951) 680-66-09
7 (906) 728-62-62
7 (964) 482-00-53
7 (937) 695-88-82
89918563394
89250552801
89652804021
89610948581
7 (992) 305-75-79
7 (920) 512-92-25
89660059364
7 (985) 119-61-87
7 (903) 235-91-15
7 (910) 086-12-66
8-996-294-56-51
7 (991) 699-25-56
8-999-961-32-57
7 (977) 533-90-46
8-925-525-09-01
7 (985) 509-62-44
7 (909) 952-08-10
8-962-625-04-88
7 (965) 252-80-66
8-977-457-17-71
8-902-960-07-31
7 (925) 915-24-22
8-977-455-13-15
8-991-751-00-21
8-991-959-14-98
89232322302
7 (905) 137-77-44
8-963-114-93-37
7 (977) 455-13-15
8-902-236-58-59
7 (977) 971-22-78
7 (902) 396-55-78
8-901-907-30-08
8-977-748-24-69
7 (920) 242-35-96
7 (977) 616-35-97
7 (905) 137-77-44
8-991-187-25-15
7 (965) 612-61-51
8-916-796-55-77
8-917-549-03-19
89232322302
89254069883
7 (925) 915-24-22
8-977-539-04-42
8-925-006-51-61
8-930-967-80-50
8-902 682-38-64
8-925-427-29-22
8-916-796-55-77
8-991694-41-83
8-925-941-69-34
8-977-321-46-86
8-965-400-95-44
8-904-411-37-66
8-928-553-21-67
8-925-343-63-26
8-926-760-07-32
8-901-521-20-68
8-953-740-93-48
8-985-568-09-70
8-991-713-83-81
8-977-717-82-45
8-901-587-96-00
8-977-717-82-45
8-965-202-72-53
8-925-632-13-42
 8-965-384-34-36
8-927788-92-26
8-950-485-90-70
8(910) 526-07-67
8-(951) 795-94-08
89017097886
8(917) 113-59-27
8-985-973-82-15
 8-(999) 972-24-78
8-(977) 275-22-05
8(965) 276-96-11
8-(977) 130-47-37
8-(925) 911-19-96
8-(999) 185-57-47
 8-(996) 361-77-80
 8-(991) 592-09-89
8-903-898-40-16
89231334336
8-953-320-10-06
8-977-191-66-24
7 (952) 391-24-38
8-925-320-82-08
7 (965) 322-74-01
7 (925) 295-80-22
7 (963) 879-89-84
7 (967) 081-03-81
8-991-188-64-38
7 (926) 817-91-90
7 (999) 822-39-85
8-925-250-19-60
8-903-249-78-75
7 (991) 701-81-34
7 (925) 018-60-03
8-969-347-93-33
8-926-516-65-57
8-904-768-95-19
8-926-516-65-57
8-920-981-14-29
7 (999) 961-23-76
7 (961) 110-41-36
7 (925) 320-82-08
7 (900) 154-65-08
7 (991) 934-10-95
7 (930) 949-54-14
79611245452
7 (977) 603-99-78
7 (999) 185-57-47
79255754940
89999136055
79779849308
89265166557
79006950782
9777852658
7 (965) 704-82-41
9691355645
7 (969) 135-56-45
89785989941
7 (985) 452-58-58
7 (906) 168-93-10
79856983925
79684992708
7 (908) 770-15-29
7 (926) 305-55-67
8-999-822-39-85
8-952-911-11-96
8-928-437-57-24
8-953-767-44-26
8-977-130-47-37
8-925-320-82-08
8 (930) 915-67-08
7 (952) 391-24-38
8 (906) 728-62-62
89622140438
8(991) 887-51-10
7 (910) 284-31-41
8-977289-09-89
8-930-949-54-14
8-966-339-40-76
8-977-365-66-34
 8-(980) 980-07-60
8-958-864-13-80
 8(924) 918-87-37
 8-(999) 185-57-47
89858535385
8-977-530-25-32
(977) 691-52-53
8(967) 721-75-89
89161027771
8-(916) 126-75-91
8-(953) 119-92-34
8-969-135-56-45
8-905-115-62-93
 8(968) 327-56-58
8-926) 953-18-14
8-(926) 656-07-30
8(977) 575-23-55
8-923-419-92-43
89684935808
89677506373
8-(926) 760-07-32
8-(925) 145-72-79
8-926-583-18-17
89777852658
89265831817
89254395434
89252257878
89683390200
8(918) 203-91-55
7 (991) 597-64-94
7 (962) 112-78-56
7 (991) 639-38-63
7 (985) 425-56-39
7 (918) 043-28-72
7 (980) 552-95-91
79850304448
7 (928) 883-31-36
7 (999) 673-48-46
89150795591
89254780412
89255330705
89088786284
89911694669
89658345442
89005773848
89915976494
89519183667
89265831817
89960278094
89670654547
89015901186
89604442888
89917594461
89309595766
89896793037
89252335659
89262696498
89156698071
89156698071
89512722421
89156698071
89651327335
7 (999) 004-30-88
7 (953) 087-19-11
7 (991) 942-27-97
7 (916) 868-65-64
7 (916) 401-83-77
7 (952) 699-94-31
7 (999) 673-48-46
7 (977) 980-07-35
7 (915) 722-20-08
7 (977) 976-61-34
7 (908) 878-62-84
7 (926) 839-18-70
7 (968) 601-05-55
7 (925) 632-13-42
7 (919) 726-04-64
7 (926) 474-90-46
7 (934) 111-93-92
7 (909) 978-75-58
7 (968) 446-95-48
7 (915) 306-69-91
7 (901) 551-10-22
7 (939) 444-77-70
7 (926) 269-64-98
7 (926) 269-64-98
7 (999) 894-85-02
7 (977) 885-10-19
7 (977) 577-92-44
7 (916) 869-48-93
7 (916) 869-48-93
7 (964) 560-88-81
998 93 715 09 79
8-930-963-77-71
8-916-869-48-93
8-901-732-86-06
8-926-863-86-67
7 (964) 560-88-81
7 (901) 785-97-75
7 (977) 880-00-70
7 (926) 269-64-98
7 (980) 960-52-49
8-991-129-60-01
7 (925) 175-26-82
7 (930) 922-48-28
7 (917) 510-61-51
7 (925) 932-39-18
7 (961) 616-86-92
7 (958) 681-54-09
7 (963) 693-17-75
7 (967) 081-03-81
7 (977) 930-29-36
7 (926) 760-07-32
7 (900) 154-65-08
7 (968) 788-21-50
7 (925) 011-30-28
7 (977) 572-56-00
7 (922) 352-83-21
7 (902) 882-19-54
7 (958) 681-54-09
7 (900) 144-07-08
7 (977) 323-85-54
7 (977) 572-56-00
7 (900) 144-07-08
7 (963) 656-02-84
7 (911) 807-02-12
7 (977) 274-96-75
7 (982) 932-78-68
7 (926) 863-86-67
7 (930) 924-35-04
7 (901) 424-70-85
7 (930) 963-75-28
7 (963) 656-02-84
7 (925) 785-34-30
7 (965) 172-58-77
7 (996) 828-07-91
7 (977) 812-90-09
7 (967) 070-77-49
7 (960) 604-93-94
7 (901) 556-20-88
7 (964) 728-61-40
7 (991) 621-97-21
7 (922) 352-83-21
7 (965) 373-84-09
7 (991) 951-26-06
7 (927) 703-20-75
7 (977) 274-96-75
7 (985) 665-66-91
7 (930) 926-94-18
7 (925) 292-70-94
7 (991) 282-14-17
7 (922) 791-81-51
7 (980) 673-77-96
8-925-598-36-32
7 (968) 862-64-54
7 (991) 959-25-91
7 (966) 125-69-00
7 (977) 282-37-97
7 (985) 444-16-74
89915825257
89773908882
89645298782
89854317916
89774527651
89773583400
89773583400
89001440708
89296144391
89859748467
89534530897
89309637771
89773493895
89854317916
89090762325
89309384787
89034426476
89999010759
89309124355
89963656284
89911296001
89037516670
89037516670
89251142856
89001431810
89407127579
89919813151
89175104660
89277032075
89660061506
89309595766
89015654603
89586750557
89296144391
89854317916
89586750557
89661256900
89015654603
89800401377
89084785152
89660061506
89015654603
89586750557
89277032075
89175104660
89915825257
89999116950
89610598259
89680311439
89651327335
89099954279
89917594461
89998023004
89534530897
89015901186
89673727427
89309124355
89854317916
89776844240
7 (925) 781-97-75
7 (968) 327-56-58
7 (999) 813-88-11
89999010759
89251142856
7 (996) 406-99-25
89687757908
89003283539
89055360636
89774338370
89645821596
89801884076
89637874692
89899257384
89267833509
89997716194
89375224874
89252865231
89897841946
8(901) 346-33-54
89038000668
 8(991) 702-55-96
89772825351
89969975604
89965544580
89641708991
89670454558
8(977) 181-92-23
89509750382
89990041504
89918705504
8954588738
89169147358
 8(953) 338-30-31
8(977) 901-98-45
8(925) 823-75-23
89777958843
89685618104
89254781019
89036555721
89809893761
89777340875
"8(926) 682-87-58 

"
89140451429
 8(985) 514-60-88
89015554880
89855146380
 8(991) 128-82-62
89321219994
 8(967) 073-51-56
8(932) 121-99-94
8(999) 804-73-78
8(926) 280-54-14
8(999) 850-17-07
7 (916) 722-98-09
7 (968) 039-25-89
7 (903) 296-34-92
79650558030
7 (969) 806-35-96
7 (926) 784-38-92
7 (929) 976-96-15
7 (968) 833-61-61
7 (968) 447-61-41
7 (915) 273-86-67
7 (991) 934-10-95
7 (968) 039-25-89
7 (950) 801-25-48
7 (953) 329-45-72
7 (901) 521-20-68
7 (900) 154-18-51
7 (980) 897-18-83
7 (991) 106-72-08
7 (903) 282-34-51
7 (930) 921-58-39
7 (999) 998-43-70
8-977-118-87-92
7 (968) 206-66-61
7 (999) 833-01-34
7 (964) 514-00-37
7 (916) 059-92-79
7 (999) 719-62-75
7 (962) 160-61-81
7 (912) 033-19-01
7 (967) 111-13-17
7 (915) 478-60-06
7 (977) 174-16-88
8-968-009-73-37
8-980-898-37-61
7 (991) 282-14-17
7 (965) 178-90-09
7 (926) 298-64-93
8-968-750-20-92
7 (901) 555-48-80
7 (929) 550-49-78
89916121070
89162058481
89144266798
7 (968) 857-61-05
7 (968) 728-66-06
7 (901) 723-91-71
89529797725
7 (999) 873-37-49
7 (929) 628-83-78
7 (901) 723-91-71
7 (977) 947-72-93
7 (963) 994-74-68
7 (991) 737-89-54
7 (925) 811-42-77
7 (958) 634-28-37
7 (903) 130-27-40
7 (996) 423-95-92
7 (977) 112-19-27
89966199615
89995503761
89676316804
89621606181
89671584083
89916595081
89533246170
89010481718
89010486353
89998777335
89951425045
89886318280
89676316804
89995503761
89661299615
89996760889
89912792681
89687495537
89051135686
89687495537
89051135686
89951657101
89912792681
89066228027
89261539017
89773731917
89520182530
89360037300
89685444044
7 (967) 202-05-43
7 (985) 516-64-18
7 (999) 819-26-54
7 (985) 397-59-51
7 (903) 812-02-37
7 (926) 417-13-77
7 (910) 544-46-77
7 (991) 288-30-02
7 (927) 703-20-75
7 (929) 973-27-24
7 (915) 722-20-08
7 (916) 208-25-26
7 (916) 718-89-54
7 (926) 327-40-11
7 (913) 017-56-94
7 (905) 038-76-18
7 (929) 990-78-72
79917434798
7 (991) 561-80-90
7 (991) 959-25-91
7 (988) 915-77-01
7 (908) 878-62-84
7 (930) 953-20-29
7 (914) 957-10-17
7 (991) 968-25-47
7 (977) 384-57-48
7 (906) 027-50-05
7 (966) 192-96-15
7 (926) 760-07-32
7 (925) 834-32-55
7 (905) 113-56-86
7 (908) 027-70-84
7 (903) 130-27-40
7 (999) 678-48-12
7 (953) 567-62-58
7 (926) 044-55-26
7 (977) 407-13-02
7 (964) 751-79-40
7 (925) 811-42-77
7 (926) 153-90-17
7 (991) 661-14-91
7 (900) 174-10-31
7 (900) 153-50-29
7 (991) 946-56-57
7 (996) 970-05-15
7 (936) 003-73-00
7 (908) 027-70-84
7 (985) 062-93-29
7 (925) 862-61-94
79295986907
7 (951) 430-53-54
7 (901) 420-32-48
7 (930) 750-87-05
8982-934-34-32
7 (977) 376-27-04
7 (901) 427-76-34
7 (991) 224-36-26
7 (929) 568-02-57
7 (953) 960-11-05
7 (991) 223-19-78
7 (991) 661-14-91
7 (926) 948-94-00
7 (977) 808-56-22
7 (901) 706-40-82
7 (991) 121-02-86
7 (920) 972-35-52
7 (977) 668-73-11
7 (987) 302-34-35
7 (925) 537-76-92
79808937293
7 (965) 445-76-76
7 (977) 908-60-53
7 (999) 874-77-50
7 (991) 106-72-08
7 (977) 716-83-40
7 (996) 247-02-49
7 (982) 512-28-24
7 (991) 955-44-69
7 (977) 775-98-77
7 (999) 874-77-50
7 (916) 985-53-16
7 (902) 163-32-39
7 (929) 669-10-42
7 (991) 887-51-10
7 (925) 040-49-97
89998040597
7 (911) 332-15-28
7 (999) 095-68-74
7 (967) 910-77-11
7 (965) 184-02-09
7 (922) 026-74-34
7 (938) 908-85-89
7 (968) 396-81-86
7 (920) 820-41-61
7 (901) 491-36-43
7 (930) 953-48-01
7 (999) 986-89-09
7 (991) 643-33-27
7 (936) 936-69-89
7 (999) 108-96-62
89268466477
89265166557
89644359716
89661645258
89696759729
89696759729
89509217352
89150311039
89309631663
89998052560
89085428934
89606698619
89265594122
89054119333
89672748272
982 194-57-58
7 (938) 015-36-86
7 (927) 703-20-75
7 (966) 100-51-15
7 (925) 642-82-59
7 (925) 642-82-59
7 (967) 014-63-54
7 (991) 597-76-48
7 (924) 815-55-86
7 (926) 990-76-65
7 (951) 640-50-52
7 (977) 965-72-59
7 (977) 130-91-71
7 (966) 192-58-55
7 (916) 744-75-52
7 (908) 092-20-59
7 (981) 727-96-80
7 (905) 572-63-42
7 (968) 424-08-48
7 (950) 029-27-80
7 (962) 752-07-08
7 (920) 282-44-34
7 (991) 856-19-39
7 (967) 351-01-67
7 (991) 297-39-29
7 (909) 015-04-90
7 (915) 435-22-51
7 (930) 942-54-69
89936619855
89388991602
89779657259
(925) 169-58-93
8(901) 189-39-40
7 (962) 213-26-10
7 (910) 415-86-77
(926) 025-10-05
7 (925) 701-56-05
7 (958) 100-14-14
89776557782
89672281875
89998566162
89775395926
89997730872
88633184241
89776912033
89202824434
89776557782
89258577974
89267098290
89254780412
89260251005
89513171677
89099856907
89687427395
89997730872
89056070421
8 (999) 964-72-82
(905) 804-10-13
89065094556
89017146983
8(904) 332-41-59
8(929) 689-01-54
8 (991) 607-81-41
8(930) 174-73-78
8(901) 994-69-87
89184282829
8(977) 660-06-32
89175554740
89295560072
89690611485
7 (908) 540-52-32
7 (925) 392-73-87
7 (968) 521-79-32
7 (905) 713-08-44
7 (962) 388-42-92
7 (901) 594-12-25
7 (938) 157-69-72
7 (962) 945-33-28
79256481525
79917131672
7 (967) 010-41-99
7 (999) 970-33-86
7 (991) 136-98-72
7 (901) 556-20-88
7 (968) 035-14-68
7 (906) 027-50-05
7 (999) 509-45-27
7 (910) 717-42-31
7 (908) 479-41-87
7 (996) 239-63-23
7 (925) 526-05-09
7 (950) 853-90-28
7 (901) 504-05-49
7 (977) 805-46-16
7 (991) 616-09-15
7 (991) 142-49-69
7 (986) 762-31-76
79629738571
7 (925) 574-01-09
7 (963) 972-04-04
9266035564
7 (926) 938-69-66
79175554746
7 (985) 174-99-29
7 (926) 667-72-54
7 (926) 503-08-86
7 (991) 288-34-37
7 (986) 762-31-76
7 (991) 869-72-61
7 (965) 400-95-44
7 (965) 184-02-09
7 (977) 405-45-54
7 (901) 852-00-06
89998407156
7 (988) 847-63-89
7 (968) 903-18-16
7 (977) 145-89-70
7 (996) 517-59-82
7 (927) 279-29-75
7 (930) 032-19-99
7 (977) 923-60-64
79039721543
7 (904) 558-84-30
7 (901) 530-77-07
7 (902) 682-38-64
7 (904) 558-84-30
79629738571
7 (991) 297-39-29
7 (985) 418-59-11
7 (977) 405-45-54
7 (925) 190-50-78
7 (969) 043-64-62
7 (951) 174-29-21
7 (930) 688-75-65
7 (931) 712-73-72
7 (905) 527-07-37
7 (991) 166-51-65
7 (925) 853-12-62
7 (960) 810-07-01
7(917) 555-47-40
7 (991) 613-61-63
7 (991) 956-23-00
7 (977) 391-60-97
7 (991) 173-89-72
7 (916) 253-91-34
7 (968) 450-63-01
7 (920) 209-18-54
7 (900) 317-22-42
7 (914) 569-82-62
7 (999) 578-78-78
7 (929) 656-47-54
7 (926) 697-28-18
7 (996) 966-91-97
7 (903) 731-86-92
7 (901) 566-61-91
7 (937) 491-10-92
7 (925) 787-03-90
79653075627
7 (901) 566-61-91
7(917) 555-47-46
7 (950) 044-89-25
7 (977) 103-58-56
7 (991) 721-90-21
7 (925) 785-34-30
7 (977) 633-35-10
7 (996) 605-77-87
7 (978) 281-47-33
7 (925) 118-49-41
7 (967) 016-68-69
7 (999) 505-17-42
7 (977) 634-72-98
7 (926) 928-73-51
7 (966) 344-84-85
7 (958) 634-28-37
7 (983) 303-04-38
7 (929) 966-00-37
7 (922) 152-12-31
7 (983) 303-04-38
7(989)0967781
7 (966) 080-01-01
7 (901) 740-44-49
7 (989) 828-30-78
7 (925) 932-39-18
7 (901) 556-14-55
7 (900) 693-00-41
7 (967) 203-61-95
7 (989) 096-77-81
89066388079
89993904045
7 (960) 604-93-94
7 (906) 638-80-79
7 (966) 124-61-90
89773148612
7 (916) 236-02-81
7 (965) 107-92-05
7 (906) 702-10-21
7 (919) 775-20-32
7 (969) 190-24-24
7 (985) 289-54-32
89856200203
79266677254
