79268436622
79067272347
79371717051
79874151344
79297037593
79263723521
79173621998
79605438156
79132918685
79149502700
79373824175
79162103524
79033445799
79011914166
79225052618
79873935555
79189379005
79203977177
79603189577
79262042537
79161309694
79623693977
79260317777
79277171071
79509734084
79168596789
79154600993
79246048484
79520397277
79122477235
79652916516
79049219698
79109818248
79519973360
79031394888
78352641560
73752920936
79161505559
79687149951
74953225011
79684104335
79111440539
79190239422
79211883000
79270648714
79032364912
79243680770
79529887665
79161067133
79615879248
78619924738
79642039250
79232123214
79127645555
79216464406
79164645503
79164510400
79647223621
78332643522
79370069069
79182420202
79122315559
79511162222
79167375404
79088724141
79103884190
79198827788
79287132420
79231012010
79290609751
79024488884
79181807789
79164122028
79172523404
79168384068
79169969646
79636258129
79603329122
79529474596
79161961586
79832573907
79268853888
79691207120
79193789937
79158269627
79269327929
79262340151
79250120012
74997555507
79163610304
79296064656
79221425602
79268258633
79153084991
79159269343
79623214013
79623763197
79031139365
79067063010
79873089707
79856651001
74992862206
79519261960
79181311659
79261326360
79857475668
79107603361
79612728211
79055033718
79088666671
79104614238
79879091121
79215441919
79101209901
79132025676
79176675265
79039443868
79064260596
79051090509
79204333050
79164510400
79519973360
79506468204
79647763112
79139204428
79382045244
79081367156
79274172022
79263035640
79165945647
79833787008
79196368008
79258337137
79286245481
79262443544
79096433995
79613937077
79165771718
79261009020
79044461600
79271253077
79130354333
79099112222
79265996062
79262950706
79613727078
79150682877
79259251088
79152185413
79636613496
79246167378
79113345666
79684104335
79134861199
79634762944
79276171398
79161854548
79505203834
79167469060
79086548230
79612445756
79052682853
79026690549
79207017906
79170000540
79261387788
79286826821
79037771194
79040330895
79818784865
79270616620
79195988596
79275017062
79535880448
79269412099
79028306000
79264262175
79101140630
79024488884
79815056252
79044289294
79062639609
79096726386
79688696668
79167889509
79263296554
79032270770
79612227362
79533666723
79611958765
79961169655
79279791796
79284136906
79139500906
79855432229
79112877017
79219070707
79652801973
79054133340
79164952079
79773998651
79222553359
79692811359
79060310971
79215921260
79139048957
79178670906
79110397354
79011865197
79111222231
79168888456
79252084248
79261387788
79252424472
79133992547
79265934403
79523348626
79002620312
79515924669
79251002201
79854774456
79164772112
79210117224
79034039015
79534904204
79266935557
79261536621
79137808105
79160403784
74932325458
79165289217
79183482612
79159269343
74732356845
79109769256
79104161215
79307078601
79169988801
79113111389
79528877704
79035985432
79082621999
79062125075
79204677878
79069713307
79268639377
79106644173
79198406150
79269371444
79096726386
79684104335
79167946240
79219595000
79186405829
79312281094
79303476645
79857775729
79038887878
79267813850
79647260043
79653186727
79263971455
79093950405
79035131336
79811202181
79206729752
79139777843
74959375212
79035308750
79631091773
79196778195
79056570588
79262154790
79044112336
74953225011
79685424784
79213345885
79161038133
79885737625
79197046567
79260556781
79511615348
79267333930
79186007814
79852240331
79856651001
79602731411
79184721887
79186986976
79145054455
79855498766
79207754589
79262258375
79938885500
79653433727
79259080347
79229895151
79030408600
79833176631
79504966771
79222918100
79277628480
79030136899
79259080347
79806861393
79113691726
73832230243
79654134713
79262150836
79163501821
79161677831
79202910874
79643428412
79859049594
79164298560
79140788618
79052557916
79164917744
79154465555
79610302797
79510605433
79067196866
79104379628
79231145599
79273443690
79057340412
79194717639
79277578905
79219473992
79061427737
79263330729
79161677831
79601056016
79254436816
79047686282
79500101683
79817334969
79150554827
79324444633
79182459607
79616372723
79110063249
79001215638
79261117626
79052112242
79954495854
79275730700
79203598166
79177474469
79629653044
79284018487
79065107974
79505948554
79268232143
79186737123
79160884934
79199492302
79255178557
79851713000
79037691867
79060643838
79163443722
79044822060
79096487771
79169132764
74932934106
79042999703
79957373508
79636680020
79226274613
79094459440
79061311965
79140690931
79612128666
79646353636
79174840851
79033008919
79514536698
79313534290
79035308750
79158851285
79057757596
79032469412
79150654139
79268317065
79032457942
79268258633
79537830711
79263299777
79204677878
79636675437
79068652349
79178413619
79032193660
79876548336
79246555656
79246968195
74932551422
79654448955
79881618244
79533680565
79128577811
79132547470
79048289035
79054570612
79165053307
79103359587
79852570795
79610475909
79109997494
79191299447
79623610152
79017531268
79295205413
79132506032
79303652362
79024306002
79530215606
79091175556
79206067056
79055244333
74956547950
79250251113
79262496192
79139500906
79030196999
79274549994
79611855190
79261343895
79099252395
79261699557
79065586619
79856451191
79141132369
79649838449
79995291512
79777403900
79044297777
79624214989
79160942643
79177770717
79269594767
79264021617
79164298560
79613392766
79899562585
79048939090
79036668354
79141026280
79612728211
79099846329
79182731017
79373914205
79268162141
79261783832
79206632266
79654122446
79110901290
79163637336
79218609864
79132328908
79186934601
79773594349
79600419461
79806327988
79265605482
79031755335
79852386699
79264099246
79162952907
79099984559
79261980266
79198406150
79224109254
79199806806
74954783838
79585882721
79209777077
79217732160
79166404509
79137688725
79033581027
79051071507
79536985596
79670170889
79244685547
79278915951
79035985432
79029909935
79511443577
79261699557
79853384095
79123799834
79186669955
79536333066
73422471978
79059918935
79160958448
79296469046
79296153343
79247542130
79644203317
79051942880
79154867656
79034674737
79161505559
79096112501
79208905830
79106819626
79081120967
79508148404
79110242263
79250030700
79037335224
79067164567
79605063770
79099262949
79779660996
79165338864
79056352257
79621643079
79601838434
79859748770
79122136782
79035727474
79535941541
79219649072
79313203011
79164326443
79177965661
79832573907
79163858438
79994434940
79264914050
79262259893
79145054455
79145288781
79258363285
79185104453
79605028363
79138769985
79262494763
79268714541
79102040538
74993436272
78332643522
79170486494
79832376094
79516475164
79175517558
79118956426
79185359743
79266769910
79189582958
79034000707
79080647386
79629911148
79161819940
79202731881
79035315045
79162140606
79645055238
79290609751
74959785872
79514658339
79164788993
79264186878
79152111925
79035992136
79055272666
79218560353
79219595000
79060668728
79151658221
79530670161
79153835436
74955108260
79132918685
79050152707
79031111525
79038355517
78332473902
79603994320
79821235145
79636076121
79852751124
79623612881
79537067503
79513000642
79280856802
79261872554
74956031874
79050262986
74959138444
79817334969
79099349434
79153788720
79133652558
79661447644
79036320774
79109902829
79160344233
79053185745
78301121306
79258674767
79654065601
79504692379
79274563453
79178312958
79261467146
79281198886
79254625015
79216113503
79611911126
79154593937
79266642944
79164169100
79219234902
79003260949
79263209237
79647699981
79274197997
79124760616
79203802257
79277186436
79878842826
79303402937
79629530708
79654050300
79163944477
79227286452
79203067699
79117246191
79144662777
79233648404
79094444693
79261187286
79267610958
79203439353
79119698958
78260211876
79161854548
79140549513
79500464325
79811579040
79173094322
79177318706
79195329014
79200170016
79536563801
79262103500
79288831488
79262078884
79032194830
79268106053
79267007045
79266707416
79272436436
79026418001
79028077307
79818784865
79039023636
79097201271
79181650871
79258363285
79013424272
79670666444
79850371370
79215441919
79109991614
79260179895
79803403416
79242206356
79266055355
79286438428
79616780101
79217609634
79036311546
79278943521
79196206931
79031080554
79147917357
79089058819
79271218917
79886157104
79185612133
79042999703
79638534609
79067814170
79271056434
79051554466
79613388800
79021479938
79115359959
79878395919
74942412923
79773159242
79132753077
79523992189
79264124424
79307078601
79106947646
79998499705
79260317777
79241018050
79202393270
79151054432
79516776093
79872903892
79176784328
79193420333
79688736220
79685603099
79831665590
79211883000
79032428529
79181151540
79624400023
79629338643
79254951714
79136009589
79107459361
79088018876
79056570588
79632076799
79282333338
79176660750
79123966431
79006050050
79029909935
79503617420
79296697760
79851225672
79119135584
79897066092
79190595197
70000000000
79198912110
79023585859
79142263936
79242133680
79841981250
79892696916
79102425407
79147358996
79083050923
79117231143
79040987961
79212711295
79117907550
79135343575
79174288820
79164081064
73422699214
79381110099
79046166831
79046343102
74997555507
79511903505
79897066092
79033790999
79086310284
79164055312
79265270379
79039023636
79536985596
79037509343
79857475668
79117198919
79033287237
79274053460
79031368715
79771923469
79046070162
79226519128
79193802893
79139255911
79203705540
79045829490
79096285865
79519973360
79064844086
79028049048
79262665735
78172797319
79615526956
79269594767
79169779809
79191071604
79671206699
79261460990
79269197041
79176646730
79263384949
79263725203
79603108458
79268106053
79165040838
79879055435
79269808044
79269358594
79501362159
79052588205
79514920893
79670096777
79035520008
79537729888
79509984582
79096039913
79215276928
79639953392
79136918359
79022885662
79099327539
79670096777
79224230311
79175066350
79641888887
79268456229
79529173270
79103973041
79177614886
74953230005
79222640386
79182630216
79117231143
73752920936
79263533330
79990026505
79519586544
79859348580
79265904452
79063881784
79241166891
79191005090
79222860390
79265600612
79160121474
79692811359
79056963394
79242303338
79272518393
79185416332
79851529424
79687454883
79098623431
79039023636
79190650575
79151025197
79134974237
79215810315
79150946237
79663367420
79067043077
79104658520
79614595089
79036225468
79275828315
79507081291
79629979999
79197350365
79655097777
79213451533
79237017972
79187421344
79154543889
79191117783
79652492888
79051356696
79026550118
79054716127
79216839161
79265416957
79611911126
79649738333
79778989773
79265942633
79876618898
79062125075
79661310367
79162644144
79819470245
73952247222
79161682881
79053141808
79514136884
79312610923
79185808905
79109125050
79607213281
79992396109
79510677069
79220752198
79604114749
79263840682
79278905230
79634762944
79028540858
79374770224
79080682627
79121351644
79636669936
79158635226
79036283085
79052278524
79263925615
79374701117
79647763112
78352641560
79152812492
79652912740
79264553923
79060689198
79200552444
79107235133
79296153343
79643274018
79062597366
79214433979
79032270770
79155566979
79065285868
79161580800
79212690799
78352483243
79225593316
79270361939
79178484777
79099218913
79162322999
79170975165
79066449241
79163330833
79063771985
79024488884
79098760491
79068906821
79384228025
79057000920
79685497798
79152028181
79851262602
79268823200
79274099643
79135154885
79859049594
79231269681
79817025612
79266256570
79856607879
79155688778
79132328908
79129997365
79141972837
79107154089
79877891319
79686837065
79110901290
79151487925
79680530011
79530999988
79112324218
79264099246
79262357896
79264744546
79127110548
79266086236
79057181890
79268106053
79182424277
79777717422
78202490454
79852392398
79603067679
79279825422
79266160599
79624941107
79250120012
79202837146
79610906939
79373577782
79160271620
79106689710
79032262244
79263219996
79036140184
79887621608
79176235684
78954447533
79035562310
79614553585
79101051777
79086626513
79604715623
79203521715
79055824400
79176531166
79663623377
79296763707
79132521197
79885885327
79600595606
79281610590
79616410440
79161296618
79096894628
79199999116
79023173335
79246628982
79524521100
79871406507
79081600249
79602562659
79089181330
79067888934
79056866748
79636059198
79263700356
79154902901
79189079055
79099303521
79254625015
79114305916
79081088330
79604551009
79036745267
79379526861
79829430460
74953506762
79500082906
79176036970
79004917622
79830025050
79063819210
79200504559
79060834402
79131033392
79282968866
79629285564
79872232422
79208785596
79137096732
79299026933
79612728211
79116987988
79084400419
79515151778
79201114403
79104837380
79080316512
79277223203
79651067111
79257946430
79165647749
79090372700
79043840834
79065249078
79044463384
79032687633
79222522213
79267287747
79210120069
79049888455
79043379667
79013717140
79268821219
79621522930
79273762018
79196368008
79853376317
79183742704
79616392716
79852233142
79163736399
79062054288
79263910403
79265992555
79526104926
79093479977
79035355940
79518888357
79621640300
79028785253
79244721603
79616703120
79171620822
79022682587
79066980862
79536517113
79030986865
79053845128
79530109163
79615808672
79254038002
79841946616
79068715885
79511642656
79279667998
79025095830
79197625572
79066701623
79043283299
79859786100
79169657096
79670605818
79183899375
79037851100
79195012725
79633648534
79151318676
79641195442
79260208240
79268653655
79632364833
79025566173
79286310011
79260778407
79030005550
79219638827
79261224672
79028546953
79051094864
79167226080
79036799969
79177945605
79127741240
79164377615
79163520599
79162355555
79522436946
79151766460
79169695538
79175105876
79651711768
79061458223
79180745410
79518011238
79099214434
79167411074
79268162725
79617382551
79527850093
79132133275
78412484575
78005506136
79265358001
79121365556
79282473666
79272898188
79056284188
79206721347
79853951846
79222517759
79062729677
79232235894
79027283650
79064446237
79060971020
79153680121
79128486626
79153792190
79036149996
79189639217
79027252757
79024781152
79034016878
79172613354
79058941223
79159083130
79116052239
79132327258
79041797938
79058966818
79268510510
79613050404
79874034730
79518277329
79621598539
79266970663
79054133775
79133002010
79165236789
79216746034
79817235691
79195120020
79189303013
79168856609
79046456965
79262257142
79169366007
79506139099
79211409180
79177348286
79151251234
79207451143
79636478402
79122222836
79818525910
79159935158
79062395056
79148802580
79262726268
79610516828
74956088766
79811224420
79682697770
79210776028
79036850886
79262093731
79036150324
79104477707
79876451228
79969374398
79103668467
79606505748
79653496029
79672609514
79028257397
79206128826
79168721943
74993171309
79167991135
79104591734
79129942414
79260524214
79049837961
79199968580
79284288039
79811982368
79680011001
79686337753
79057075476
79033429766
79266574740
79279555695
79258477149
79295895977
79615095901
79031817771
79209105649
79060378290
79384515556
79081777194
79637701814
79029139252
79161996760
79859270948
79196446773
79184647890
79093139445
79041676464
79308880333
79507068021
79853155555
79033951221
79805212444
79060731530
79059324790
79163155589
79639759530
79104683010
79021902751
79600992200
79519542197
79060579547
79537019419
79250001228
79205240411
78332714076
79624988807
79117917763
79279226666
79057808843
79031023282
79501169475
79213924814
79511953001
79067246540
79093033303
79038502470
79160240926
79776845535
79246572272
79258230034
79160734426
79084275151
79853801667
79151009029
79775778405
79215782730
79103449225
79264599894
79260101022
79275441117
79048929969
79213456567
79232203773
79371589445
79605671330
79033635894
79877154941
79063636332
79250376890
79203190956
78617612252
79630187680
79139724716
79030871030
79807241752
78172721784
79625327773
79629998275
79527783944
79189039744
79169877378
73512629040
79612358545
79174969142
79031790800
79167112118
79112400108
79630885885
79998545303
79539407242
79064645663
79085760489
79060660910
79651564333
79234156624
79163702075
79267332427
79091653394
79685148158
79043340510
79050066339
79262803366
79129097122
79162534546
79153933786
79200504871
79393926924
79500272921
79502013629
79626820881
79096768088
79113502565
79032754666
79017450828
79266304281
79139879808
79842962220
79263755576
79603958520
79651000071
79035369835
79208372649
79254427154
79204849981
79293695900
79671786331
79123963593
79998003083
79996730531
79129450033
79600987747
79194230496
79274527180
79228737396
79605227515
79161214609
74955094887
79652791313
79265386858
79500225854
79265699530
79172505470
79162406872
79023613982
79525491560
79209381429
79131926102
79167155100
79806603954
79031850661
79605321134
79264545143
79818878309
79174524063
79206436264
79521380709
79161099301
79510806060
79504112037
79276662266
79220793444
79038194371
79198498938
79083163671
79164595453
79023185368
79091536526
79062278886
79250272860
79967796166
79532620624
79250609176
79654298357
79269121983
79852162374
79856231782
79263440902
79051503191
79273830181
79235234999
79283286503
79628375502
79023166489
79953331906
79641707722
79024837081
79856896199
79259222600
79039086667
79829429698
79031615997
79534087914
79180473575
79039444446
79184671491
79262118026
79172548628
79217894204
79143351300
79261013572
79771397778
79670057331
79201180652
79033286786
79182578175
79214498464
79035762192
79265289156
79858744546
79602956685
79504687071
79262638897
79253770344
79236124242
79175194721
79774019394
79607334333
79262540531
79046638942
79117131864
79026177429
79510373306
79992095816
79523942570
79232553430
74956680901
79613191891
79263335204
79687929073
79165617550
79196363876
79289235356
79899506779
79258636190
79089134656
79967728569
79207484160
79173555255
79874381242
79261765663
78005055863
79052632465
79288071000
79283675797
79615694728
79085824573
79324812900
79626158199
79025349278
79167461017
79661305549
79523494360
79221197003
79166885906
79658199815
74955328618
79275390581
79684992343
79057885025
79283529502
79773093047
79811802425
79262469996
79150600685
79134571149
79217560454
79966077282
79879553399
79014242787
79252875460
79119498386
79231704600
79186305713
79166258413
79209500040
79269485273
79126939661
79250530393
79998398703
79165210566
79255147086
79160808310
79106962647
74932404303
79629050086
79185303888
79535031617
79624400587
79297193001
79050359956
79637204373
79515140220
79261174391
74993437340
79057872089
79038886869
79109941033
79164706119
79264243411
79183928287
79218732537
79266952818
79197795283
79110342173
79035858289
79048534607
79168689011
79023329579
79251438737
79112511945
79998306870
79661280759
79032685572
79652104234
79162744517
79523009275
79269220287
79855455444
79037907912
79153396751
79265747090
79171673696
79279998292
79031497148
79602712151
78312727448
79871667517
79370326002
79269164779
79169290166
79193330337
79082775417
79533629257
79149157220
79221865947
79144494647
79854637686
79858466550
79127428811
79163453540
79510508673
79270440002
79203084639
79132223870
79169849674
79600933911
74217543462
79608038424
79856687372
79226153015
79832022550
79632388808
79269248804
79806671187
79999991709
79023277228
79274660656
79651369219
79006059326
79086759696
79183456151
79035352111
79270392208
79264194161
79059515005
79258503111
79036279204
79017029616
79191778727
79855377235
79166065173
79168248228
79274398655
79182117077
79264500383
79515436565
79873858475
79266740002
79148419286
79154566818
79639424294
79519366702
79119009923
79085976786
78125741422
73452601466
79095129377
79686132577
79194710120
79234226969
79025479461
79147061992
79823095249
79160776424
79638289008
79069648894
79114747352
79156363163
79818950785
79181611301
79186431300
79269520886
79084403153
79092615240
79068738337
79373707973
79067614771
79998403333
79139459041
79161441140
79159952965
79171235679
79165963309
79605908383
79040145182
79130151764
79157147508
79268476152
79041115674
79104950858
79637220722
79222129322
79182682695
79099533124
79806889153
79096388560
79057371704
79246799190
79104135780
74956608414
79514487844
79167705507
79038069934
74995023529
79513316190
79263985206
79272495626
79227892103
74932499094
79057241858
79854864746
74522382452
79095481465
79058863562
79150948513
79183832222
79041279600
79151186668
79612445436
79995551002
79231774104
79191483827
79206702351
79267144990
79088471591
79263904057
79213783060
78332212135
79183913507
79619116031
79263546246
79689525501
79520770494
79284287578
79992179005
79185202170
79296472596
79102238350
79061717702
74832572507
79684647612
78136770373
79106127905
79025047296
79203691850
79196288190
79775235969
79051059459
79033427816
79652591440
79602375641
79262118599
79154465411
79536412233
79200591987
79180725363
74993476656
79276177476
79264646567
79521101413
79859915122
79203554405
79615713401
78334822736
79194840600
79200570708
79265813738
79872718191
79262800996
79058294881
79654274863
79262815758
79006099876
79536755747
79036843853
79500591054
79136182723
79186206094
79165471187
79774235405
79160604073
79050386396
79184877077
79261861738
79254943252
79372657347
79209568159
79807449010
79057704284
79173255709
79950892305
79263706317
79163452157
79613310833
79203524955
79516302043
79213395990
79254053945
79228504605
79132971012
79261887168
79872749797
79658898254
79123196495
79147776051
79232565557
79031264414
79998643410
74997662623
79250760908
79280842028
79204781745
79210573554
79261490704
79144431727
79872493194
78123855877
79645277922
79172592238
79647680949
79295267274
79372172021
79031960113
79520384872
79267475101
79312824314
79517912155
79996994634
79056300871
79516914584
79236021252
79035032133
79165326082
79852321569
79166056785
79638810284
79312909057
79282100287
79899573137
79036820242
79269702155
79295257709
79370350445
79167162734
79029272253
79775429472
79169036918
79167396644
79162765018
73513527422
79278427134
79036166201
79104925899
79131571996
79536081132
79161280950
79090003646
79217587181
79196977790
79173895129
79246487255
79163799418
79259030121
79680848280
79657852280
79262104643
79204718386
79218756252
79372105900
79649032813
79042520745
79637786000
79140454643
78005004611
79262257220
79154669223
79163130800
79060490444
79263694755
79161482863
79270020578
79619298283
79654129606
79655633336
79091674581
79775497525
79234238484
79235161049
79118463634
79175175746
79032923361
79066186964
79650600325
79055102102
79119971277
79243974196
79312098393
79998990443
79500391250
79060939966
79254162966
79061007186
79166262385
79115943100
79186261890
79295876643
79885854013
79262766242
79882436996
79653246797
79811992759
79038270533
74956605492
79164790353
79831493270
74993943401
79518637078
74957404779
79033711180
79263455408
79859227553
79697020225
79233203197
79197780190
79119895005
70216558512
79262838187
79652669755
79772629896
79296741235
79055953377
79226013942
79055035897
79603866054
79134789226
79037396390
79216381423
79265362653
79192947419
79062483727
79993333979
79110234145
79263037103
79276971869
79094627307
79195881197
79130084705
79137748374
79163362055
79052775247
79209726257
79278591507
79282350564
79220030519
79036814449
74953597466
79255794228
79630546180
79037244287
79960200013
79117016087
79161111505
79264193779
79164728890
79066982278
79168854242
79134154343
79151692623
79045724373
79990077578
79652626116
79227229292
79051093858
79165234795
79040015095
79063017499
79826224238
79851168785
79689469055
79068905283
79165327215
79145560386
79269073372
79393031169
79261283825
79507796636
79104918180
79201156373
79653812478
79257663540
79265667178
79221086564
79169510251
74955176000
79624409869
74957288993
79167903344
79035236313
79652266463
79284501094
79150390136
79859728288
79631518167
79606664156
79055873431
79026506472
79650034231
79151039472
79272389696
79217591253
79263659764
79257530003
79262790962
79028622333
79168416202
79083262691
79055117792
79044359411
79021227213
79629806980
79136726161
79519868888
79162868207
79284811333
79255761488
79648646337
79605612531
79154357680
79266328837
79260437773
79267451688
79199502636
79214237858
79161638560
79261796177
79263238328
79639956591
79166970797
79200193541
79038282570
79687697399
79229385550
79263764306
79163537653
79593541552
79104039901
79277545204
79164110216
79057752015
79162454088
79656044889
79650451743
79998192808
79126976268
79875329279
79053480929
79204734773
79885042900
79506610728
79604354173
79999958000
79167344214
79164145797
79236120303
79178919819
78007753112
79888979500
79231467643
79169532432
79266593535
79284431119
79891229777
79265271305
79105009299
79135420040
79111175162
79630812326
79188248100
79519911599
79013325699
79629357372
79035189923
79855764233
79506162457
79289117994
79112689472
79505626216
79608384046
79183932992
79160203493
79276198490
79629269405
79274610760
79511385214
79200292262
79055241851
79104180366
79083797908
79613809781
79514918672
79175183063
79605298368
79166183461
79178222229
79879563726
79817597873
79263772957
79013809919
79806743443
79231952285
79062782854
79112432032
79031564249
79825291413
79177064910
79266269090
79091260534
79169419816
73812566535
79602880880
79022585514
79067246842
79656647903
79046029826
79216329079
79035239826
79277244738
79119355562
79031947077
79082537372
79818517896
79313036269
79044999223
74732969179
79163288929
79152682238
79263352118
79655320529
79132699079
79265595069
79686824779
79652652207
79041111167
79615098341
79262622748
79852055115
79151395001
79158397020
79213874461
79067300902
79629416607
79656229916
79046615192
79264719971
79031887086
79636250052
79133211393
79081064780
79773005797
79191078541
79268270271
79185543359
79146957848
79124417417
79651144333
79051628456
79857721527
79057574766
79643410841
79299942777
79297269521
79279055391
79194179641
79774400403
79270881727
79157547254
79272032401
79878227054
79199956717
79027666683
79153034348
79601881318
79672466700
79671519090
73422220024
79262642965
79052032157
79817213041
79116026570
79629060357
79673211785
79055898702
79612056508
79044831763
79131700440
79677655866
79233440027
79539667074
79283259300
79139807768
79802449925
79033884219
79268293571
79037820863
79279440106
79067775697
79778185153
79263641531
79088694145
79037325419
79210785871
73433727967
79194524024
79271231048
79092468649
79119820523
79180831850
79195669333
79224092959
79811201680
79052890826
79228591521
79119172127
79204513922
79189114940
78003027703
79272638555
79196442838
79265958933
79214411356
79225505878
79858098554
79613012121
79260600048
79061973171
79260565603
79287022743
79608958199
79120733693
79183232805
79299855265
79600451595
79895084889
79163911223
79214422265
79245067317
79857584805
79133028625
79603924216
79270022566
79196366519
79195170986
79373089940
79174187389
79261473512
79264815991
79139796852
79261922224
79162580020
79118171085
79112728623
79063380555
79991695310
79158328888
79232746006
79653402235
79257008306
79851708000
79233758953
79265886563
79252811184
79854558215
79504160884
79033351416
79167090948
79313757736
79258438293
74956833728
79218195319
79177953934
79266844437
79206029372
79188679461
79128761528
79266695774
79672296692
79119537277
79645777177
79109917681
79203761610
79261990234
79648730020
79260624164
79272520709
79881603389
79188862464
79157091753
79969165446
79206799792
79246365534
79263135113
79621571553
79267318270
79271932022
79252752108
79165942251
79167407641
79503701413
79267186650
79048953057
79855282750
79529751153
79372215959
79191485000
79775705114
79209702550
79104222991
79610539939
79241707346
79090416643
79152001546
79273077639
79661161932
79176972755
79268183847
79600582885
78616732253
79158212739
79892108989
79504463194
79182694588
79081497155
79057275899
79207559528
73452740838
79085284408
79604868016
79253787777
79082179812
79585003847
79534323537
79119788648
79852422211
79179112335
79162011836
79500052993
79127192807
79124374978
79670749925
79209560004
79288140810
79003210999
79081465427
79229439835
79629282388
74956621291
79518906877
79526616953
79263617067
79164444337
79057801098
79607556432
79260770817
79062627905
79290509097
79274361939
79058057055
79155450295
79877065905
79272371726
79275925565
79628285025
79208376268
79134877059
79031026560
79297700828
79049825203
79646677139
79324272296
79526024300
79044965269
79851646988
79151279302
79264465534
79035422010
79204464509
79163549505
79137747501
79535058337
79161858033
79189963227
79085971999
79500858145
79031185204
79169505775
79154685200
79146673391
78005052058
79263635771
74991610053
79132455677
79092485059
79639199728
79371621537
79038722704