89043192318
89199023761
89042473534
89042493918
89042765417
89042792946
89090568228
89090607020
89090611757
89090614366
89090641550
89120145634
89120216239
89123141911
89124535939
89124554506
89124621232
89124642448
89124681925
89127403009
89127450957
89127497195
89127563110
89127571072
89128532528
89508350460
89512001566
89512002507
89518077379
89524037152
89524069884
89821260691
89821279508
89028384919
89042458973
89042473534
89042478642
89042493918
89042751603
89042751603
89042753622
89042753711
89042754015
89042765417
89042767739
89042767739
89042783883
89042783883
89042785630
89042790309
89042790309
89042790309
89042792946
89043100051
89043101464
89043101464
89043101657
89043101657
89043102451
89043102958
89043102958
89043103469
89043103469
89043106400
89043113953
89043113953
89043114850
89043119764
89043119764
89043126393
89043128980
89043161996
89043161996
89043164588
89043164588
89043176818
89043176818
89043177251
89043177251
89043181901
89043181901
89043185646
89043185646
89043186555
89043187826
89043192318
89043195530
89043198209
89048303837
89048311658
89048319833
89048319833
89048334402
89048335157
89048387492
89048387689
89048393501
89052522946
89052522946
89058743604
89058743604
89058745438
89058745438
89058745733
89058745733
89058748862
89058754641
89058760798
89058761005
89058762092
89058762092
89058763063
89058765895
89058769514
89058769514
89058774338
89058774338
89058775227
89058775227
89058778535
89058778535
89058779197
89061226072
89068160222
89068161746
89068161746
89068169999
89068169999
89068172517
89068174450
89068175767
89068175767
89068178250
89068181221
89068181221
89068181355
89068184007
89068188852
89068189725
89068189725
89068189755
89068196005
89068196005
89068197064
89068197744
89068197744
89068976000
89068976000
89090503455
89090503455
89090505623
89090505623
89090517794
89090519050
89090527914
89090533743
89090540724
89090540724
89090543838
89090543838
89090557274
89090557274
89090558555
89090570192
89090573070
89090573070
89090594095
89090594616
89090594616
89090599955
89090604343
89090604343
89090605040
89090606046
89090610292
89090610292
89090610293
89090610293
89090610330
89090611757
89090614242
89090614242
89090614366
89090616266
89090624499
89090625062
89090625265
89090635921
89090635921
89090641550
89090643722
89090643722
89090650557
89090650557
89090651003
89090669949
89090669949
89090678181
89090678181
89091074376
89091326075
89093110634
89097130115
89097130115
89097132012
89097132012
89097132659
89097133987
89097137597
89097137597
89097140950
89097144648
89097145243
89097151587
89097151587
89097154664
89097158683
89118160242
89120049905
89120055505
89120055505
89120069737
89120078679
89120103222
89120108292
89120108292
89120109323
89120109323
89120118860
89120120665
89120120665
89120133878
89120134772
89120134772
89120143987
89120145634
89120145711
89120149808
89120162019
89120162019
89120163287
89120166393
89120175549
89120175549
89120184134
89120191960
89120191960
89120191960
89120200310
89120201989
89120210210
89120216869
89120216869
89120223512
89120223752
89120223752
89120223752
89120223752
89120223752
89120224363
89120285892
89120286265
89120293750
89120293750
89120445533
89120445533
89120530011
89120531898
89120531898
89120531898
89120552109
89120557195
89123141911
89123456798
89123456798
89124401490
89124401615
89124407314
89124407314
89124412926
89124412926
89124414970
89124414970
89124425991
89124425991
89124426754
89124426754
89124426754
89124426754
89124440237
89124440237
89124443964
89124445718
89124452734
89124458185
89124461139
89124465797
89124465797
89124475504
89124475504
89124475504
89124477766
89124477766
89124478700
89124478700
89124481617
89124485866
89124485866
89124496253
89124497736
89124501909
89124501912
89124501912
89124508809
89124509648
89124513480
89124517912
89124517912
89124520970
89124520970
89124527986
89124527986
89124532350
89124540964
89124540964
89124541995
89124542312
89124543097
89124546120
89124550500
89124550500
89124551107
89124554823
89124566277
89124567328
89124571837
89124571837
89124572866
89124573482
89124576109
89124591402
89124613973
89124617663
89124617663
89124621232
89124621754
89124626090
89124626090
89124627711
89124627711
89124627779
89124627779
89124638587
89124638587
89124641061
89124644005
89124650687
89124652972
89124652972
89124656654
89124660619
89124660619
89124677174
89124679141
89124679555
89124681925
89124684632
89124684632
89124685990
89124685990
89124695731
89124696952
89124696952
89124698198
89124699195
89127402099
89127402099
89127403009
89127406914
89127407929
89127407929
89127411355
89127411355
89127411547
89127411547
89127413727
89127413727
89127414216
89127420560
89127420560
89127425521
89127425538
89127425538
89127425618
89127431917
89127433646
89127433870
89127433870
89127435355
89127440619
89127442683
89127442683
89127450571
89127450571
89127450957
89127453634
89127453634
89127454340
89127454953
89127455530
89127456788
89127460262
89127464246
89127464246
89127464246
89127470634
89127478548
89127478548
89127494019
89127496155
89127496155
89127497195
89127497508
89127497508
89127499329
89127501616
89127502191
89127502191
89127504002
89127504002
89127505064
89127511920
89127511920
89127516525
89127516525
89127522288
89127523431
89127523431
89127523934
89127523934
89127524747
89127525091
89127526361
89127526905
89127526905
89127530123
89127532042
89127532042
89127533006
89127534156
89127555970
89127555970
89127560409
89127561133
89127561133
89127562835
89127562835
89127563110
89127571072
89127575303
89127575303
89127576399
89127577539
89127585515
89127591606
89127591606
89127594389
89127600061
89127604200
89127610771
89127610772
89127612500
89127612500
89127614797
89127614797
89127616176
89127616176
89127616656
89127617911
89127624519
89127626102
89127626102
89127627950
89127628556
89127633319
89127633319
89127634363
89127635999
89127636454
89127637108
89127639037
89127639037
89127645265
89127645489
89127645489
89127645940
89127651767
89127652556
89127652556
89127653173
89127653184
89127653707
89127658700
89127658700
89127659055
89127659055
89127659265
89127661210
89127663338
89127663338
89127664213
89127664213
89127670320
89127675039
89127675039
89127675039
89127677888
89127677888
89127684394
89127684394
89127684981
89127687646
89127691413
89127691413
89127691413
89127692915
89127695303
89127880888
89128503159
89128505142
89128510475
89128511040
89128511040
89128512538
89128513369
89128517088
89128517096
89128517096
89128517804
89128518966
89128518966
89128519741
89128520011
89128520557
89128520557
89128520833
89128520833
89128522414
89128522414
89128522414
89128522414
89128522414
89128522414
89128527706
89128527706
89128532528
89128536545
89128539131
89128539192
89128541503
89128545245
89128545245
89128546385
89128546385
89128546972
89128546972
89128546972
89128548399
89128548399
89128549753
89128550002
89128550064
89128551466
89128553435
89128554622
89128554622
89128556454
89128557775
89128558064
89128561897
89128561897
89128561983
89128561983
89128561983
89128561983
89128562839
89128565918
89128566030
89128567285
89128567285
89128567804
89128567804
89128568567
89128568567
89128568788
89128570396
89128570396
89128571534
89128575229
89128575229
89128577989
89128581111
89128581947
89128585207
89128585207
89128593034
89128593034
89128593179
89128595531
89128595531
89128595538
89128706138
89128708223
89128708412
89128708412
89128713009
89128717308
89128717308
89128717473
89128717473
89128723688
89128723688
89128725514
89128725880
89128734237
89128734237
89128734930
89128734930
89128748526
89128752683
89128753136
89128753136
89128754111
89128755417
89128757946
89128757946
89128761808
89128765852
89128766795
89128770384
89128773107
89128773107
89128776535
89128776535
89128779733
89128785450
89128785450
89128791300
89151907628
89151907628
89167301177
89167655676
89167655676
89168647685
89170476070
89172255959
89173515629
89177336893
89177336893
89177473853
89177473853
89178685322
89191495984
89191495984
89197248216
89199000016
89199000248
89199002893
89199004765
89199007851
89199011711
89199012014
89199018169
89199020218
89199020218
89199020765
89199023761
89199040101
89199040101
89199041988
89199045772
89199046286
89199046286
89199047082
89199047082
89199053627
89199053627
89199054505
89199065199
89199066012
89199066012
89199070200
89199085309
89199096304
89199100013
89199100013
89199101882
89199105359
89199105359
89199105560
89199111409
89199111776
89199111776
89199120487
89199135131
89199135131
89199140701
89199140701
89199146274
89199146274
89199146948
89199146948
89199153059
89199160380
89199160380
89199166271
89199166271
89199168313
89199175859
89199178892
89199181418
89199181418
89199184646
89199186068
89199186068
89199190063
89199192062
89199194494
89199195554
89199195554
89217420305
89217420305
89222406647
89222415280
89223184200
89223184200
89223240344
89223240344
89223285383
89223285383
89223304554
89223465755
89223624957
89223624957
89225021233
89225031312
89225031312
89225050582
89225056912
89225056912
89225059893
89225100894
89225100894
89225102643
89225103787
89225103787
89225109509
89225109509
89225137439
89225173080
89225187679
89225210832
89225210832
89225219799
89225231613
89225289989
89226412862
89226412862
89226803109
89226803109
89226803944
89226803944
89226803944
89226805535
89226805535
89226807984
89226807984
89226815457
89226815643
89226815643
89226818484
89226818484
89226819701
89226819701
89226822817
89226822817
89226825926
89226825926
89226825926
89226825926
89226844601
89226847391
89226847391
89226852908
89226860747
89226860747
89226864967
89226899770
89226899770
89226906152
89226906152
89226908111
89226908111
89226915829
89226928530
89226928530
89226937271
89252282850
89280372023
89280372023
89292104474
89292104474
89292778505
89501504148
89501504148
89501508725
89501508725
89501511893
89501512265
89501520676
89501520676
89501539801
89501542746
89501551451
89501551451
89501551958
89501551958
89501552023
89501555646
89501570549
89501570549
89501573111
89501579245
89501579245
89501586460
89501586460
89501592383
89501593114
89501593114
89501597539
89501598861
89501599329
89501600443
89501600443
89501609306
89501613754
89501618081
89501620544
89501620544
89501628502
89501628502
89501630634
89501630634
89501632552
89501632552
89501636334
89501636334
89501638980
89501638980
89501657718
89501657718
89501667682
89501667682
89501671247
89501671247
89501672468
89501672653
89501672653
89501687999
89501687999
89501688759
89501699328
89501701614
89501701614
89501701978
89501752160
89501771144
89501771144
89501786409
89501786409
89508103413
89508103413
89508105845
89508107646
89508108874
89508111333
89508135600
89508135600
89508146903
89508152408
89508163051
89508163051
89508167404
89508169954
89508169954
89508170042
89508170042
89508194887
89508207812
89508207812
89508209105
89508229391
89508240054
89508240054
89508244640
89508244640
89508245480
89508245480
89508246802
89508246802
89508250023
89508253044
89508253044
89508254097
89508254097
89508261870
89508298408
89508310001
89508310001
89508321942
89508321942
89508323365
89508347004
89508350460
89508353641
89508354456
89508354456
89508354559
89508379509
89508385253
89508394333
89508394333
89511936518
89511944426
89511949421
89511954419
89511954419
89511975427
89511978800
89511978800
89511979639
89511982688
89511993329
89511999572
89512001566
89512002507
89512017480
89512017480
89512022082
89512041521
89512041521
89512046828
89512046828
89512054940
89512054940
89512069065
89512101824
89512101824
89512121643
89512128833
89512128833
89512129623
89512138181
89512157879
89512157879
89512166053
89512166053
89512166361
89512166361
89512177717
89512177717
89518077379
89524009977
89524009977
89524037152
89524045058
89524045058
89524056168
89524087874
89524087874
89524099502
89524099502
89617564646
89617564646
89625467744
89630269888
89630269888
89634334242
89634334242
89634802020
89634802020
89634806662
89634806662
89634807636
89634807636
89634817825
89634817825
89635405844
89635405844
89635415937
89635415937
89635435703
89635435703
89635435703
89635435703
89635441199
89635455959
89635460452
89635466965
89635466965
89635482818
89635482818
89635490957
89635490957
89641801909
89641801909
89641803305
89641807117
89641812888
89641812888
89641829265
89641835656
89641835656
89641843557
89641843557
89645879292
89645879292
89649541089
89649541089
89658404627
89658404627
89658407777
89658407777
89658425841
89658425841
89658428223
89658436378
89658436378
89658443261
89658447813
89658456666
89658456666
89658459422
89658464719
89658471319
89658471319
89658478352
89658479221
89658479221
89658517272
89658527606
89658527606
89821154233
89821154233
89821187272
89821210257
89821210257
89821211354
89821221632
89821221632
89821225060
89821242524
89821254240
89821254240
89821274290
89821274290
89821279508
89821466090
89821466090
89827907134
89827932030
89827937818
89827949228
89827949228
89827959668
89827967076
89828224801
89828265088
89828265088
89828339023
89829906692
89829906692
89829906810
89829906810
89829924208
89829924208
89829927474
89829933953
89829933953
89829941964
89829956554
89829960336
89829974002
89829974002
89829984444
89872844513
89872844513
89991893739
8,90689E+11
891991980920
890*90555174
890*90555174
8912*4573482