79000776526
79004532938
79004755723
79004949000
79005260600
79005629530
79005752414
79011451099
79014974474
79015113647
79018475239
79020029003
79020041504
79020985677
79021155976
79022037400
79022440015
79022559769
79022678228
79023114853
79023258312
79023621380
79023637464
79023638944
79023719799
79023747665
79024728669
79024744474
79024782950
79024788847
79025652179
79026037212
79026478023
79026632641
79026688167
79027220610
79027229969
79027322192
79027921556
79027944235
79027997097
79028012922
79028132677
79028163350
79028251480
79028253197
79028389622
79028629254
79028729161
79028731061
79029027484
79030019046
79031574477
79033055378
79033142552
79033207558
79033279779
79033289357
79033323413
79033458636
79033509757
79033650517
79033699977
79033702116
79033768299
79033850912
79033934110
79033998029
79034065959
79034066326
79034290910
79034324770
79034334036
79034357805
79034359150
79034363988
79034368340
79034445496
79034468884
79034649347
79034739190
79034866668
79036364858
79036428053
79036510185
79036550611
79037175135
79037175135
79038080934
79038215515
79038334310
79038365169
79038717485
79038740238
79038770724
79038784672
79038788907
79039040107
79039271579
79039485461
79039518641
79039588705
79040172750
79040725769
79040935151
79041003632
79041094688
79041719559
79041995932
79042187128
79042416050
79043061643
79043239208
79043919454
79044403006
79044414833
79044448092
79044733504
79044782171
79044930372
79045323062
79045383000
79046797284
79047004941
79047646240
79047646420
79047696673
79047697668
79047743378
79047761225
79047778015
79047884793
79048050107
79048050137
79048277674
79048554118
79048843410
79048855969
79048886329
79048893699
79048907046
79049417840
79049720434
79050194765
79050472888
79050479680
79050561914
79050636385
79050891313
79051210042
79051245421
79051333238
79051362001
79051378470
79051644770
79051655536
79051655542
79051685598
79051879378
79053036273
79053202749
79053324353
79053492660
79053560700
79053568831
79053689361
79053700378
79053708201
79053727177
79053904515
79054100816
79054130922
79054180404
79054290511
79054432920
79054525550
79054949669
79055747250
79056207526
79056721256
79056931194
79058190056
79058199293
79058311527
79058460550
79058572465
79058778925
79058813545
79058892822
79058995320
79059455504
79061005553
79061155755
79061202233
79061596846
79061839883
79061839893
79061885013
79063075791
79063300767
79063314782
79063366087
79063417059
79063514476
79063516900
79063601046
79063940626
79064105362
79064295546
79064838742
79064863496
79064999923
79065755517
79065797212
79066051522
79066379581
79066480004
79066571986
79066633800
79066890935
79068729077
79069410112
79080502114
79080864633
79081003119
79081214045
79081243244
79081275717
79081403220
79081674032
79081775394
79082493500
79082553538
79084037984
79084802884
79084830192
79084905900
79085008300
79085228425
79085769377
79085795754
79085887128
79086310151
79087381266
79087941742
79088356653
79088602042
79088627106
79088747578
79088865005
79088872798
79090810251
79091196416
79091789250
79092036913
79092094171
79092222979
79092252229
79092359899
79092437111
79093077294
79093080534
79093196611
79093377699
79093513088
79093524578
79093690715
79093699618
79093764806
79093778442
79093866231
79094304976
79094393936
79094436395
79094627264
79094700179
79094780002
79094833773
79094866911
79094932828
79094937757
79094982838
79095433435
79095439952
79097157151
79097473824
79097545223
79097560415
79097761886
79098816182
79099963407
79100570487
79100572945
79100907100
79101038246
79101400047
79101566510
79101681318
79101795321
79102080967
79102157346
79102294006
79102420816
79102776080
79102919800
79102979462
79103012357
79103104142
79103112714
79103117627
79103132946
79103137582
79103167079
79103217657
79103246597
79103334313
79103334314
79103603410
79103619915
79103660088
79103664433
79103828357
79105008847
79105121612
79105228972
79105261892
79105472502
79105541137
79105620963
79105650122
79105793939
79106049359
79106080865
79106102244
79106121054
79106151505
79106245413
79106303460
79106456424
79106541709
79106541735
79106555558
79106569656
79106604536
79106663101
79106718767
79106723784
79106730051
79106784379
79107004964
79107073587
79107079115
79107306373
79107332518
79107362100
79107370169
79107372210
79107483711
79107485915
79107509000
79107549952
79107552029
79107566988
79107763303
79107817181
79107882693
79108101993
79108555875
79108603315
79108770997
79109010494
79109084227
79109084947
79109095242
79109107691
79109131166
79109133100
79109148016
79109292577
79109296949
79109483593
79109601291
79111220110
79111699105
79112201883
79112478320
79113998625
79114054247
79115035523
79115071399
79115141154
79118510484
79118956828
79120102444
79120629871
79120647305
79121558384
79122876568
79123376719
79123685911
79123850042
79123932020
79124406646
79124406647
79124406775
79124425525
79124446930
79124654629
79124787269
79125234766
79125773255
79125996357
79126004188
79126076900
79126884888
79127312474
79127494237
79127931886
79128216117
79128279147
79128335264
79128355870
79128399707
79128446532
79128532420
79128566251
79128571734
79128597694
79128782844
79128957955
79129477861
79129730767
79129771261
79129796581
79130045427
79130067721
79130470963
79130609966
79131091830
79132106510
79132106865
79132346335
79132407562
79132477494
79132506222
79133960606
79134026002
79136200728
79136227858
79136308879
79136338404
79136516473
79136736647
79136775791
79136786407
79137004444
79137172605
79137446141
79137544375
79138257740
79138500190
79138532552
79138545404
79138568333
79138978454
79139003294
79139055195
79139066636
79139126211
79139165723
79139252789
79139433552
79139467222
79139537025
79139655189
79139678017
79139745508
79139851267
79139899622
79139997917
79139999111
79141897919
79142370959
79142710544
79142711124
79142711922
79142755885
79147403805
79149266130
79155152503
79155628617
79155646826
79155710000
79155736343
79155778170
79156958777
79157503631
79157574441
79157635695
79157635780
79157795480
79158136192
79158804907
79158805588
79158882222
79158882883
79158888758
79158917772
79159273703
79159631902
79159700404
79159970481
79160036622
79160036622
79160572151
79163769476
79164933354
79164997859
79166459012
79170806762
79170919449
79171259318
79171848001
79172000052
79172304633
79172320799
79172349054
79172380646
79172527896
79172644290
79173004556
79173406888
79173438188
79173520000
79173710721
79173826650
79173945378
79173984309
79174101880
79174493554
79174691359
79176219967
79176406060
79176579925
79176828506
79176880190
79176947266
79177334153
79177583577
79177617870
79177722877
79177733262
79177733263
79178040404
79178110000
79178275153
79178300658
79178808099
79178815673
79178975754
79179000900
79179038178
79179398978
79179659868
79179912750
79179972121
79180141614
79180286750
79180473477
79180477088
79180494604
79180501212
79180606023
79180798885
79180865555
79180905557
79181222229
79181529038
79182095500
79182141357
79182474444
79182504906
79182509105
79182552522
79182922579
79183108620
79183122391
79183249964
79183485860
79183552616
79183557161
79183913304
79183949347
79183959038
79184042044
79184126114
79184186709
79184202332
79184343184
79184352620
79184367403
79184420523
79184440919
79184454063
79184456162
79184494485
79184629567
79184828844
79184882733
79184919827
79185038227
79185262150
79185270536
79185308700
79185338111
79185374747
79185424939
79185561174
79185687809
79186134172
79186348003
79186369500
79186639399
79186812526
79186814011
79186900813
79186900843
79187421838
79187675288
79187700930
79188312516
79188586398
79188687715
79188849303
79188882755
79189059048
79189134117
79189204248
79189504735
79189610142
79189767730
79189823898
79189839864
79189871263
79190012233
79190053740
79190100455
79190390404
79190473030
79190692000
79191147737
79191935974
79192006906
79192260911
79192814347
79192821124
79192847577
79192867505
79192873770
79193151869
79194250506
79194343400
79195810360
79196006677
79196345563
79196941144
79197358925
79198469999
79198540003
79198930349
79199254868
79199590002
79200032877
79200036000
79200548632
79200750242
79200803232
79201000877
79201116577
79201569515
79201872021
79202024009
79202047919
79202088591
79202116489
79202156317
79202282188
79202322828
79202533515
79202657936
79202802905
79202821621
79202827641
79202991982
79203895296
79204088444
79204114720
79204205969
79204330132
79204626506
79204873792
79204899058
79205530444
79205543107
79205560627
79205720298
79205813591
79206011222
79206108117
79206150040
79206155344
79206229508
79206250213
79206253588
79206254948
79206662663
79206954223
79207001212
79207314646
79207424948
79207719669
79207893010
79209091166
79209096603
79209121155
79209121177
79209121188
79209202055
79209202929
79209299610
79209336464
79209440211
79209539204
79209605777
79209677971
79209723222
79209726921
79209895169
79209974947
79210331092
79210504747
79210621050
79210694483
79211247382
79213769401
79215400018
79216028280
79216940088
79219667548
79220726104
79220753080
79220999998
79221094117
79221509672
79221680601
79221811104
79221915004
79222220773
79222440597
79222450464
79222659280
79222972343
79224108869
79224276300
79224751842
79224810355
79224810533
79225316578
79225361965
79225623309
79225624549
79225624649
79225631511
79225656004
79226048102
79226247116
79226257292
79226468279
79226492277
79226597211
79226628304
79226723206
79226781649
79226827444
79226839430
79227571162
79227785726
79227882112
79228250960
79228361555
79228500404
79228534961
79228873624
79228881815
79229157373
79230460404
79231102239
79231118884
79231171171
79231478741
79232430037
79232430047
79232437775
79234436952
79236429825
79236562006
79236960102
79237554621
79241815116
79242532574
79242771903
79242950101
79243046621
79245677765
79246621045
79247657028
79250052037
79251234567
79251241220
79257409144
79260011051
79262047888
79265764241
79266760535
79267378113
79268242214
79270027310
79270133900
79270286609
79270343907
79270871243
79270982071
79271088459
79271168880
79271728289
79271906351
79272054563
79272076642
79272129292
79272251655
79272330228
79272340558
79272353100
79272452619
79272503999
79272544063
79272574465
79272691736
79272701639
79272707036
79272708830
79272730770
79272768617
79272769084
79272792626
79272822216
79272822410
79272824295
79272828702
79272860544
79272862913
79272895942
79272895950
79272899647
79272899888
79272941385
79273006390
79273007977
79273016368
79273198783
79273655043
79273767873
79273790454
79273838366
79273880744
79273929647
79274006769
79274142851
79274305558
79274470004
79274555937
79274634451
79274701681
79274709995
79274709999
79274755777
79274757788
79274898987
79275092474
79275100020
79275100303
79275104131
79275104577
79275105030
79275106161
79275106710
79275117175
79275130282
79275171380
79275202607
79275266006
79275526960
79275578979
79275699112
79275702948
79275718530
79275728257
79276140730
79276142201
79276265253
79276340232
79276340594
79276366858
79276515265
79276766606
79276922831
79277357106
79277459968
79277912260
79278144709
79278157711
79278291055
79278738846
79278820254
79278822179
79278886844
79279222281
79279272267
79279473792
79279773882
79279890550
79279890770
79280000077
79280000608
79280000616
79280006131
79280012662
79280030295
79280058886
79280615651
79280666660
79280669080
79280691384
79280761339
79280801144
79280909732
79281082608
79281169002
79281292855
79281324685
79281388828
79281512525
79281530661
79281579512
79281680241
79281839648
79281846843
79281896362
79281972183
79282266320
79282555541
79282566578
79282645695
79282791198
79282794229
79282795483
79282799209
79282964179
79283036398
79283154684
79283210723
79283212256
79283219938
79283219956
79283360404
79283395633
79283438595
79283449422
79283458904
79283501199
79283503995
79283551755
79283648324
79283700302
79283825152
79283891285
79284234878
79284278685
79284383684
79284410471
79284429452
79284447670
79284569359
79284571162
79284600363
79284680864
79284688405
79284798299
79284873187
79284921833
79285104514
79285266747
79285330733
79285398939
79285449010
79286061654
79286079191
79286192525
79286272040
79286299277
79286415407
79286426449
79286607910
79286686400
79286687879
79286724842
79286888485
79286906787
79286950808
79287029376
79287130927
79287397210
79287432391
79287449070
79287691065
79287809869
79287877717
79287916258
79287934133
79288280333
79288341885
79288490147
79288551505
79288572027
79288760998
79288845242
79288845575
79288957769
79289021232
79289043921
79289061073
79289192982
79289199091
79289199902
79289633313
79289840633
79290000593
79290150021
79290161617
79290165506
79290291009
79290613232
79292133562
79292728888
79297345591
79297701155
79297733733
79297906861
79298032244
79298035593
79298222988
79298505530
79300630186
79301640333
79304038585
79304067979
79307218150
79307400634
79308219800
79308330628
79308408484
79308553330
79315056274
79315056293
79320925159
79324711717
79328439555
79331609051
79370837070
79371181024
79371227070
79371605955
79371792085
79371979202
79372003737
79372092109
79372362909
79372410556
79372761355
79372932024
79373023250
79373155491
79373155755
79373357014
79373398828
79373441115
79373610556
79373618380
79373643504
79373692232
79373910171
79374126210
79374278544
79374461767
79374550001
79374573664
79374909620
79375104303
79375257964
79375481716
79375762604
79375828125
79376594138
79377120110
79377776799
79380133323
79381106155
79381109155
79381144221
79382051505
79383012008
79383110555
79383496543
79383521212
79384110604
79385053335
79388899660
79501527340
79501937074
79502311107
79504494565
79504803913
79504805533
79504814376
79504938315
79505847007
79506279835
79506387791
79507003443
79507993773
79508347444
79508441508
79508454646
79508725696
79508727777
79508749140
79509005596
79510629616
79510780612
79510811112
79510955535
79510969867
79511313758
79511482569
79512502657
79512663021
79512732834
79513228601
79513268383
79513344606
79515522628
79517068306
79517181165
79517683155
79517688583
79517696513
79518399211
79518472126
79519762626
79520466100
79521952252
79523464744
79523903628
79524090096
79524216313
79524247755
79524294231
79525115078
79525333555
79525880216
79526016017
79526777530
79526779126
79528585273
79528861063
79529000430
79530466396
79533210202
79533217000
79534279807
79534290051
79536389206
79536504564
79536598836
79536745614
79537062505
79537077925
79537326049
79537805854
79538112511
79538197726
79539769080
79600400630
79600722777
79600765334
79600800622
79601455751
79603226643
79603722822
79603725228
79604198666
79604568825
79604653016
79606856688
79606895803
79606900070
79606999768
79607191081
79607208205
79608158641
79608511927
79608536858
79608612222
79608900278
79608903391
79608903393
79608960201
79609465775
79609701820
79610159260
79610532234
79610597648
79610683072
79610967112
79610999898
79611222277
79611306767
79611349929
79611490504
79611643667
79611683240
79611918020
79611960644
79611992355
79612048781
79612400635
79612507999
79612870077
79613099031
79613201586
79613234001
79613613151
79614096356
79614106663
79614517577
79614835286
79615035000
79615634271
79615859770
79616290734
79616901978
79617879905
79618199111
79618412117
79619245180
79619392079
79619641010
79620115544
79620500038
79622188888
79622380142
79622801864
79623070075
79623070760
79623573212
79623800802
79623902114
79624229955
79624429479
79624430924
79624436364
79624476675
79624482534
79624534845
79624752422
79624829808
79624854236
79625035888
79625308094
79625422494
79625761091
79625784990
79626347569
79626555066
79627653030
79627913943
79628020066
79628325092
79628550357
79628709703
79628815222
79630022222
79630068259
79630961430
79631077107
79631091016
79631230808
79631298020
79631638750
79632745097
79632861985
79632951354
79634214015
79634266959
79634450103
79635008899
79635084920
79635438288
79635839999
79637195333
79637916888
79638333402
79638661117
79640063055
79640660011
79642481448
79643219914
79646605993
79649054161
79649140000
79649638584
79649943138
79653655767
79656004302
79656200591
79656333568
79657157150
79657418903
79658657404
79659372525
79659731111
79659732222
79661306609
79673790011
79674620262
79675033066
79677509135
79679558950
79682648459
79682664443
79682682979
79778517576
79782152214
79787060941
79787185373
79787185374
79787435070
79787435073
79787520111
79787551615
79788504329
79788997878
79789560633
79789848388
79789848388
79803093179
79803279919
79803338090
79806600776
79806723040
79806723041
79806770404
79807218071
79821168848
79822805016
79823024880
79823606466
79823685662
79824811803
79825037869
79826009060
79827432391
79829096888
79829148827
79829983413
79835106130
79835207016
79836268957
79842987747
79851092016
79851614089
79851846071
79853855847
79854893819
79856434121
79870102399
79871055011
79872540207
79872832130
79872900028
79872973607
79873335111
79873378772
79873383333
79873638987
79874344684
79874820008
79875074177
79875850622
79876582674
79876584552
79877702065
79877958077
79878471748
79880074209
79880940844
79881157920
79881453836
79881680000
79881811772
79882001818
79882332200
79882429370
79882910075
79882910884
79882914156
79882916141
79882920900
79882929294
79882935459
79883339834
79883371337
79884610304
79885013408
79885789562
79886950757
79887445286
79887475727
79887551010
79887630033
79887652260
79887699958
79887997519
79888338390
79889409400
79889655980
79890889999
79891402325
79892721010
79896508845
79897177061
79898287770
79899598145
79919300338
79968000404
79990447333
79991550777
79991550944
79995169076
79996007505