79288800738
79775646058
79996975564
79259992859
79898182227
79066872016
79165574893
79165220683
79154153463
79183999991
79613266001
79180104449
79857521858
79628872927
79265272554
79081808931
79281177720
79096777751
79787049642
79185075169
79891295559
79064521237
79168753456
79614308307
79286269062
79286102050
79604573535
79996947730
79882530565
79896188496
79281111012
79996942413
79525655102
79043402169
79889499410
79888960240
79518328970
79198763888
79515260011
79281820888
79195321229
79081859111
79882561511
79604781709
79286162654
79897162617
79180110336
79615163855
79885651057
79895189960
79612964910
79612986407
79289090992
79999999013
79996976005
79604616060
79286611921
79998293248
79036601885
79671670078
79892810111
79281830201
79185244754
79525779397
79281151303
79882598522
79888903266
79614393191
79185362180
79885356200
79287566684
79185290360
79604458888
79613186852
79198752323
79885584023
79182926125
79604857525
79514933833
79525797091
79045049966
79892958778
79381211113
79895215266
79035058410
79184442788
79885301955
79508558497
79887392205
79085147402
79614022221
79188552022
79189668501
79289571515
79194939387
79268757588
79044404001
79266286651
79999852046
79295064122
79094397609
79085152672
79648910101
79189774242
79885650290
79604882630
79085163941
79508613620
79286100949
79997114160
79281988182
79996340776
79889925578
79614317901
79526050329
79094399932
79002800007
79186220452
79198774889
79094004433
79034314454
79385005750
79787528543
79287241636
79183433640
79183442266
79615120036
79887625774
79528637575
79897667385
79886033492
79897747904
79034612626
79054284723
79061846838
79064217557
79045065013
79281049293
79281643008
79198822284
79281286383
79282296482
79281439666
79286117613
79281392238
79281764302
79286041357
79286044696
79612755261
79889988364
79897166144
79604606983
79896101680
79885869096
79897009773
79897212454
79897251565
79897040158
79897044891
79885550959
79508473855
79508497535
79043429307
79043483756
79085049309
79525728497
79651097265
79613170104
79889996626
79514998089
79189334647
79104794519
79184444263
79054510604
79515346935
79851879576
79081767050
79612791414
79281116999
79198857299
79189129338
79183600040
79889452740
79287684066
79185181299
79163413608
79044457176
79888905940
79183572924
79187809772
79899873568
79081829486
79287587599
79094193759
79180724512
79286327782
79385117448
79184984283
79282080319
79034058383
79525611555
79044435650
79281580529
79180227772
79604538359
79198940708
79613112222
79151637163
79054752228
79180775856
79198895211
79385178966
79614364107
79996321246
79996965636
79615882942
79250838395
79515081215
79281889548
79508652815
79524158785
79286094235
79287550203
79280448601
79182725131
79281478915
79198753354
79381049102
79198882728
79183379090
79996513666
79045068009
79885709245
79185374380
79185530249
79287607606
79889909955
79081920938
79198817419
79286010044
79896241965
79885618417
79889971525
79888962368
79895374644
79054535588
79885755355
79188537954
79188538209
79518262004
79260200663
79854922685
79175358240
79286086016
79281837791
79604454999
79613009300
79614308101
79649474344
79094033933
79881573797
79189197007
79185552189
79188997660
79281778892
79787618925
79269355391
79200588814
79181277740
79898380775
79615221333
79604551696
79895040114
79185074541
79183851175
79181888108
79183421822
79996394993
79002514941
79385008525
79528474516
79260777868
79884740270
79859766553
79885536193
79043400888
79043429994
79094129777
79081798639
79615096321
79280437607
79286187735
79850502828
79198803600
79183548975
79530849445
79996262846
79185428883
79604444999
79895348662
79185859633
79508591960
79515327011
79189997699
79287795638
79188920001
79888901997
79896376333
79508503001
79286055511
79198937371
79183577777
79180813321
79189810616
79649105452
79284049159
79253111700
79892459210
79518467126
79385446804
79508612666
79185314254
79198837319
79001226758
79002531733
79034344347
79094612483
79186220446
79896243669
79186390943
79186662929
79184478357
79882549676
79189522502
79615344417
79265833736
79604752745
79881696683
79885396899
79885475091
79885487708
79886777773
79885666511
79628831675
79280422714
79286059010
79381646624
79258846330
79184119025
79897262700
79514921027
79885276377
79185016899
79614011572
79381617900
79185980873
79064166889
79282960160
79604553730
79180301375
79183458641
79289072688
79057554761
79852054175
79892600500
79284256895
79654705777
79881400488
79281428585
79281890440
79034636352
79885848960
79889980841
79889526180
79384716860
79649339909
79150752216
79788145055
79279889083
79085159278
79885725134
79031313778
79104250922
79185713070
79515375012
79612913201
79525851022
79188555022
79198839533
79182444868
79885256715
79885455448
79883804444
79152377405
79885320382
79882875696
79673158286
79996504971
79384000632
79085004831
79645155294
79185902086
79604973671
79182602983
79181393351
79262555964
79604504499
79183585045
79528613198
79186655743
79183464834
79183997957
79381479288
79184412289
79185457066
79676700747
79384747147
79186215028
79181810037
79282467748
79289035333
79889493511
79281544955
79895236067
79265611346
79038044232
79613135519
79180741551
79281337776
79183236779
79180472501
79615198812
79085044412
79085062110
79788868299
79885142279
79885383337
79885432231
79888902753
79896363447
79996911025
79996945695
79788102202
79182571172
79218800850
79298440650
79384583353
79054787575
79180970384
79185461778
79180008608
79175803326
79197336688
79381052569
79888949373
79520541176
79054140054
79996377526
79287712227
79287694967
79094024205
79168240501
79181230414
79182467117
79885651250
79887663504
79186699935
79185553796
79186344628
79612706303
79781106008
79034344933
79185447050
79281617241
79164805022
79153184520
79636038745
79281325655
79281652913
79185555007
79281144990
79198979516
79185825343
79885549098
79185151415
79892359613
79676636363
79254117529
79885555565
79184609068
79180540750
79614053503
79054554741
79996979814
79180289512
79281607200
79181730593
79281851263
79281359828
79261550696
79061855224
79374150937
79883339522
79185580961
79888916564
79085112726
79286052000
79198944237
79054329222
79381020276
79286033097
79045013864
79281539173
79287585458
79198879710
79085101234
79897278807
79612927885
79185364981
79095546618
79629181330
79628877212
79951866493
79189885168
79032326326
79281131112
79161268792
79035448474
79185404862
79182923273
79183445573
79897099259
79287523330
79613080020
79281618928
79253111249
79853662127
79852644747
79281463839
79852047072
79182074774
79185558245
79281581615
79260866525
79185337765
79307493432
79281090636
79180746031
79262861235
79282828345
79613171355
79508665626
79043489521
79612761551
79896185118
79185067738
79312514100
79686616616
79090534435
79265739396
79637127670
79189879347
79885529898
79185484801
79518307766
79282706820
79198749075
79287797066
79281917676
79281628698
79885393034
79213579646
79885721674
79897195527
79187726326
79064390855
79298414492
79185981713
79880051970
79613107699
79782013412
79287702360
79185771555
79281720542
79604722220
79250523332
79001243001
79610866506
79885510521
79054386038
79778704588
79897670719
79298433174
79180000228
79615195868
79615172144
79152385021
79186067200
79528253387
79892639777
79654612447
79673075717
79094499234
79094468143
79183888885
79094589074
79184125977
79180603303
79883378553
79885219358
79182955565
79525628647
79081797077
79896201005
79897009618
79054864000
79996990700
79515021021
79001296445
79064295927
79613051072
79286074506
79184541723
79282035247
79094600426
79288531853
79186951701
79524168742
79896328090
79612890559
79613115737
79881804774
79898157734
79189797575
79615338333
79064332800
79284004066
79649120510
79002845872
79094449949
79183319601
79094141469
79286210663
79298170998
79289545545
79518279027
79895240577
79064544111
79649394822
79889933233
79034393333
79185238360
79518265876
79281236530
79185290616
79185553398
79281301325
79185342395
79281001484
79604583523
79604612345
79185892658
79518401367
79281039548
79885183220
79185458553
79281117912
79515175515
79281477177
79525897844
79604666622
79188998702
79885531768
79054285378
79885566327
79889408653
79515300430
79281012929
79889447434
79281426086
79885777886
79188583875
79896370031
79895140565
79885495025
79043443531
79064540734
79183733883
79882895000
79002344595
79034111286
79882400020
79186279688
79180484404
79183571361
79180722229
79183695766
79181450534
79892685255
79182699030
79528119551
79186491814
79182148816
79952080575
79184176888
79184114650
79184669887
79186607766
79086868697
79189999689
79604535367
79280415068
79180707903
79185527391
79189830700
79031810121
79883334466
79518284106
79185050285
79266602774
79034042344
79885390001
79185006145
79185024844
79185065554
79885869868
79185019652
79896243663
79287552466
79282269229
79381000389
79182125252
79081994347
79629578282
79615224981
79061859042
79892401106
79183707088
79679303168
79255071269
79034301327
79883124242
79184599555
79182505006
79182528882
79180940044
79081869421
79184429997
79898061324
79182751070
79515333451
79181144040
79384934901
79185287496
79620497083
79281996789
79185392860
79281870035
79287584042
79964167364
79897004565
79996749073
79185882111
79187431794
79286026786
79384831324
79057871667
79186017576
79284459292
79889993433
79185106715
79182450314
79183460292
79531146169
79679302193
79604730893
79898296297
79182211898
79180366338
79184430815
79615917151
79284065767
79054256738
79189333766
79045068903
79185952982
79081949686
79198867788
79044403451
79281816514
79198926775
79198928766
79054550328
79044440221
79188593636
79188913090
79094034038
79515163847
79061822506
79525898202
79185068010
79885197429
79282133313
79198729244
79885314786
79885331431
79897253854
79897257314
79604452020
79604534671
79612979446
79885532218
79889913125
79885564018
79889927368
79889954595
79896243461
79162614539
79267251564
79525755579
79188965226
79897029478
79604487031
79613316522
79094091867
79286119392
79094057199
79185062634
79198875517
79281314315
79381011758
79034007676
79034855813
79081939444
79104678372
79895135535
79614175261
79885521615
79613146468
79287706898
79281667772
79286092175
79281759961
79282704766
79882514321
79613300290
79081869000
79081884484
79885563530
79526016288
79508470012
79185332969
79032921334
79384342272
79189418213
79885585860
79081810856
79614009851
79253410040
79166384787
79253309736
79896100011
79288513002
79885671566
79687212501
79160281136
79651981736
79653877673
79998518517
79661466081
79180488292
79896298809
79183301697
79385075696
79996986900
79103253534
79175266591
79268784538
79284480725
79614083032
79885550123
79636328393
79653809008
79261773243
79286007977
79778892283
79017243765
79255930512
79852358424
79639946111
79031922602
79284032989
79180801600
79898050030
79604821894
79528771087
79162436468
79034524502
79771859217
79180239628
79680357511
79081726118
79508485181
79898288009
79002412561
79289882172
79883168962
79897120110
79054301277
79951943031
79515096704
79186529767
79085036527
79381043666
79185548878
79185992342
79183621772
79897203786
79897712459
79189039898
79886660797
79085127000
79518433988
79034329209
79176427990
79185464034
79896137884
79896163775
79896267088
79381111447
79281689930
79281770067
79384785159
79510383794
79186486662
79001364400
79996983239
79183777688
79090909068
79185691829
79381450902
79381120833
79381488750
79612758669
79612862727
79143438581
79183705932
79885174946
79525612645
79185240524
79525708837
79185020150
79883223838
79181581590
79182345304
79185010545
79892355000
79528899990
79896125192
79881656511
79045061399
79185288719
79280377063
79057790145
79777738188
79185900940
79281406979
79286187506
79286202584
79897068362
79286221817
79897115796
79281112266
79289065653
79185155587
79185672626
79287582118
79281637541
79882848484
79044496558
79612997041
79265258986
79266055378
79001387479
79281219990
79209026554
79296363551
79996554794
79185573410
79002907791
79889571101
79189995609
79266272441
79086832057
79289677578
79185281066
79897002063
79167169827
79381530183
79186947226
79892875516
79198938535
79615313808
79628845905
79181001306
79183758148
79045006678
79045015657
79281099739
79281690904
79183730373
79996364836
79180554029
79884041790
79281030151
79185589783
79287558285
79298217278
79257147554
79648907894
79612688806
79284444075
79996950398
79883463363
79613150822
79085112933
79999933966
79152510042
79166452814
79094223999
79859651010
79198746218
79996565196
79054255955
79185368838
79895321641
79282797097
79381430119
79183699454
79996994015
79896114926
79286604126
79649061000
79184991376
79528145589
79288800555
79880835211
79181710217
79180246324
79518415419
79614381438
79613309107
79996370007
79882507243
79183224565
79034076619
79251925348
79883190136
79887620817
79656004061
79185720109
79163277398
79615116116
79614023356
79181305033
79281839398
79185084545
79381421808
79061832112
79381688060
79882536630
79184856969
79185323285
79281506500
79853070232
79613050042
79186029493
79281519117
79654555553
79037350870
79771415952
79184924603
79169144514
79286010757
79500984477
79185277648
79897090592
79515330663
79287737083
79612988599
79885635011
79508663505
79281675518
79185600044
79081811271
79885513309
79896352094
79034018809
79054293424
79282963245
79161819314
79191099324
79181811918
79185054436
79614213731
79287690349
79895378466
79289055858
79281622236
79094266607
79604535483
79604884445
79054548777
79061843010
79298181454
79515190900
79186476898
79614044408
79280409809
79002393464
79601088908
79180914137
79885851618
79185559456
79094331307
79281500913
79180424777
79180461201
79614800450
79183725007
79287595096
79085161898
79885777097
79614319240
79614288687
79094387887
79198995509
79614000699
79885533146
79612748444
79281599250
79289885868
79381108059
79286258004
79381494529
79281077818
79034852934
79381057704
79381062820
79381155110
79518252124
79518263227
79515043450
79381530606
79889992244
79081860974
79287725156
79888949693
79040354295
79094446069
79885303352
79186296666
79528531081
79515041893
79515250195
79515210212
79515267232
79515371983
79515388773
79515375087
79043478542
79508456120
79528361695
79508503558
79528706318
79528701554
79045008354
79045081663
79045083721
79539192999
79384306852
79885670445
79996994949
79614395105
79892850105
79181459642
79094219999
79094256735
79508539191
79184975462
79186904569
79266877033
79528655449
79895330507
79183647346
79996945210
79604561918
79185089070
79528465697
79183045131
79182332607
79649135157
79189951778
79515285615
79515296445
79515283466
79526026924
79515128728
79515125917
79515146907
79181961797
79892830028
79183177050
79183382980
79183467167
79183446828
79183490148
79282295590
79282297095
79282269363
79282396303
79181572369
79885886969
79282828003
79384040420
79094003939
79867283324
79281885002
79996322433
79183922562
79181050877
79287626220
79885645117
79054525906
79281189818
79198792895
79188594808
79996902188
79508489339
79185572560
79185561317
79881844146
79191097994
79184047489
79284748064
79054922653
79996319843
79515108555
79185312746
79281729207
79615917784
79298482775
79184479928
79185198079
79043441505
79001380286
79518378000
79889432322
79525618131
79281096055
79505840500
79885550040
79189972403
79287799770
79996977407
79612728369
79044418051
79085045504
79123700700
79667773042
79188556606
79198888539
79281716099
79094128955
79188934399
79185456271
79897155272
79186696690
79185975504
79602439069
79189986566
79162208271
79186594572
79183125002
79624500401
79180201391
79889935426
79160997932
79258202419
79085184555
79081987821
79186203469
79085002851
79151548604
79081709528
79185873116
79185812021
79895023672
79885666437
79896176703
79882503663
79153271077
79280397775
79883310378
79182671133
79181584378
79996364346
79057403072
79508688549
79034869601
79286009391
79298211113
79283688001
79283060005
79055777333
79268868359
79198921046
79184141221
79381036575
79525781662
79636104313
79257390720
79885505557
79094139522
79254868136
79788916247
79034018253
79281154688
79518387551
79885433211
79289070005
79613257078
79508615513
79182230707
79168834778
79883872520
79514941721
79188948509
79964103070
79885773870
79045011324
79885508885
79896345885
79188944200
79185132373
79185610623
79184703703
79282705502
79969790270
79180288828
79618552846
79186585275
79002918177
79618597025
79186056487
79185385325
79649420494
79649803133
79288280378
79185752502
79287679161
79198982930
79287705152
79287589321
79185055150
79164744349
79185731840
79169847367
79185840420
79381024312
79381570926
79895146582
79186017882
79099409901
79180158415
79287755455
79185614613
79889453050
79889422856
79885412354
79882541619
79604645843
79287789101
79281353775
79298208414
79281154531
79085029618
79885320134
79996318161
79883201702
79054586594
79514951820
79851781416
79094340777
79612774202
79892297997
79852167034
79258071055
79189166236
79385361325
79604701245
79889908819
79094391797
79094167270
79614391226
79525812805
79883815021
79094448618
79883666766
79296495946
79288835122
79094444177
79186305013
79286087863
79508603276
79508664363
79885680796
79613108227
79298188999
79002539087
79281911050
79281754118
79898183571
79289040854
79188519113
79882470181
79298424119
79153537301
79881330535
79189969309
79184874784
79001212929
79282792959
79044456179
79283003880
79034895638
79097510756
79881593272
79685488589
79881554527
79614157518
79085072776
79281831682
79281641416
79198914126
79185624755
79888970426
79612793993
79896305505
79882509695
79518357383
79184179706
79282070440
79381045434
79169067998
79260390362
79001215454
79189704737
79525660613
79094441630
79054860136
79851440487
79890907539
79055467177
79885703566
79892833680
79787850058
79281067796
79185017278
79604625655
79289077792
79185966767
79287675477
79646460045
79250567456
79166960473
79009632686
79181819052
79185723575
79287710788
79883595574
79165229332
79282706799
79896332992
79612852875
79686905605
79064399339
79188209993
79000000025
79081830300
79081843668
79198848815
79001205003
79888948088
79895158111
79604556119
79883211100
79296604130
79518378796
79515083305
79515157623
79515163927
79515277375
79515304486
79515354228
79528274966
79508406252
79508492274
79528413248
79045012271
79054523672
79044413307
79286153628
79889407688
79896138326
79528302315
79508483166
79897107117
79021286970
79515086406
79184977319
79186715030
79045053976
79169628606
79183159816
79183352686
79183363444
79282270201
79882555330
79186431525
79896117949
79094235939
79996982257
79002508767
79649326521
79654556665
79996310846
79206288855
79182943403
79896350812
79889994344
79883306708
79885845089
79094094730
79001207986
79064204141
79889493252
79628705554
79281571636
79035333815
79151058961
79508578563
79996959121
79613207778
79038319078
79185807402
79885859500
79284197100
79061868178
79183594188
79788428113
79265241625
79034041229
79526083799
79286261888
79094383339
79184830139
79897181004
79508618195
79649479404
79371340000
79180396422
79281930809
79613060646
79282796066
79612913235
79286028064
79885660202
79281500003
79185173302
79064260521
79093549204
79381218949
79185227761
79896143814
79518242311
79882557173
79185096950
79381572316
79184903638
79890854383
79034097713
79209714693
79189054521
79001339582
79281536208
79384350807
79044444102
79881334618
79525605423
79885642043
79857111751
79652926527
79061837794
79094135121
79615890300
79281787006
79614007768
79105103064
79287792928
79613103030
79086820230
79086898869
79182000225
79063076273
79086735850
79030172200
79286058195
79296802559
79514927425
79282080820
79885544943
79081991929
79518373133
79185305670
79283637278
79615957722
79181644383
79281547654
79180318915
79381646494
79186400884
79298153375
79675050024
79381126276
79653936546
79281435453
79298333386
79184654711
79518297688
79185425522
79106883580
79094243157
79289016363
79518285484
79180827600
79818032410
79898104545
79515107145
79168446509
79508670896
79034012373
79185829028
79886711128
79282790289
79628589658
79001229002
79185106000
79897011410
79384456843
79184173060
79269000031
79780610152
79185148816
79632422580
79891997794
79885635152
79094009028
79061801422
79183712267
79122226000
79186822277
79615227899
79614179449
79188513171
79198982212
79281362339
79185177737
79185558754
79161416888
79604528651
79508562601
79160345124
79897243124
79094138695
79094085757
79054782555
79281340377
79189879471
79889415293
79889431163
79198965126
79184886699
79281125229
79645227525
79186597666
79184441512
79180255750
79287572555
79184333590
79381367329
79897086294
79175862156
79182159866
79154442274
79054589023
79181296914
79185030357
79530811054
79281132211
79281396655
79888940014
79996932283
79081993919
79518384834
79964421242
79180297920
79787148256
79186226190
79281184536
79895017540
79281145395
79996951949
79054757577
79885667562
79184399702
79094624064
79014561888
79654550465
79002783704
79614082408
79326003366
79896346059
79094311814
79885435622
79183129064
79183232805
79183318417
79183388313
79185550192
79094076663
79614101688
79064520555
79652453835
79081755664
79198749197
79185501417
79895210281
79284444350
79525707453
79525838483
79044437536
79081903509
79518276464
79885657033
79197787977
79885375048
79298184511
79169955508
79889471859
79185065411
79680108866
79184557777
79604775114
79284316752
79288540327
79034069333
79889479330
79185298389
79298291416
79508621838
79185180474
79193899927
79197276767
79033478542
79508607186
79604679425
79856916824
79262659586
79889993369
79184879175
79776044107
79258211948
79613004256
79612920990
79034065967
79885566028
79198880878
79198910030
79612936872
79281022811
79612810146
79186339951
79628737200
79064262470
79034353881
79281556241
79271929070
79002580607
79185000056
79281310966
79885739145
79518412010
79855116252
79381080878
79996375950
79185782926
79885538323
79185036926
79184159808
79883570688
79094206592
79281735033
79612859796
79896344454
79518300565
79181347257
79518499284
79615060302
79287519395
79996942022
79886666551
79064216168
79081740486
79001283203
79897657750
79094100636
79615284800
79604916461
79954459956
79182585377
79883535343
79168345073
79198764086
79001251455
79181714388
79858816550
79197500203
79181588498
79996383594
79064262262
79188876303
79613021909
79262222165
79162592200
79031185507
79187556559
79185751009
79889486112
79180535198
79186987846
79998287974
79914253870
79892904034
79281014135
79035507555
79779634642
79002776001
79897058847
79185717180
79897109743
79094256528
79180552345
79604765967
79996951368
79043415179
79180505858
79044432866
79180673272
79189001227
79996384827
79604638983
79289673421
79242188825
79613201773
79615821997
79612940901
79180362381
79612951308
79001220196
79774837036
79198830403
79001204026
79889494675
79185413636
79892940254
79184331515
79184643519
79094154896
79287707808
79289555360
79892289735
79298202217
79882487855
79615166042
79514944911
79281092515
79183669650
79185122510
79286267033
79874876037
79787625662
79895352060
79281463902
79094257090
79081876137
79525800835
79885536182
79002715098
79019087670
79160767151
79185539343
79613102010
79380050201
79277748765
79927777749
79044469879
79183464069
79897231355
79381188009
79888938922
79137083491
79384656403
79281732290
79889623049
79180888893
79002831720
79148512011
79885749280
79045026819
79649009368
79637701915
79017936703
79185662383
79288838881
79525642959
79282899222
79896377211
79855865146
79895274066
79180583455
79508596299
79002743472
79185994609
79996930553
79996933557
79273685111
79081815600
79525618411
79514970971
79042175742
79966110457
79061831998
79525731058
79182851395
79615103672
79094009496
79515122637
79094492728
79781349666
79851567636
79167306750
79515034861
79955083707
79064283656
79199920073
79999977947
79896219903
79182677355
79031308925
79996020589
79298170486
79182732736
79186866921
79885605226
79996992956
79771148235
79181178415
79788630228
79181896529
79518307876
79787844556
79385400080
79891988257
79002886198
79673007259
79002686018
79508485269
79189743974
79280444283
79180845317
79086792732
79885588606
79384734401
79002643699
79614087329
79184669422
79189812766
79186431926
79690393555
79885436004
79054780908
79885677029
79286167457
79996960379
79604584949
79624411719
79198820946
79186384698
79180494949
79682632972
79081868618
79194030707
79381212169
79381000212
79180569928
79184746682
79198991165
79034467110
79001214808
79898062608
79163954188
79880826526
79282813031
79165678595
79255211866
79525860177
79189765800
79889906119
79281427202
79996971488
79262515484
79051333620
79805531026
79198802140
79064210827
79185104554
79282107121
79898038882
79184977064
79054711222
79518389779
79184316361
79189921926
79604949109
79673090412
79284408424
79198963115
79897064589
79001363999
79525754680
79612783231
79888905801
79888910605
79885877088
79054026266
79613097828
79381510012
79882571641
79182239154
79381661205
79613126066
79895273858
79289043596
79614030605
79181771711
79180279556
79064289619
79181258689
79034589633
79034637628
79004057326
79885751999
79385269973
79157228670
79286169839
79788363132
79209229869
79288529067
79625870065
79997750802
79281645056
79676610383
79185720102
79890811014
79185961064
79889400448
79892853717
79897607130
79064344466
79064527777
79996919116
79966113130
79054788772
79885506378
79888978449
79034581042
79515092672
79381332015
79363330502
79010001395
79198807073
79186311914
79034029423
79185783377
79604512345
79185050130
79604606896
79001371920
79281933368
79895263013
79381098616
79188903682
79613217382
79185118513
79085023990
79515325408
79281630225
79198833350
79518451753
79054544324
79185223076
79194964342
79185183914
79054043199
79085155662
79185402429
79885451800
79604815420
79885175826
79064216548
79094335867
79613141069
79885553430
79381453444
79613031812
79895370528
79185192787
79185642176
79526045161
79895367543
79888920110
79054535975
79094173732
79954451165
79897237180
79281960566
79001333818
79885357228
79198939771
79298184447
79185441673
79286248400
79094428209
79614316517
79185003779
79287699006
79185449601
79140336969
79086801803
79885312890
79281283383
79889524463
79885826186
79185918038
79281718049
79064561106
79524126535
79612944346
79036132666
79996998099
79895243594
79895238020
79185759404
79628649305
79198857415
79085106528
79198720999
79281410575
79627403750
79889987070
79996959913
79001320344
79896313759
79054523163
79185199682
79997356195
79289048483
79897094652
79281611671
79282139411
79895065661
79044409905
79281388288
79281590642
79616595980
79281755185
79775163602
79185313634
79515088568
79996930294
79081871782
79288287773
79281106707
79281405700
79185650056
79895342995
79996963491
79895275796
79043435865
79185454747
79896339626
79885319853
79381059446
79885393789
79508644378
79198845993
79281596295
79289002002
79895232822
79160526863
79081950947
79185969064
79185711639
79185771050
79001361303
79185405454
79081818174
79188967149
79286102866
79519837687
79281159269
79185679337
79381450430
79094226219
79385215101
79298167009
79888983345
79895234001
79539956155
79518430380
79613124716
79996976127
79296376521
79518219355
79094281514
79381199909
79614241999
79185062041
79054255944
79286293695
79085097592
79525603176
79885771191
79649373785
79895050681
79508638634
79774138488
79381017035
79094211633
79654527788
79614293217
79034007556
79885429629
79281130130
79198894894
79381098645
79185469658
79895152141
79514967985
79064250009
79518363653
79508592667
79281167773
79895264684
79111977939
79614645843
79198826169
79897106675
79289048781
79081972508
79895031172
79896239233
79287516469
79885727896
79281640623
79298025508
79885841840
79198823664
79081896323
79950910901
79895354615
79185743096
79182668072
79001219754
79064264002
79878283258
79289643483
79996973734
79897121221
79525796194
79034317447
79085044826
79185736758
79185329912
79281751197
79286180448
79950061747
79882501334
79204315133
79885378018
79996504420
79518346572
79525782438
79001246308
79515110435
79064284838
79281097976
79508586920
79287645527
79996967410
79280811382
79094305472
79185334783
79525698734
79604577214
79514917999
79054853505
79185342812
79185431968
79889437823
79081829934
79187501401
79287574497
79381277774
79185364477
79286259936
79034358179
79631766151
79282064684
79163389992
79281602555
79676661495
79185539295
79094027789
79896121635
79614005548
79882529718
79198868589
79885698637
79170496910
79198717320
79996945089
79951109969
79198990139
79889991356
79885150228
79897063925
79286087202
79032795907
79613147977
79054297766
79615271109
79281815777
79281583700
79996980548
79604428377
79045000065
79061817858
79897174413
79186389873
79816830277
79525831058
79889936193
79612722027
79508605191
79889916556
79692000677
79996962256
79985536182
79381496058
79996913123
79612749584
79892753660
79889910999
79185222215
79054522632
79267237542
79381935558
79885543569
79604588484
79287522209
79613141765
79612944906
79281057747
79585758836
79885724159
79518384602
79286184667
79198959854
79613099179
79996960520
79054295704
79081968284
79613154102
79183723722
79258598753
79526046052
79612293624
79897116497
79289673262
79094335110
79188713171
79956159935
79613150642
79994838849
79281895015
79996914416
79614050575
79198787051
79054505738
79054863311
79780362403
79185890212
79613169040
79054514821
79895340132
79615267088
79281700210
79289667272
79289577648
79897127987
79109440877
79882574612
79286064469
79198869707
79896234750
79515053723
79044444633
79612945020
79001300794
79381143336
79885861734
79286166320
79381565717
79885244906
79529769962
79185507980
79381474677
79889484802
79966117189
79198890508
79885329293
79102844103
79281893988
79996946984
79287626280
79518489701
79645722012
79885338860
79896184685
79515184894
79885424921
79882508225
79286008868
79181815485
79094376517
79180968167
79185126180
79881392820
79889431300
79381125136
79524145045
79508673067
79885531489
79044470068
79289609551
79889950906
79184701958
79251119880
79898304760
79287628760
79034592109
79384165676
79298271116
79198796003
79381652191
79002525288
79780064817
79081715939
79614056779
79185971868
79281098145
79885652874
79885365034
79298503493
79886713320
79284597719
79186862360
79651303391
79612857883
79628905032
79670978914
79094351347
79002294934
79060457853
79001362756
79189416279
79886669932
79524162192
79183409364
79381081405
79996911113
79001272913
79181398179
79881471664
79895138424
79081728833
79910867131
79189936705
79780437220
79180005080
79787352985
79614247616
79282740688
79034040082
79525856926
79281873377
79289566329
79524139240
79001382122
79381583171
79181776535
79614338534
79182462035
79186064691
79044400678
79381566616
79186746177
79185581208
79288415405
79054997091
79198776439
79384223952
79281903289
79185954164
79185023700
79186253893
79383156440
79286255508
79189880396
79180259415
79185404996
79152235540
79381168199
79281900182
79286030002
79188977070
79281250219
79185150535
79384277974
79515221588
79182841777
79184160513
79384685453
79384520284
79094515191
79185275855
79094061817
79281468757
79186617900
79185325527
79182763453
79163604083
79288843373
79085072654
79054514151
79045026765
79163347665
79034372736
79094256353
79185142750
79180852630
79384042459
79184334440
79037575995
79166785455
79289661971
79381541244
79094353453
79180496925
79288443781
79384230606
79035622334
79281491442
79384906091
79286108949
79385084829
79186916683
79180914343
79188536036
79064335028
79188562938
79198890446
79281899308
79094336523
79034889771
79508695689
79182857773
79282066444
79282793222
79281136056
79284226332
79181163232
79381677770
79381586969
79298230841
79381643630
79182108911
79168105382
79181132115
79034057976
79184177477
79287561166
79094262726
79185665282
79094344999
79184743099
79094468423
79298243630
79182973332
79180481672
79384550496
79287760007
79186300066
79183993660
79189986640
79198856169
79280413010
79185460110
79186409951
79034610496
79182486437
79054709895
79185947007
79184525240
79182324398
79182702335
79182647171
79281133694
79186477797
79281159115
79269064727
79289656969
79289036681
79388765593
79163140505
79034731173
79281120183
79282409330
79286038191
79185610138
79384140419
79287620467
79189356628
79182438851
79185663921
79286070755
79182189083
79164974051
79381179923
79889915377
79960502069
79890894717
79670008020
79996506946
79780610194
79612965700
79649102794
79604461341
79896129926
79531015864
79676736777
79888908113
79892327050
79892663288
79525669286
79885699278
79673207670
79613108945
79897170177
79885143017
79518404243
79851700504
79881311767
79885854101
79647221733
79996363613
79891952239
79672916661
79676488881
79884893024
79996902120
79604568477
79996344652
79998148814
79615147666
79518449984
79994723505
79883888308
79897659932
79996301008
79885356350
79885170159
79614005934
79885387785
79994815550
79885314404
79883482852
79787824080
79913686548
79613159508
79518446095
79654746398
79604837598
79653133230
79883485722
79883311543
79615882904
79952049728
79889944718
79883108257
79896162141
79885160866
79996997394
79649098117
79883196252
79612811076
79676400118
79996966166
79885663009
79649201551
79897767359
79898188505
79912220774
79996318486
79856808590
79897031986
79897687938
79895070723
79525658225
79884024866
79897115311
79882552530
79964055214
79631626689
79892939706
79689889900
79881488784
79604956969
79856689188
79615300777
79896231325
79615266069
79787336230
79654666675
79898335845
79996939600
79787787849
79950048487
79771701654
79885797967
79885750233
79996361391
79649188000
79897533963
79888882095
79780672005
79897158800
79613293284
79660722313
79885643070
79881344524
79518363411
79998274928
79897089926
79996359207
79612768666
79996960065
79854486298
79897136892
79774412996
79615319364
79881412529
79525754831
79886720211
79884881040
79787321758
79885600695
79283031512
79040115126
79996351244
79185654004
79383037747
79885312188
79185486708
79150937983
79996747162
79897038457
79042609454
79107292844
79237049004
79888930867
79604437855
79081957708
79281752424
79996922117
79996499555
79615119444
79103549110
79094031126
79525747344
79895072789
79281195720
79897091000
79154363802
79198318137
79964095097
79996952555
79087797490
79295233435
79185042178
79897170765
79899856866
79652133609
79777464255
79222660093
79287726231
79776665006
79998388667
79324222098
79094204933
79053605718
79259175434
79182888787
79191023130
79284038128
79855555548
79055001307
79054524463
79898021661
79299375424
79081918189
79094071063
79684974918
79152312539
79613123224
79885485401
79034422888
79999778162
79198970581
79995285085
79167296938
79185153030
79031426658
79847778889
79180232076
79892960096
79885715525
79287510304
79272775759
79185987771
79525795130
79254508045
79676676718
79185347580
79262340689
79956086419
79895079293
79001300435
79286093287
79187816016
79780282100
79615887711
79525731648
79264385837
79002338794
79897066056
79898179534
79841751950
79898306733
79968014090
79930333033
79998238467
79298520454
79851331823
79614276754
79372513399
79918888181
79897015442
79957600335
79613177778
79186969003
79688040076
79997201813
79651177774
79185922982
79649031708
79322222110
79266925756
79064315384
79995770079
79833265946
79880950021
79779730374
79885246007
79289579350
79653288033
79198909526
79185198987
79383510119
79899861079
79267021920
79001389984
79167763717
79534733127
79198851939
79885657904
79158418912
79188703538
79187252438
79800024598
79189390800
79295948665
79608593933
79637581448
79054300146
79514958790
79189969975
79666112649
79897230285
79515382068
79888984393
79996968312
79889521392
79604471467
79508577379
79508447835
79895066444
79518313731
79508596742
79612699612
79518463406
79896355682
79385085173
79001262438
79181426810
79281783252
79185655562
79287602888
79094092749
79287783588
79525694680
79185075848
79996901910
79996976941
79887619426
79199685112
79044430142
79094361717
79181258842
79081755667
79281436553
79094310256
79287522480
79996988186
79526043674
