79118138508
79218462445
79006276190
79119436355
79117331484
79522295496
79219539566
79657857788
79212232222
79818492436
79618000069
79657973080
79520960678
79217546431
79110056410
79310008229
79052646844
79667577557
79990686378
79958890999
79219117001
79801230357
79110286878
79657808463
79062271859
79117415282
79312640524
79313977924
79218463646
79217778708
79218929878
79219352719
79119206253
79110892355
79218941190
79119626888
79602599595
79602599596
79219661377
79110022910
79052505082
79052732530
79062698513
79119208978
79214044600
79226233083
79112879315
79112979315
79819350950
79995158176
79216574737
79119289887
79313950555
79675138282
79626981833
79910341364
79119250223
79119250326
79042176574
79052230922
79500381661
79043324866
79218902663
79533480808
79990676267
79218887766
79111031020
79811255952
79955981671
79119272448
79214309022
79214462021
79817562247
79030938339
79602806575
79062650530
79219326587
79310080004
79218705908
79219110506
79315216100
79112517127
79006298555
79522472546
79013151999
79213450277
79211817566
79657502486
79219475625
79112571316
79217845937
79219598801
79219400738
79112470808
79818854811
79215954056
79500220679
79219462655
79062666266
79213185345
79119255872
79217723147
79522801936
79214425707
79219606862
79214272733
79215607598
79219511952
79219540896
79117835020
79111121372
79218991937
79112593508
79516540738
79219920071
79633071725
79818338323
79111164778
79310091951
79052696475
79215640708
79111675537
79117878604
79263233647
79119044729
79313255111
79119640188
79531480533
79119297663
79112278292
79112272892
79533461932
79646130531
79211839527
79500224650
79500344499
79817902271
79219395986
79313439551
79523959595
79112188621
79312627801
79219569300
79112409596
79117309730
79818976597
79217973063
79818320663
79219519180
79216423652
79522302538
79811486801
79006246983
79967641600
79111504202
79219629529
79967752370
79213262321
79112136956
79215978450
79052227230
79217567536
79219633030
79110901678
79952306868
79219046381
79219338505
79218658717
79210972107
79052886622
79112614084
79119614489
79811038836
79219064576
79657905475
79944249628
79819009000
79219307998
79692117853
79692117851
79045153883
79967875955
79117793353
79112522041
79119385819
79214043182
79219384774
79117917135
79117256045
79219030322
79219760641
79219046736
79213212892
79216502589
79006509090
79112502611
79520973850
79112825272
79119295272
79217847095
79817846085
79046088525
79219330196
79313202330
79319760671
79119524767
79502270440
79112833369
79110274031
79818199500
79502200706
79602521228
79859492854
79215605523
79219204624
79626997544
79052101778
79312225054
79602707878
79210906259
79643425915
79217467683
79213699440
79117114228
79119626978
79202653000
79315834548
79523557862
79522073707
79817401177
79817401188
79214036706
79818086211
79500247197
79967829089
79500247191
79219136690
79219150977
79531642642
79523609045
79602679696
79522464484
79522564484
79111977437
79956253103
79052047484
79214090877
79217878320
79216551195
79500080077
79219372689
79216350592
79216534728
79811091795
79052662993
79219678161
79516423397
79117512463
79008887799
79052896727
79211804483
79119257652
79062265317
79219331718
79219439730
79052218902
79119496258
79213099276
79216400234
79117623319
79119776861
79219155481
79626859999
79812887070
79819529158
79110109005
79213555844
79219939160
79650192039
79006228586
79217455515
79219131835
79210994998
79213561640
79522251715
79602492551
79213646358
79219503941
79219549449
79219165518
79219175518
79313441094
79217094696
79118417264
79116002155
79111339169
79643420950
79219375760
79219375777
79602688495
79111530464
79819380555
79098091520
79119222450
79112860826
79119048579
79046056464
79217715601
79312550166
79111978767
79111575707
79119249610
79217410785
79118443070
79219357458
79045183420
79117372862
79218686892
79118423531
79312003008
79052702090
79812489085
79857453226
79219090001
79118180377
79315880078
79218762939
79119523460
79215680287
79522480332
79650816122
79313057300
79990212921
79218819737
79219547672
79643425371
79112904253
79657670048
79219702771
79995163131
79650285273
79213747252
79213862805
79213899414
79819140101
79111184600
79940159305
79219563742
79111466282
79217923282
79626858626
79944152608
79968182876
79811925613
79111268880
79213320730
79818028207
79119287782
79217478850
79312783300
79052899544
79219178178
79312000098
79313000098
79218740497
79213167867
79219233750
79112691089
79219015022
79312998719
79219415864
79811603968
79045119544
79119280460
79111243761
79030945364
79122441111
79217532325
79319563030
79319653395
79626825003
79315783831
79697077123
79219199436
79213652673
79626846850
79313131833
79219993204
79111565008
79219334200
79119307570
79210947799
79818285733
79218855904
79052225892
79819065722
79219547013
79052654075
79119202905
79117128272
79522603081
79111041250
79117467770
79219867770
79817467770
79219194306
79219302835
79052107090
79219317996
79817895317
79992478285
79819997013
79859707803
79139445537
79501269174
79149486759
79219375963
79052717551
79111267000
79006274220
79214062202
79119443305
79650348164
79522307022
79643929257
79002008030
79219212121
79006245035
79533649578
79219292808
79500452404
79990264990
79213315395
79218872569
79819171544
79681901010
79214237535
79219555767
79214370333
79817179267
79219675418
79319820207
79119609150
79667576133
79219451191
79816839956
79119221513
79119980831
79112250267
79213725676
79117483128
79500226622
79213417108
79217560276
79218888406
79522104578
79119248924
79111863250
79214433399
79046343147
79217513309
79315416495
79045150034
79219714950
79117511454
79219995079
79111496979
79817443377
79219066228
79914865589
79263661690
79067205884
79032194830
79857655582
79036153872
79099005060
79629251787
79852520022
74986420315
79266144933
79636835533
79646283838
79776879100
79851665527
79166141335
79295156410
79165498160
79163548818
79851309738
79154786973
79852931826
74986201677
79030005425
79067820423
79055777187
74986624182
79035495001
79687085050
79265805827
79150380841
79032228270
79652053474
79162050490
74986280616
79165028910
79164782766
79257033373
79261699557
79169576920
79267480358
79099459941
79262573487
79055854826
79060615334
79096353537
79629002115
79017605770
79017605774
79774040842
79257439754
79777267419
79150102034
79164424302
79163256338
79637110505
79199973009
79099757875
79639934190
79262357103
79647922913
79683737007
79852318330
79857278330
79253692302
79152344949
79778981465
79256167755
79182208360
79782855756
79852232438
79269155331
79257728502
79257845687
79853684824
79680657755
79031082003
79639296360
79168799806
79163109848
79166694266
79850447214
79955093336
79154103791
79253555955
79165551319
79859705955
79263298304
79263494844
79153237477
79164401056
79670900390
79151609356
79255854990
79266988315
79852223624
79091666511
79263793440
79778562312
79163179472
79175416424
79169853008
79296309804
79588252472
79779986960
79161117890
79268300007
79859991830
79162444492
79857662541
79152860358
79629628176
79629628178
79031278318
79996704296
79055195807
79963609716
79055072929
79663347086
79670665015
79851911331
79032374174
79091518847
75258197022
79661020755
79250293812
79693422226
79295766857
79917336120
79152294824
79036834003
79850280272
79264311235
79017066569
79253060790
79959900685
79647957660
79266354712
79268375019
79859128316
79671079662
79255071320
79689516823
79110832033
79165878566
79661760050
79802497038
79055536761
79257715872
79161143858
79091665577
79683558089
79104910057
79254722711
79055881132
79260900010
79250050300
79629171661
79161429381
79032884548
79670064677
79032505574
79165218971
79292088840
79778961117
79779018180
79161176748
79776170005
79261365286
79264730517
79859176359
79255322045
79255325045
79773411402
79255546959
79099794881
79250049801
79067795309
79778803870
79162260931
79852429611
79060265002
79854447128
79854447135
79161475171
79114806923
79261248749
79262359281
79168223244
79255093838
79104726890
79160432743
79167672338
79166601351
79104699828
79067142565
79776300239
79653175312
79032788834
79268180803
79647105330
79151428396
79036284945
79067317981
79100006894
79119114538
79150703939
79219625617
79255086644
79299023389
79629167548
79818433575
79850700831
79264936040
79260895770
79299851098
79771657205
79197678484
79264276414
79165449654
79169949055
79169503319
79851859111
79268462598
79037850807
79266057284
79263585474
79263486707
79296290060
79057911869
79163175254
79269510008
79859858541
79263945819
79263854004
79254799712
79255676393
79268151217
79253270606
79104041930
79777278523
79031294987
79852401256
79065557776
79162125351
79104766680
79104816466
79917077748
79032905595
79163304699
79161621212
79255063665
79166096243
79686476363
79639919351
79255183263
79255051941
79031455556
79035490875
79853880404
79161451645
79267419609
79853813701
79857626930
79023624958
79037223227
79629914102
79154865748
79175896644
79855389388
79037224156
79996751617
79003279971
79033418621
79175437239
79859980453
79269256485
79168872835
79035965680
79163937077
79657249894
79161414686
79636016930
79153855709
79299659858
79268033864
79850759357
79057661777
79852356296
79255079153
79257439973
79262126000
79253914012
79152773090
79162626088
79852973363
79852983363
79166110987
79261155101
79261155102
79265225801
79268109094
79107136068
79670082556
79776910120
79035113111
79031360447
79998336228
79263126159
79267933864
79260117827
79787432175
79787725538
79788541314
79269185525
79067619102
79055764108
79067527527
79772702038
79168526461
79689126469
79858745303
79017707272
79586441277
79017122067
79096448969
79258470745
79299645555
70443570772
79160196105
79850340943
79859203046
79858254444
79035218921
79639976317
79151950235
79251996105
79851091652
79031446971
79258224528
79853688898
79264252650
79661110481
79168602894
79151434862
79175702292
79636589137
79030038787
79031607244
79175175441
79629808718
79639989959
79099163644
79266511590
79165881552
79163963245
79167636365
79253544001
79265298198
79032724346
79166718092
79670167935
79258307687
79057663444
79032508752
79300668268
79015203880
79164160671
79267160272
79000001122
79605024171
79251355033
79055138364
79265824023
70643321233
70994531357
79852203212
79850981199
79261276522
79162927934
79260167105
79155615818
79202002552
79687071071
79999623704
79150557826
79852338583
79265370010
79284361125
79217106830
79298396848
79054384055
79031097733
79251039298
79675554644
79011052878
79252141800
79254442040
79262555176
79161005911
79675554335
79652071228
79958849834
79168341230
79637700490
79163231402
79652772395
79253108765
79653099798
79166007173
79269076555
79257008434
79295726828
79201451180
79298014654
79107318000
79013688417
79516984543
79168009703
79788117655
79299764079
73216405030
73216405040
79175050270
79166955712
79850414305
79169724227
79686054040
79859673736
79859763736
79990022957
79104953399
79151007441
79160031878
79162199184
79162432322
79162432324
79164959977
79165567797
79166023408
79167738908
79169200030
79255147794
79256552730
79265302090
79265303101
79265303909
79296830970
79645790809
79067557790
79099933743
79099933744
79099933770
79099933773
79651076767
79660206767
79771056767
79060313242
79157109500
79260735742
79150666417
79651394452
79581114670
79017346356
79688109000
79779198682
79255326680
79257851886
79636093440
79856440607
79957954108
79772553393
79055839151
79036732723
79161678090
79037564530
79639783128
79856278787
79037452703
79260166404
79774208412
79953457659
79057091770
79032162784
79522119069
79778570072
79039661145
79259737977
79152870271
79853640561
79267399695
73362256274
79032603750
79266347095
79162609373
79857743700
79031347548
79175208221
79167326064
79637124721
79684041041
79035316897
79150872642
79032081098
79255047783
79161845101
73362258834
79150020485
79265440064
79165207594
79163510739
79853959488
79096595409
79261400002
79166556666
79031967227
79153497292
79660515585
79295489088
79091667962
79680683996
79163969118
79169881389
79251698722
79261671467
79254947765
79857647810
79296141677
79150605577
79153223238
79060932703
79832343243
79067808313
79104756422
79653156538
79166236501
79252053318
79057607624
79166947197
79154243690
79269647624
79636038934
79037222184
79151397316
79267579028
79668851638
79652427788
79175884521
79295753223
79015870369
79199641801
79260850665
79032212332
79296172711
79164466319
79266593040
79169023355
79037900346
79066169482
79160565545
79647258249
79261683224
79660995862
79774151061
79250110175
79267588138
79267022751
79299747623
79775706647
79163601177
79265812928
79859927636
79296062985
79859224371
79194112020
79067498199
79265382090
79037293401
79104863922
79165791634
79037135433
79263201490
79779534419
79779866246
79036838686
79588248727
79258193452
79175290501
79164426347
79255066199
79256424755
79670322240
79163024095
79854825721
79854825413
79124484610
79251232929
79859911234
79629853720
79859992807
79260769195
79917776877
79032328057
79645156077
79250333858
79267197720
79160277658
79258273379
79295057381
79162460479
79104673515
79269214424
79250812482
79037948304
79290763436
79250017799
79267607799
79857773587
79251718100
79255792913
79260170449
79264024548
79266931513
79639197747
79061283268
79649684255
79270235693
79036118800
79037462747
79099557778
79880317086
79175926820
79269274422
79851832999
79852887999
79267015390
79256150694
79995571724
79995570828
79256643061
79256643062
79017036596
79168880305
79250031588
79854281806
79257556217
79955057455
79035499718
79856834181
79267890783
79645663132
79652276069
79651373672
79157324044
79637825056
79857737290
79299068327
79031130222
79004738526
79653317430
79269176717
79639640088
79254974496
79685943125
79851858367
79253072712
79671757517
79859908728
79055692928
79061460000
79254240101
79259043308
79690317411
79152003539
79646396657
79663269380
79859993362
79257135354
79153457297
78043332177
79151691177
79154375382
79055080970
79266764305
79039607965
79166918029
79153804731
79265208866
79684847900
79858993880
79160294700
79253113534
79037239689
79859394113
74986503008
79851692622
79851692624
79958886172
79164112131
79252758110
79265725932
79168001102
79685228078
79653202362
79060565533
79251155330
79036179999
79251201179
79647977396
79262819030
79585578361
79852493664
79999246488
79779724314
79267736338
79031813999
79684646980
79151659743
79254949140
79132134595
79258884206
79651700904
79035118120
79637848181
79057435684
79779647659
79161006477
79263955618
79778692458
79250503333
79168133747
79663393314
79202344189
79855391433
79032256132
79100009530
79680823046
79039607680
79015534445
79060453012
79296844513
79255203985
79017278375
79015290445
79777201568
79774528674
79671327977
79262922252
79253105627
79262629204
79639225645
79260001600
79651052694
79260400315
79161873833
79689134579
79263006041
79855879950
79030142555
79260544550
79268068133
79257642436
79260495884
79295132691
79854832338
79854852338
79166143243
79854247417
79037863129
79857672425
79857674690
79262787866
79775771580
79776350300
79252322640
79652283697
79031877824
79167371805
79680236634
79268000824
79262538095
79152124821
79155528136
79296254508
79121581902
79914800939
72500131140
79150814229
79267894939
79263748467
79776262626
79854185373
79096209070
79036854742
79036620049
79260865646
79600503654
79031563400
79251404770
79164893029
79168546056
79295941225
79096997722
79261305505
79267559470
79037966509
79774441513
79852047462
79683341649
79163453912
79959027952
79258872832
79264624925
79256069444
79268604009
79152403052
79167429244
79264923557
79252819468
79262684498
79035890158
79651138674
79299195775
79104013858
79684380777
79265233017
79154716151
79160363700
79778108700
79251979378
79858337683
79774363588
79060692253
79854797740
79126237837
79826304800
79060587181
79031273427
79168100161
79037947386
79260088332
79296633971
79037557382
79150487658
79852233838
79856966485
79152684542
79161669648
79778054780
79163308096
79263388324
79265587839
79261765505
79268046036
79262415058
79296044648
79037965798
79032976445
79261699255
79037207268
79032208585
79160070946
79258009231
79262505258
79259251101
79067072370
79150011143
79854237370
79163655980
79166775670
79166577886
79685148545
79015534081
79857493083
79096674807
79035895988
79255856882
79269176888
79958815050
79262797473
79671045212
79858473984
79166665960
79852777345
79165512488
79268112373
79267143326
79254422102
79175323912
79652412424
79161021135
79166499490
79851505299
79256754404
79013660515
79031550181
79779155708
79779303093
79254180128
79857627006
79267909262
79685695638
79164443099
79258472755
79268699619
79651465888
79096588883
79257401584
79035135837
79257008883
79660140214
79857658978
79046576629
79160714767
79015552064
79672035774
79104059840
79773984435
79057769045
79250583271
79266646201
79859185686
79162403570
79150587015
79152087015
79652749663
79261073120
79771221313
79771222244
79161737799
79282291363
79671134455
79164262075
79850950225
79253816012
79161631921
79256457045
79647199405
79261505448
79165374728
79267225538
79015994577
79264610148
79261601491
79154081362
79260910310
79857682490
79031927079
79687747740
79851295231
79856902412
79253160525
79856001373
79167239098
79104246306
79661578578
79161499410
79857657667
79268041384
79067051066
79031186480
79852423282
79539728010
79857849787
79166526163
79253920039
79260435333
79779254142
79778042936
79651812495
79164952575
79261721741
79067831484
79851227888
79778577335
79688783899
79175920067
79688253223
79055886393
79169316370
79161140962
79161140965
79141584005
79251111495
79017803592
79260597332
79164862626
79055441276
79636268965
79199933953
79037466993
79779930441
79999049497
79036162837
79255184768
79588016066
79852056853
79164918989
79035081494
79774405020
79652218757
79857768298
79256200670
79779459567
79774580301
79032606879
79032061001
79671253993
79067609301
79998415463
79199988051
79265860684
79031372674
79268828738
79038410744
79151353007
79636960813
79859117778
79099049062
79913071960
79854112193
79858732982
79857579620
79031111445
79166774003
79295192787
79036753265
79265860149
79165292373
79258809876
79850710275
73362241408
73362242323
73362270723
74773614367
79266801557
79032229688
79252599266
79854675766
79037983354
79165376181
79164288112
79688659138
79256081149
79104532727
79990015488
79859834571
79261790079
79151449160
79150807225
79104955664
79096494000
79255147666
79253102181
79032267830
79165973183
79257346731
79032832494
79771355604
79637180000
79055893333
79099648888
79858188847
79253010956
79991233333
79675552557
79252399760
79154002030
79858459090
79266515445
79057868123
79161147793
79266524504
79636515599
79256608900
79539182755
79268889341
79154280750
79253192637
79851634717
79037728279
79168385023
79779682654
79015196662
79032182999
73055096400
79629853265
79859280938
79037871212
79295595475
79109107199
79675552919
79259264395
79999881458
79096896199
79857557076
79781022100
79099061894
79257008149
79103969333
79299582815
79165923572
79255143229
79257726085
79651598989
79152854560
79776783308
79099995445
79268872744
79015196963
79015646420
79260775029
79167540520
79104176834
79689103919
79067457770
79253371499
79251146544
79254094975
79067778867
79260322324
79161460676
79153915686
79686129146
79168615311
79067263351
79651469260
79104626392
79850777568
79168898679
79953011040
79268043976
79252036637
79154307055
79165200774
79025693055
79067181422
79255890958
79295667422
79639709002
79169361606
79104829710
79197222555
79166139140
79166583651
79252057201
79856819494
79852960420
79645566777
79154124538
79263074102
79296363509
79296364255
79296364266
79037555080
79191962248
79623667494
79260133888
79344440040
79153374428
79154909760
79168048934
79253645515
79855681224
79036742909
79687001008
79646484302
79060963560
79654390781
79168078662
79265212777
79099593135
79253335252
79257775252
79206507020
79269507020
79269508820
79299501120
79250265688
79773803716
79186774779
79670046116
79164697569
79099934802
79250407291
79031387271
79967118544
79255187326
79269079000
79680590001
79775118064
79852422000
79957075327
79268030753
74597628604
79857614934
79851989237
79107869339
79252178433
79015197498
79773932209
79031677065
79917715346
79060192019
79150095880
79166546646
79261149464
79032453331
79629000078
79266346443
79268472647
79852809220
79652357991
79037133488
79254868589
79169669991
79164116888
79039687525
79636173376
79104079612
79036667474
79680563630
79260128364
70055679921
79779143905
79168191227
79509905050
79031888480
79104030783
79165143620
79165507656
79165772050
79261913620
79670271129
79104525098
79039617055
79636113487
79255853171
79269032889
79260021630
79259992055
79264794999
79299045462
79850842323
79859877131
79265961073
79262535699
79262272714
79774023434
79774025454
79636013309
79262247544
79255173449
79774213422
79166807623
79636648164
79010599506
79250574559
79250828413
79175510624
79258143158
77009511520
79265864381
79654743889
79168359454
79037956443
79037963585
79037963485
79663786718
79168284053
79857763017
79154165284
79091514374
79117419248
79853580398
79152566703
79152567566
79265409803
79263110757
79851735403
79265268093
79269029122
79268448888
79162348877
79874127035
79261410032
79260296213
79636794477
79251212038
79255172782
79164070585
79266801918
79932218799
79267070587
79035454056
79057341368
79154283434
79779079795
79959203434
79031301828
79257619767
79160530373
79919896748
79295912024
79263007203
79037939922
79032130149
79175719096
79254774077
79161785069
79169296121
79916245274
79165393648
79261173595
79032455525
79853639154
79850177425
79254744103
79855153436
79913101366
79857943818
79999838242
79255995695
79039616475
79857848530
79776148636
79250414448
79771024448
79150331940
79160431286
79162235144
79152312386
79260073430
79912787500
79256643875
79672917208
79851944643
79032824484
79267348505
79252394347
79999745166
79017376663
79256314552
79153126241
79856200115
79267985924
79160635335
79161839019
79858637427
79262472986
79036868018
79859549868
79858732989
79031010783
79262460610
79175661448
79255086829
79251178705
79265879325
79998866754
79166527290
79859700440
79858944424
79647222485
79067151777
79254428909
79269007560
79168295280
79152276905
74986280515
79168506199
79057063063
79163733925
79254449084
79031305707
79683332503
79164325538
79036215712
79253073332
79166229196
79670610144
74984853596
79261772564
79853094422
79153997687
79859115690
79035408343
79854806518
79854804877
79636362898
79267615606
79259257584
79151944411
79262884499
79166524700
79850112710
79857288834
79104174130
79257710584
79268108258
79268108259
79267433912
79779477312
79036897250
79060629675
79258558131
79778861368
79851556954
79265983328
79269060056
79264882272
79057171250
79037208815
79096881505
79037960883
79688827435
79152449454
79647008181
79099465682
79118474695
79993488081
79267035494
79267111950
79267269621
79036686686
79266752830
79269995500
79271333271
79851601314
79104288538
79268117148
79037224868
79162427443
79260363321
79104163528
79256839341
79165157112
79175588567
79778328405
79773676085
79265313931
79099151199
79015420055
79851518584
79168522949
79774852223
79257080254
79169808899
79629417784
79169467245
79175799296
79253706014
79258339527
79645098528
79856465149
79857664316
79859286555
79263432438
79032390218
79151629845
79161423815
79851441052
79637101047
79165382420
79857385543
79250853439
78835768814
79067694301
79067718431
79663891416
79651078482
79265969793
79149533692
79165959619
79169554770
79163513258
79267276211
79162226080
79168005222
79261530930
79651888310
79031855500
79636566470
79262275373
79175995225
79264408377
79067836434
79104158931
79161646777
79150786433
79263717477
79263717476
79169915803
79683575735
79261906362
79255438230
79296120789
79778788717
79630988500
79030058382
79111710059
79644588081
79060589789
79166016075
79151115511
79255024314
79255188465
79037202613
79060997811
79153916116
79153916226
79581114056
79588827677
79269153067
79267756186
79055049404
79031207545
79660990656
79913040757
79164040205
79299349713
79850511515
79269988120
79857336881
79167200058
79265686731
79165772847
79015200050
79015200500
79165131602
79268370270
79661078101
79057898925
79161763178
79958978998
79778720585
79778730686
79031335723
79266769316
79299935148
79771346007
79261012420
79037364290
79035515054
79629421399
79645348257
79251710945
79257556901
79772976256
79260500053
79161565809
79671984645
79169973555
79031923683
79260635117
79167405444
79268308233
79057169070
79166732303
79039618256
79091502643
79689174920
79169171694
79251464714
79773155195
79267277160
79854467667
79250713881
79151089958
79853047466
79013414960
79653460234
79199654213
79015787783
79859715476
79150828881
79150828887
79035948818
79647859093
79295212306
79299371418
79299371428
79299371440
79689271542
79689271548
79057644095
79017062043
79199981212
79153241010
79191077086
79263231182
79854439570
79859994323
79154812440
79263315222
79031658472
79107848653
79646435124
79057365552
79035947088
79031512172
79255053634
79645914169
79162237262
79166192569
79166068965
79916624308
79257280004
79252085801
79614464348
79264201225
79254369767
79166979745
79817197280
79253545823
79036222266
79262374072
79017954475
79651596828
79160153098
79261731128
79167122467
79688796988
79850578908
77023623901
77058002551
79150576516
79150577263
79150577330
79150577927
79222360895
79789908975
79104424813
79269742686
79652494859
79637116006
79254458370
79862225333
79182602020
79057248009
79997653421
79265174041
79859104604
79675550542
79165975461
79161609393
79269761606
79031084338
79660379009
79295205333
79055435685
79629151563
79858035204
79015465112
79154770601
79257724929
79262217010
79116678608
79219583551
79015536472
79859122900
79251290000
73362256248
79057972440
79031879813
79152622562
79055935353
79670527631
79055302727
79260493481
79855237265
79067806217
79165013865
79858135852
79299117253
79263462933
79859229003
79030163016
79250759330
79099367149
79057272535
79036781700
79163735632
79852683371
79017083668
79160339545
79629788939
79264683201
79163540556
79686927950
79685122871
79268107889
79850576253
79162264585
79175041388
79263167216
79055791945
79917518131
79772839803
79013308894
79262072077
79037628080
79164532909
79032185744
79164597558
79057242290
79267524927
79663002960
79067775717
79057636090
79262179963
79037903937
79773261933
79851617282
79817888078
79959000910
79168281027
79168587129
79267634189
79852112753
79253100260
79629806945
79154650675
79261080793
79637589745
79651029711
79684049784
79645717313
79037342049
79251598480
79175393905
79647680019
79031305273
79033014360
79033112127
79033289568
79033580487
79034012834
79034117046
79036023716
79036346593
79036366172
79036491448
79036516784
79038081485
79038393897
79039003282
79051093528
79051770365
79015179261
79015179429
79015535786
79231389128
79522850694
79537980170
79265298352
79852209289
79268219144
79165781506
79299908818
79779944358
79852813903
79055537516
79055538859
79055539232
79150407057
79255048331
79262134430
79162574391
79253553888
79269099016
79660064333
79160616622
79646401876
79637797336
79039691500
79036237708
79268740900
79151265656
79859232493
79267990050
79689903026
79055117564
79032000492
79266403608
79775299636
79774608710
79152112207
79257384280
79250010877
79168741304
79032307999
79035422983
79269110382
79932250302
79637826730
79855082683
79680566252
79952997200
79850709967
79855406485
79166078054
79778781344
79267330693
79585780012
79055938394
79164129746
79268994066
79651257040
79262655812
79150408754
79175066350
79168438142
79167243454