+7922386668
+79024806769
+79031427887
+79031727780
+79032771380
+79034487188
+79035837128
+79037791222
+79040059043
+79040115126
+79054291500
+79055475920
+79055858640
+79057061616
+79057092991
+79057092991
+79057984049
+79060533663
+79061216190
+79061743086
+79061743086
+79062319964
+79064342598
+79065237156
+79065733972
+79065733972
+79092029444
+79096616949
+79096881029
+79104005302
+79104329644
+79104581631
+79107760480
+79109094113
+79109094113
+79118258504
+79122226000
+79122571797
+79132141177
+79142849969
+79150196429
+79150196429
+79150420884
+79153450388
+79153961430
+79157610954
+79157610954
+79160281136
+79160526863
+79161605465
+79162750202
+79165640538
+79165860233
+79165860233
+79166465089
+79166553662
+79166553662
+79167760356
+79167760356
+79167993519
+79167993519
+79169999293
+79175989048
+79175989048
+79180758871
+79181036740
+79181476734
+79181810751
+79184548401
+79185024584
+79185392860
+79186206666
+79193899927
+79199150733
+79199150733
+79199652722
+79199652722
+79199937601
+79209802903
+79209802903
+79213999392
+79219733130
+79223866680
+79224782696
+79225005362
+79233660711
+79249988887
+79250557032
+79250576780
+79250616689
+79250616689
+79251651510
+79251730107
+79251730107
+79252405900
+79254488785
+79255064144
+79255064144
+79255071269
+79255150507
+79255150507
+79256404545
+79257073554
+79257073554
+79259296215
+79259296215
+79260200663
+79260806803
+79261049955
+79261117810
+79262555964
+79262626686
+79262626686
+79262832368
+79263310623
+79264040141
+79264442266
+79266478838
+79267079767
+79267155399
+79267155399
+79268100279
+79268182028
+79268182028
+79269272921
+79269373713
+79269669553
+79269798705
+79276094182
+79281223126
+79282611189
+79284655804
+79284913318
+79295606079
+79296376521
+79302852550
+79309209793
+79376941604
+79376941604
+79502842933
+79504634178
+79506660053
+79506660053
+79516760106
+79601065297
+79606860001
+79607091888
+79611154935
+79616835259
+79636048902
+79647644352
+79649131982
+79650852826
+79650852826
+79651770475
+79654440125
+79660600040
+79660600040
+79660904741
+79660904741
+79671688828
+79671916550
+79683210330
+79684058497
+79687813881
+79688054484
+79691996969
+79773441154
+79773592500
+79773873079
+79773873079
+79773893914
+79774138488
+79774250542
+79774250542
+79774269151
+79775163602
+79776444194
+79777237316
+79777237316
+79777576366
+79778309717
+79778511554
+79778804576
+79841963730
+79850193914
+79850193914
+79850562424
+79851133981
+79851133981
+79851194900
+79851194900
+79852192959
+79852192959
+79852255109
+79852255109
+79854546244
+79854736218
+79854751678
+79854751678
+79855537881
+79856434451
+79856621002
+79856916824
+79867567505
+79883617568
+79892672081
+79896375411
+79897046939
+79897194438
+79912412637
+79952231319
+79990954527
+79991326561
+79991326561
+79991717117
+79996313675
+79996397908
+79996464200
+79997114160
+79999897289
+77058220329
+79031398014
+79031478706
+79031478706
+79036132666
+79036863353
+79037350870
+79037808154
+79039713666
+79040479468
+79055745424
+79056602211
+79056602211
+79057356841
+79057356841
+79057981092
+79067511676
+79091625145
+79096936933
+79104064256
+79109001657
+79109001657
+79129708170
+79139131523
+79151721515
+79152671550
+79153184520
+79153590448
+79154619880
+79156004650
+79156004650
+79160348586
+79160526863
+79160949455
+79161672116
+79163328327
+79164571229
+79164663052
+79168252383
+79169577532
+79174958753
+79175143259
+79175218383
+79176985809
+79177393835
+79180292647
+79189197007
+79196629066
+79250729482
+79251524060
+79251553804
+79251722477
+79253111700
+79253386879
+79253569424
+79255211866
+79257580998
+79257932268
+79258432250
+79258432250
+79258527799
+79258527799
+79258598753
+79260866525
+79260866525
+79261008402
+79261768322
+79262184333
+79262628880
+79262628880
+79263083293
+79263111700
+79263111700
+79263111700
+79263801021
+79263913926
+79264332220
+79265480757
+79267021920
+79267237542
+79269049894
+79269049894
+79279889083
+79282470177
+79282470177
+79289007111
+79296604130
+79370280600
+79381143336
+79510590241
+79536576993
+79585092251
+79612698121
+79620106932
+79629181330
+79636328393
+79636328393
+79645227525
+79651793118
+79651793118
+79651793118
+79652395352
+79656004061
+79677773557
+79687596969
+79687683351
+79688054484
+79688054484
+79688054484
+79688054484
+79688054484
+79772636102
+79774362944
+79775316151
+79778495393
+79778635834
+79820777779
+79850662959
+79850662959
+79851405011
+79851405011
+79851932381
+79857201088
+79857201088
+79858310632
+79859522545
+79862222777
+79878165745
+79879782618
+79957806531
+79997114160
+79997647568
+79997647568
+79180758871
+79687212501
+79775646058
+79053605718
+79053605718
+79057061616
+79060533663
+79061992902
+79161605465
+79169445770
+79262626686
+79262626686
+79265959154
+79295064122
+79645722012
+79671916550
+79671916550
+79686446934
+79257390720
+79166465089
+79104678372
+79163389992
+79651097265
+79262184333
+79019054018












































































































































































































































































































































































































































































































































































































































