79213657969
79244562622
79052774614
79533401228
00000000
79162924752
79115326384
79114059390
79500007004
79117240220
79626891096
90323903
890261580
79650420663
79219304160
79219585162
79312467314
79046337733
9864440
79500013320
79508088181
79212203462
79117606508
79851268420
79214260142
79160698053
33612678825
79126161183
79533423630
79052731529
9564564
79204683291
79307015655
79104035506
79167993333
79507769354
79132077588
79057554761
375296894183
79052672725
79119110336
79110029146
79218868694
79201298588
79216319863
79127669773
79119233438
79263369296
79171499941
79293131737
79110331901
8967244992
79312725188
79266235657
79063681700
34651642498
79506648339
79106993263
79089101760
79172612951
79081862351
79081670090
79127537360
8950625
79167608789
79139595464
375297546567
79274653533
79219415727
79788417202
79215768033
79108967463
375447587120
79127833090
79650993780
380506947894
79167525000
8921633759989602432107
380962736909
79056670581
79276067724
79219186997
79223517074
79647880099
79922269524
79635471467
577060625
79602521437
6421361
79110382167
380503806120
79227387610
79206702369
79081274696
79203410812
00000
79222013817
79267577103
79111445974
79046104121
79525402222
79117978670
79165455924
79872606787
995599045238
79630551284
79218280960
375298788247
79506582334
79852462663
79021939608
79277140382
380979170493
79961855815
79673691234
79535105374
79051060708
79112110457
79040079525
2508700
791111111111
79284289495
79504408084
79027284505
79210751009
79255620079
79504488941
79930002015
79180072747
79600445522
380990788158
79625595936
70673868462
79661394711
79379649304
79687000100
79522524730
79513167848
79163114451
06369504
79104207427
79085070802
79675520822
380962984650
79655793718
79101337833
79117234796
79539409735
0935646788
79656331691
77771480365
79602198183
79053190611
79253595322
37258664954
79995371175
79270201353
79522592965
80963565
79262583258
79524295709
79818509065
79226736730
70962467188
79631364404
79518007173
79679002969
79265431232
79607109222
79536819021
79502575353
79372825344
79506812357
79091655983
7911499020179003485296
79227222024
79522588435
79608601539
79136881977
79042372965
79258336003
79507305132
380990051001
79204649080
79061566697
79217925067
79291673797
79272396752
79108235853
375445864636
12345678
79206434858
79994997925
79853053236
79091122993
792166666
80937195
79603072200
79035157810
79615102390
79535379818
8702606551
79518760569
79529692432
89284118
79677454588
79872610933
375293913774
79607838900
0508770846
79992900004
79506262640
79263279223
380976545545
79919717261
79629046187
79017505917
79099376754
891633333
79659118585
380995626635
79505695234
79169082282
79203998886
79191559470
79522099725
79142706222
79197287178
79040138705
79277847599
23276965055
79049719032
79021890304
79258904803
79535107130
380665198308
79992506242
79050116066
79315902334
79127950989
79042341114
8953520
79095828388
79611457394
375295428839
79020000356
380936600245
79108671132
79283320872
79203273382
79788470112
8951116603
79875878280
79223822382
79198027473
79063392179
79515498970
79523673411
79612499949
79158267071
79082537783
79032027336
79033241544
79211253362
79824412078
79883467308
79508095760
79105763969
79787453155
79265842452
79202130421
895262
79293071692
79502576747
79278979360
380950729689
79056317468
0668929945
70961508130
79604921099
352621762715
79163187552
79137639304
79159341719
79653968850
79500868540
79260405856
79224810338
891139939
79522884451
79370890553
79672475744
79814412222
79205652453
79258419407
79859955363
0500389
79115751654
79643305055
79125417977
9127055192
79199181054
093877
79295735251
79210182425
79141463109
89224505
79051325450
79629089323
79519347995
79619603335
79606190083
79781488228
79221317178
3456788
112367389
79119631174
79293382524
79188708837
79524785583
79655311423
79892838788
79083427120
79272568800
79644723016
79161994666
79091030146
79609919569
79099418369
79180376553
79200264298
79618586100
79229687799
79806725475
79060419204
70663500476
79139387577
79028376978
79991902287
79649989977
70638891500
79113918543
380688657895
895002555555555555555
79670402110
3809882229
79517275877
0982700672
79503907550
79216772543
895249442
79537979234
79667577355
79127836599
79062220307
70964012807
0997729722
79034362555
79096457421
79177104070
79514293377
79273034177
79376203171
79652357565
79040605859
79243726340
0679117218
79129388778
29933890
79203435884
79626133330
79085784174
79870861350
79684239515
79105349781
79672349503
79000000000
79175341487
79276435606
79233200342
79121159517
9379992
0939494740
77017910388
79041835428
298935809
79211891521
79802499415
48791885327
435634656
79188745369
79206448314
8913715
096036559
375298022082
380684643897
9137642589
79539057365
79867588870
79115245173
79050248388
79522048825
79127497149
0969678828
79009357715
8912379
79111936387
79518019908
79202286613
79622779747
79106482155
79116095820
79511708262
0000000000000
79135271777
79651015128
375291433313
9221345495
79602491014
79058727404
050755
3453523
79210398237
79511211858
79058662553
79268811999
9231071674
79000814017
79161871105
79834117122
79040876429
79228361705
70971628972
79646154368
9999999999
79653614877
892156311
8923641
0982800677
79082878239
79038705289
79120292749
79216250313
80930795
1483369
79374078070
79539382899
79028363471
79116541875
8911119999
79646528645
79120052282
79509027794
79788403052
77058609267
79279966734
79213752246
99999999
06198266
79675950191
9214547303
0965777659
79967785270
79085486101
70000000000
88888888
79272384532
64545473233241
79185411141
79520441072
79535346342
09385873000970981231
79603961066
09909
79656938005
79652593039
0936851987
0504007549
79991583250
891930732
09802174
79134814343
79110286032
79803759533
79212268410
79021218930
000000
79994469480
70993273995
9645096400
0975785422
79523157552
79195065996
79035867452
8905330
89263715
79273331411
0685741806
79297403989
79045480176
0636129514
895239161
79269598363
79091364663
79996559315
79113836791
79033378624
79095804999
8961999597
79139657236
79524665693
79005078351
70953452365
79969393835
79212272318
79997801567
79818708255
79246060707
0676762339
79312413111
79055542813
79276497944
79096493986
79162046353
70631085833
79009565871
79123632212
79164487900
79022504507
79061166927
79114430940
79506456791
79137851415
79274071907
0954764709
891990160
79379739259
79127410260
79116630207
79873395747
7921500
79174306197
79291062208
79206896928
78888888888
79209532351
9036469964
555555555
79603630251
79511608314
9119952859
79167208520
79082251335
380951964083
11111111111111119
0673692401
79187272727
8999766754678
79525490390
79600516721
79187660371
09639964110961992554
79650505123
79504827932
79535328676
79639702722
79643057777
79058984675
79519536512
213215
79312498982
7911903
79135808518
111111
79521138660
79996666666
79513790264
067384
791110000203
79878904739
89827699
79273330860
79178505183
79634664873
79068988197
79643284692
79049349996
9272570926
0996318515
79183435354
79216012845
79506973001
79171172017
8919686
79243766122
79198080727
79823572508
79657912201
79296567161
79506154107
79261734749
7902130827
0986271463
79603619386
8951685
79535260973
79160555695
79081624242
79118192486
79614091580
79044306811
79270000
70685008845
79631343732
79201065084
79506115221
9101234567
0952535229
79817567008
79539260325
79997904567
79233332785
79537760368
79967767502
0500144895
79534255104
79811347558
79186308188
79656461456
79887477453
79181648854
8908198760
77654321123
79031478503
79533028839
79139337756
0939915713
8922935720
79500016652
79098223030
375259076918
79999999999
8950824682489821273126
79274199559
79502588288
79059668906
79272334324
098762
79127914659
79174701305
79210406059
79513649413
79219281407
380633846269
79623082261
79375320345
79371575641
3132125
79269801072
79962493686
389660576496
79858558
0509971544
79883381242
79227998858
79835899363
79276377172
79005519773
79528071884
0952111212
8902004
79651532609
79535016745795174139
89062
00000002
79289004648
0993218734
70988485172
79503820805
79121933017
79106180081
79536292408
79823046347
79609091175
79191544042
79500715515
79033874791
375293449036
79201920462
393284880551
79163680256
0632644431
79787199751
79086071027
8909657191
79523348634
0989277189
79178620121
79518184334
892157117
79785661723
79039735756
73812251789
79037777777
79271212121
79217703688
79533222456
79281066177
79501337228
79182523458
30902889272769028
9506866584
79222932591
79601084893
79187425651
8926735
79223241637
79260405002
79788108696
70970773751
0660603784
79087049247
79788508920
77776139777
79003585693
79213734585
79991152258
8920873
8950525103
79191104641
79218279563
79651643929
79092285411
79373167651
79106343531
79114647342
73467278329
79055220363
96898906553
79503113884
0965277853
79202913924
79093913412
79256380088
79806939127
79536724626
79522408003
8926995
358505376342
8929390926
79042277443
0935908881
79516421813
79834554336
79125150796
099111111111
79200395203
79053701722
1234567891011
79165352644
380953150381
79044781214
79522096698
79504654556
79536653110
79164241787
79171232817
77473293298
79106840003
891704747
78124485764
0680409402
380963416127
804436548
9618781993
79155242181
79533355222
79823691892
79112270676
79062127604
79216612953
79996137641
79207795859
79062214
79101862713
8950159
0987145320
79516576684
79062497578
79997717530
700000
53253322566755
79222222221
79101462696
79128929698
380976492278
79209055140
79205685790
79033335555
96362800
79520033970
0978712684
79277418978
79055247221
79110180268
79323329006
79126208028
7912000000
79281590475
78005553535
380503057755
79253045108
79235670302
79291042882
79241327408
79064163444
79501720860
79179362031
994504727247
79773420375
79139003794
891972059
70000050010
79643658539
79221212618
79520262686
79137064905
79804315697
79935847261
79119293080
79533869499
79088054968
79206732488
79026465959
79197109777
79266106960
79503390056
79315114393
79871913695
79234521260
79189936032
79021637666
0123456789
79211575276
79039917356
79634477805
79125448444
0689571835
79009434096
79043583554
79306811761
79005473928
1242512
79878804923
79197150060
79031915151
89123656
79002001221
380989593941
79815531277
79920087036
79292497347
79535775144
79624911363
79500206724
79283443436
79513510044
79110939752
79312409497
79502487134
89220222
79021313762
79116546928
79292551196
79535303398
70291738565
79041223500
79080696718
8913636
9509631432
79515001501
9266666666
79660195383
79065309004
79855632230
79533848059
0988676329
0956699179
380636444786
79293317397
79519538857
79273017407
380671331262
79044883998
79788206386
79138620007
79539213432
79157490314
9227271515
79674582998
79657778959
79026064455
79108250274
79199971301
380973143589
79920007158
8953689
79194565745
79065783980
79657982365
79315897830
0988888888
79246011330
79500261500
79644962940
375336782319
79501504773
3213123
79787618931
79962407067
892629589
79377748894
4732583016
0976554707
79224303119
79991901691
79528036821
79115004695
78002008908
79624481540
79273781655
0506261464
7906449278
79290937241
79805481141
79610101616
77777777777
79884965112
79537000258
79215755197
79100904459
79042067502
0954784463
79039982192
79219856759
8905427
8952526651
79170122247
79110495737
79210125106
790213201
050151324
380970552253
79134477981
888888888
79229667678
0979522966
0999999
79771109700
79372842370
79507265525
79920090509
0665958818
8911580
380963939049
79050189608
79117939190
79276857446
79516548205
79128266927
792696649
380995440135
375297956950
79040073048
3348710
79042127114
9191662018
79824640392
0987762867
79021649364
79788681766
79195201500
79525560172
79535260748
3809733
0730899486
375336238186
79024512985
0956491
0664050589
0999784480
79292007181
79269001273
79376210029
8932420
79622481845
79787546964
79659287366
79237312991
79202298073
