79061283268
79261248749
79163655980
79119272448
79152773090
79217094696
79160153098
79166577886
79122441111
79096588883
79175926820
79015200050
79251212038
79522295496
79032267830
79055538859
79312000098
79213417108
79779459567
79096494000
79163231402
79857849787
79104756422
79162927934
79262655812
79032884548
79267607799
79265961073
79251718100
79500226622
79253544001
79032328057
79774023434
79099933770
79266764305
79161621212
79067072370
79057272535
79117309730
79116002155
79265208866
79639934190
79219547013
79154283434
79166141335
79039616475
79032162784
79652276069
79629628176
79685148545
79629628178
79030038787
79296364255
79661110481
79035495001
79688253223
79940159305
79267330693
79067806217
79857943818
79254868589
79161669648
79269214424
79150020485
79667577557
79154716151
79162235144
79267276211
79779155708
79219136690
79852401256
79214043182
79265225801
79688783899
79855879950
79663347086
79266646201
79167326064
79263231182
79219150977
79646396657
79256608900
79036222266
79032824484
79502270440
79162609373
79774040842
79055791945
79858732982
79776148636
79675554644
79261913620
79263486707
79252141800
79119044729
79851091652
79150666417
79119250223
79267197720
79859908728
79855389388
79218888406
79160031878
79099933744
79091665577
79500080077
79166955712
79219540896
79262217010
79154812440
79854281806
79175393905
79257008149
79030005425
79995163131
79684049784
79520960678
79539182755
79817179267
79036834003
79636648164
79112904253
79265409803
79811091795
79854112193
79025693055
79164952575
79031927079
79151428396
79036237708
79296844513
79217532325
79996751617
79258872832
79169316370
79250713881
79032307999
79110286878
79851665527
79036118800
79637116006
79119249610
79152870271
79162403570
79104288538
79262797473
79055886393
79150011143
79252036637
79683575735
79163733925
79216551195
79268000824
79164426347
79958815050
79010599506
79035895988
79686476363
79150102034
79639919351
79261683224
79255326680
79111496979
79913071960
79859115690
79168799806
79778562312
79315416495
79199933953
79062666266
79037871212
79267022751
79661760050
79104673515
79149486759
79250407291
79168385023
79037963485
79167122467
79154650675
79500247197
79039607965
79112833369
79219511952
79057248009
79689516823
79037966509
79857627006
79169669991
79257556217
79164401056
79295057381
79959027952
79857453226
79175290501
79117878604
79859707803
79859232493
79312225054
79104953399
79060629675
79219015022
79605024171
79162264585
79218872569
79636113487
79268872744
79251355033
79651888310
79055138364
79160565545
79267524927
79602688495
79778108700
79219375963
79856440607
79776300239
79688659138
79166774003
79257726085
79217878320
79858473984
79660206767
79523959595
79219110506
79055539232
79262272714
79150331940
79857773587
79168438142
79295205333
79219569300
79219064576
79652494859
79854797740
79151265656
79992478285
79067718431
79219920071
79117483128
79067181422
79150587015
79284361125
79645790809
79141584005
79851858367
79264024548
79265268093
79258472755
79168133747
79250049801
79819350950
79652357991
79165507656
79104532727
79261530930
79772702038
79643420950
79214062202
79778861368
79154280750
79265864381
79152449454
79217546431
79057868123
79175799296
79857385543
79295912024
79652283697
79313439551
79250333858
79645348257
79263315222
79683737007
79651052694
79531480533
79219503941
79031813999
79055881132
79035118120
79039618256
79258558131
79219395986
79778803870
79653156538
79262573487
79522307022
79112593508
79260865646
79263167216
79855681224
79667576133
79219233750
79165975461
79164288112
79859994323
79213747252
79062265317
79112614084
79251155330
79269508820
79295489088
79645717313
79263110757
79219338505
79260900010
79773261933
79689134579
79629417784
79250812482
79162444492
79166078054
79266144933
79250414448
79267756186
79266752830
79859715476
79055777187
79267225538
79117917135
79626997544
79256167755
79857655582
79653317430
79296364266
79052218902
79037222184
79163256338
79161737799
79851295231
79067836434
79818433575
79959000910
79067051066
79218941190
79216574737
79215954056
79219131835
79037863129
79266057284
79639640088
79164782766
79182602020
79853880404
79217410785
79175884521
79267277160
79852931826
79265969793
79312627801
79779018180
79255188465
79629251787
79671045212
79255856882
79119255872
79037948304
79219326587
79031677065
79096448969
79175066350
79818199500
79104174130
79161839019
79112571316
79912787500
79152854560
79032832494
79055854826
79781022100
79057169070
79219090001
79035515054
79257439754
79165791634
79052505082
79269110382
79254094975
79859286555
79112522041
79003279971
79254240101
79299045462
79251146544
79683558089
79874127035
79037564530
79778981465
79055536761
79516984543
79214433399
79852422000
79104013858
79015179261
79031658472
79776170005
79630988500
79771056767
79818338323
79854675766
79214036706
79166526163
79032229688
79653202362
79250828413
79060313242
79161143858
79250853439
79111530464
79660990656
79167672338
79670046116
79213450277
79164040205
79151691177
79121581902
79646283838
79670665015
79031111445
79819171544
79663269380
79161176748
79252758110
79260500053
79257080254
79651469260
79262819030
79857336881
79267399695
79260117827
79091666511
79165498160
79110892355
79150407057
79257715872
79264730517
79164325538
79261765505
79163540556
79032185744
79851227888
79645914169
79015465112
79344440040
79256643875
79153457297
79265303909
79650816122
79037452703
79817562247
79057644095
79219178178
79161021135
79657808463
79039661145
79261601491
79626846850
79037342049
79013688417
79037364290
79055080970
79037983354
79856465149
79091518847
79154165284
79254949140
79032606879
79858637427
79039607680
79161005911
79175323912
79153997687
79015534081
79296633971
79647680019
79037728279
79260775029
79035113111
79036753265
79267348505
79264276414
79255325045
79160432743
79219475625
79675550542
79107869339
79119609150
79260170449
79522251715
79161873833
79269507020
79011052878
79168898679
79165376181
79214309022
79261906362
79119626978
79109107199
79057972440
79052732530
79112136956
79859185686
79202002552
79031372674
79256069444
79684646980
79256150694
79850112710
79817888078
79057341368
79269076555
79859122900
79500452404
79253108765
79165772050
79255047783
79162237262
79268472647
79852318330
79163937077
79161763178
79259043308
79175510624
79944249628
79032724346
79167371805
79850759357
79853094422
79169200030
79639296360
79637101047
79160530373
79169554770
79163601177
79030163016
79219155481
79162460479
79261149464
79251290000
79219302835
79031278318
79269007560
79219625617
79031877824
79216534728
79268109094
79217778708
79257710584
79670271129
79161147793
79161678090
79775706647
79697077123
79150605577
79151944411
79680657755
79030142555
79111041250
79165449654
79636013309
79153241010
79267419609
79213862805
79602599595
79313131833
79602599596
79932218799
79253072712
79802497038
79112860826
79036781700
79035965680
79690317411
79260850665
79778570072
79263955618
79067498199
79162427443
79298014654
79263945819
79264683201
79685943125
79163179472
79651076767
79218991937
79850709967
79651373672
79689903026
79522302538
79032130149
79652412424
79151115511
79116678608
79166068965
79036838686
79267615606
79057171250
79252399760
79251404770
79269647624
79032453331
79264311235
79533480808
79119221513
79636093440
79150807225
79166016075
79031607244
79037466993
79219867770
79017707272
79268699619
79099593135
79856001373
79153237477
79857682490
79852520022
79774580301
79646401876
79160294700
79267433912
79057435684
79112517127
79060932703
79164532909
79031082003
79265983328
79037202613
79163308096
79111675537
79602679696
79061460000
79169973555
79165382420
79160363700
79857763017
79054384055
79851735403
79219519180
79267985924
79265212777
79060615334
79119208978
79264882272
79139445537
79175995225
79778692458
79267933864
79252599266
79777201568
79651700904
79036854742
79096997722
79037135433
79104030783
79164424302
79851692622
79104955664
79660995862
79851692624
79851859111
79788117655
79161499410
79060192019
79168587129
79265303101
79046056464
79253645515
79167540520
79006274220
79267990050
79062650530
79166732303
79857288834
79850511515
79217845937
79250583271
79015196662
79687071071
79647977396
79636835533
79004738526
79958886172
79267579028
79165028910
79778720585
79166007173
79219598801
79161565809
79219547672
79119222450
79255071320
79265174041
79067317981
79166110987
79851518584
79039617055
79639225645
79602806575
79260073430
79052047484
79852809220
79651257040
79052230922
79774608710
79175041388
79267160272
79218887766
79037947386
79117114228
79060265002
79155615818
79035135837
79859911234
79169949055
79255086829
79036284945
79153223238
79851505299
79045150034
79857768298
79267269621
79162260931
79052696475
79219629529
79213185345
79217723147
79099459941
79269761606
79217455515
79967829089
79671327977
79916245274
79859927636
79165973183
79219384774
79295753223
79199981212
79167738908
79162432322
79251111495
79257556901
79263462933
79111504202
79689103919
79219451191
79175661448
79031273427
79057898925
79253914012
79168048934
79264201225
79150380841
79213320730
79031335723
79164893029
79197678484
79671757517
79859224371
79213699440
79266354712
79219352719
79779534419
79017605770
79266515445
79219675418
79017605774
79250110175
79216350592
79260435333
79850981199
79269988120
79253545823
79251232929
79296172711
79253692302
79250010877
79104726890
79032788834
79219317996
79152622562
79166979745
79261699255
79161117890
79057661777
79265824023
79319563030
79670082556
79253192637
79015994577
79581114670
79210906259
79217715601
79255086644
79255546959
79111565008
79268462598
79255438230
79165512488
79031888480
79260322324
79161451645
79055764108
79119614489
79175050270
79257851886
79175920067
79917336120
79067142565
79060692253
79255187326
79213646358
79262472986
79265860149
79202344189
79268300007
79268107889
79255890958
79150577927
79261671467
79219292808
79251201179
79251979378
79052899544
79253816012
79036215712
79015787783
79254369767
79161646777
79213212892
79968182876
79256754404
79256424755
79168295280
79031294987
79165013865
79199641801
79652427788
79099151199
79859858541
79771355604
79255048331
79218902663
79150095880
79645663132
79031855500
79811925613
79219357458
79219194306
79282291363
79262374072
79819009000
79990015488
79169724227
79778788717
79219563742
79043324866
79255203985
79263126159
79169915803
79776879100
79167636365
79602707878
79859834571
79163963245
79254442040
79091514374
79257642436
79856902412
79296290060
79264936040
79588252472
79052101778
79255051941
79104829710
79856966485
79037555080
79817401177
79126237837
79295726828
79268889341
79160635335
79269155331
79152684542
79253270606
79213262321
79098091520
79269060056
79852223624
79671984645
79151434862
79162574391
79639989959
79859229003
79057769045
79637700490
79857278330
79111121372
79219462655
79774363588
79850578908
79035948818
79257135354
79219555767
79639197747
79035490875
79255792913
79036686686
79099367149
79636173376
79643425915
79218463646
79255024314
79999049497
79265725932
79052107090
79257033373
79117256045
79859128316
79067831484
79060997811
79775771580
79533649578
79214044600
79657905475
79164443099
79153804731
79166524700
79160616622
79112879315
79218740497
79778042936
79254449084
79168281027
79117331484
79250293812
79219993204
79152087015
79854806518
79880317086
79602521228
79099995445
79268112373
79998866754
79150814229
79258273379
79152403052
79993488081
79650192039
79253335252
79046088525
79031512172
79154103791
79168602894
79773984435
79683341649
79636016930
79645156077
79851911331
79165878566
79990264990
79773676085
79250503333
79262415058
79255093838
79260735742
79852209289
79261012420
79118443070
79169853008
79099005060
79858459090
79067205884
79626981833
79117623319
79032256132
79168009703
79262538095
79096209070
79161006477
79629167548
79214272733
79162626088
79261276522
79251464714
79775299636
79111575707
79255184768
79197222555
79150786433
79154081362
79164160671
79119206253
79260635117
79163024095
79853688898
79206507020
79257008883
79168741304
79963609716
79856834181
79006298555
79265382090
79217513309
79211839527
79162226080
79104816466
79651465888
79052227230
79953011040
79967641600
79255172782
79315880078
79998336228
79776350300
79266593040
79857737290
79032061001
79811038836
79035218921
79219331718
79150408754
79774405020
79260133888
79771657205
79990212921
79132134595
79211804483
79260544550
79153497292
79851556954
79686927950
79588248727
79263007203
79811255952
79637797336
79685228078
79168615311
79914800939
79588827677
79853640561
79119248924
79213555844
79164597558
79031301828
79268994066
79067527527
79114806923
79671253993
79260363321
79520973850
79253060790
79017803592
79099163644
79096896199
79175175441
79255147794
79210972107
79262072077
79213652673
79194112020
79263717477
79263717476
79219204624
79099757875
79774441513
79315783831
79110022910
79261721741
79161609393
79268108259
79637110505
79257008434
79636515599
79779986960
79255079153
79111339169
79262922252
79261790079
79253160525
79060453012
79295766857
79213561640
79154375382
79647957660
79031084338
79270235693
79817443377
79032508752
79253706014
79164070585
79169361606
79315216100
79629171661
79057911869
79117467770
79262359281
79067557790
79213725676
79099794881
79119114538
79032182999
79295941225
79150557826
79269256485
79036742909
79269176717
79219760641
79165959619
79119295272
79117511454
79169023355
79264923557
79818976597
79119496258
79629914102
79852423282
79055072929
79854832338
79031010783
79319820207
79818854811
79151397316
79255853171
79779079795
79163304699
79850700831
79112188621
79096595409
79015534445
79045119544
79117415282
79299851098
79006246983
79213167867
79218686892
79037628080
79118417264
79268117148
79944152608
79255053634
79266347095
79032081098
79104910057
79167243454
79817467770
79015535786
79852056853
79163109848
79166918029
79152276905
79052225892
79253010956
79165374728
79219661377
79258470745
79636794477
79219372689
79671079662
79219702771
79251710945
79299908818
79057663444
79219400738
79110901678
79118474695
79265812928
79104041930
79267035494
79161475171
79218819737
79096353537
79859763736
79626859999
79111710059
79267909262
79036179999
79859176359
79269079000
79269099016
79268219144
79255854990
79818028207
79636589137
79312003008
79215978450
79313441094
79031923683
79812489085
79013414960
79067795309
79261305505
79217973063
79006276190
79600503654
79037963585
79066169482
79684847900
79104059840
79163735632
79310091951
79958849834
79250759330
79266524504
79260493481
79152112207
79266801918
79999745166
79857647810
79175702292
79262629204
79626858626
79296044648
79111863250
79268180803
79957954108
79787432175
79955981671
79250050300
79855153436
79067775717
79261073120
79862225333
79035499718
79254428909
79164959977
79253920039
79852973363
79166139140
79660379009
79259737977
79265313931
79817846085
79117419248
79817902271
79265860684
79670167935
79219334200
79258339527
79859549868
79999623704
79256552730
79037239689
79119250326
79264252650
79856200115
79015179429
79778328405
79262684498
79161460676
79062271859
79035081494
79015536472
79263074102
79636566470
79687085050
79039687525
79686129146
79250017799
79107318000
79254180128
79999838242
79104176834
79037462747
79774208412
79119776861
79104699828
79851601314
79219046736
79637826730
79168100161
79168546056
79168526461
79269510008
79629806945
79850447214
79104163528
79779254142
79250265688
79168872835
79032505574
79166556666
79057365552
79037207268
79689174920
79852203212
79165551319
79252394347
79996704296
79660064333
79154770601
79167405444
79259264395
79006245035
79213099276
79539728010
79267634189
79853047466
79652053474
79031879813
79255173449
79859117778
79032208585
79218462445
79267894939
79036162837
79199973009
79787725538
79160277658
79112502611
79226233083
79654390781
79166947197
79858944424
79644588081
79107848653
79217106830
77058002551
79096674807
79217567536
79629002115
79031360447
79038410744
79919896748
79637825056
79819380555
79262535699
79032976445
79067619102
79857664316
79031967227
79266801557
79639976317
79166143243
79037965798
79256314552
79166775670
79218929878
79265805827
79055195807
79857662541
79254774077
79257724929
79161845101
79112250267
79959900685
79252057201
79266346443
79166601351
79263298304
79647922913
79110832033
79154909760
79119307570
79688827435
79266931513
79852338583
79269274422
79151449160
79775118064
79257775252
79017036596
79629808718
79219633030
79629853720
79067820423
79261731128
79851989237
79636038934
79055302727
79650285273
79776262626
79258009231
79166527290
79164918989
79856278787
79299501120
79006509090
79168005222
79654743889
79819065722
79778781344
79267588138
79151353007
79214462021
79852813903
79858745303
79166192569
79854439570
79254799712
79169171694
79263388324
79165143620
79262179963
79161631921
79251178705
79023624958
79269176888
79166694266
79161429381
79266769316
79030945364
79260167105
79265440064
79119048579
79055049404
79162125351
79310080004
79670064677
79250031588
79218762939
79104246306
79169503319
79811486801
79124484610
79036153872
79629853265
79265879325
79160714767
79263006041
79268375019
79118180377
79015646420
79175896644
79850280272
79104525098
79263432438
79160196105
79637848181
79312998719
79168191227
79663002960
79152003539
79217923282
79164116888
79268448888
79161785069
79692117851
79990676267
79037956443
79854185373
79031347548
79168880305
79774151061
79255147666
79685122871
79267015390
79967752370
79261365286
79163175254
79214370333
79651596828
79256839341
79645566777
79500220679
79255995695
79037903937
79175719096
79266988315
79779866246
79100009530
79015290445
79218658717
79031097733
79216400234
79100006894
79175588567
79036897250
79055839151
79031305707
79859877131
79913101366
79199988051
79312783300
79112278292
79773932209
79952306868
79164262075
79299659858
79602492551
79657973080
79680566252
79164129746
79850950225
79857626930
79264610148
79251996105
79778577335
79104424813
79651029711
79219307998
79219066228
79859993362
79774025454
79219583551
79153915686
79684041041
79165923572
79254458370
79057242290
79649684255
79261505448
79663393314
79154865748
79219165518
79057607624
79111268880
79182208360
79217478850
79857614934
79319653395
79165131602
79165781506
79219117001
79265233017
79216502589
79052646844
79952997200
79199654213
79067778867
79957075327
79067694301
79859980453
79261400002
79151609356
79857658978
79614464348
79252322640
79017062043
79261155101
79991233333
79261155102
79263793440
79031550181
79218705908
79255143229
79267070587
79112409596
79263748467
79257728502
79312550166
79036620049
79032194830
79218855904
79267111950
79168359454
79263201490
79500224650
79265302090
79261772564
79164466319
79999881458