79194836300
79027925439
79220262862
78002225246
79050492538
79236699488
79097861268
79226192359
79536501154
79536616525
79620586377
79216852970
79637333555
79807015060
79510549280
79510533840
79208746948
79216306520
73832060202
79530049409
78007774576
79313084360
79222029302
78001018525
79155135435
79996088051
79165577965
79528102327
79787456997
78005009073
79299325660
74932932009
78005551845
74957894929
79627123484
74955103606
79089444543
79244002122
79605037388
79207772471
79120441271
79533673455
79002092293
79533615819
78126282034
79663279524
79171450015
79517627049
79155649147
79106680305
79091106550
79083293760
79092928586
74997043544
79152153823
79182185577
79818122661
79788481997
74954143020
79042338639
79301097433
79237305598
79233595559
79219611441
79106806765
79016941908
79016842057
79016843826
79016849872
79177486460
79067147775
79257555305
79200033043
78003500441
79294603718
79628389638
78006003359
79208151657
79021906152
79152696969
78002018830
79878028759
79207305304
79680555539
79260292028
78005550364
79117994105
79787216951
79787276951
79190051418
78006004245
74951200737
78005001807
74955071288
79677398803
74951281871
79995616969
79009073535
79030684646
79963778054
78126071454
79064720390
79282622062
79952604048
79852044430
79304092440
79505418973
79656001200
79633267951
79232477836
79991900602
79204826003
79604958025
79202366402
79086833735
79874938883
79200660399
79660381313
78007753125
79250004555
79653231472
79371768538
79996313132
78005051317
79514587794
79201524753
79295492161
79085743241
78003502959
79203532526
79234795539
78007771698
78003337370
79612218993
79005270530
79005270583
79114472189
79876233653
79605413822
79000597091
78126777413
78126128039
78127034397
78126773643
78126779216
79277501114
79277229910
74993213151
79222106823
79196913033
79065122433
375297802020
79969963830
78003501821
79531791630
79581740830
79160382384
79215565220
78007755323
79117093203
79043917358
78123239063
79005838833
79780087674
79222213033
78007003805
79611977788
79307635475
79524909388
79524909288
79308557874
78182460704
79150727008
78129836489
79160078886
74957554531
79156772699
79107676772
79065266639
79056343634
79052206316
79219154026
78124203312
79232284454
78129213103
79506201004
79272620204
79787436616
78007005897
79615720214
78123038590
78003331327
79172671998
79114601405
79316001772
74956488456
74993755335
78123217869
79910275061
79529342192
79911142579
79999870008
78005503963
79528054131
79266274343
79266274243
79038785110
79022876735
79316043037
79174566909
79081964888
79614087710
78632260212
79045552879
73412570755
79044054085
74986990407
74986990559
79229110161
792333009077
79882331222
79058778538
74999386696
79219008656
79500282841
79167570505
74955858720
79275155444
79122967908
79819886900
79819786900
79219935585
79045138775
79102227816
79205506059
79631816026
79270969006
73512707030
79525014354
79626858322
79659007453
79315217830
79776239481
79037182279
79631202173
79274150215
79063254490
79870036214
79655778298
79500377171
74952494913
79091040090
79062864181
79201048378
79026190070
79026015601
79213712246
79027983961
79652356902
79101286237
4722320051
74722320051
79045450274
79629411522
79128777378
79059054555
79967713759
79297220033
79994101992
79994107292
79601781308
79148052998
79112264004
79163762752
79203041475
79203107027
73433417330
78212390402
79210258460
79046818206
79911825441
79017715519
79161160808
79855174555
74956646716
79534997991
79509533377
79024679691
79505023232
79304742627
79276985102
79270002521
79528145497
79304146755
78162552525
79517221900
79139398482
79969591588
79897532136
79200054095
79255162157
79879433035
74952408188
79263238024
79117103752
79675720036
79528886412
79523909829
79216458407
79397043331
79504396898
79003587755
79620704239
79139170632
79288811198
79189898353
79217105136
79622684151
79172667275
79104285768
74950665768
79063530683
79151900080
79200485495
79960001345
79663665819
79516491636
79872008303
78003508389
74723155897
79292213121
79992095933
78126037788
79097799741
79622583457
79527905434
79235867583
74997858039
79125695770
79602367111
74955456471
79818189584
74724351284
79628720037
79513761330
74991132289
79023400745
79601898352
79503788777
79051903245
79777292240
74993224983
78001008666
79122436080
79663353633
79057254456
79010130302
73512454575
79518177192
79165777881
79671286333
79195698422
79282222621
79045917531
73432472500
79523711233
79229239577
74993500891
78005554977
79191232818
78003334055
79506601035
79659889830
79372115565
79092538878
78001002826
79880881488
79122100191
79058771530
79068163514
79068978848
79090566666
78002223602
79189762061
79214141771
78124099625
79624010405
79111368016
79781150584
79181200812
79507168585
78001006765
79370666393
79372307273
79521150244
79219520833
79222682640
79956482640
74957602326
73512459915
73512459914
79117141090
78005510810
74997556899
79231298625
79066777447
79118687680
79181579936
79067193138
79026708064
79192859585
79818541424
79155479920
79046450464
79128154192
79505253332
79319753299
79217407483
73422592052
79630156233
79644950410
79200150232
79200015815
78005005283
79229776313
79539494795
79627011120
79099191198
79025034620
74994905504
79101147129
79646686681
79115272416
79212520565
79962347866
79200650880
79056339011
78005507831
79122290917
79122842241
78005550510
79530457900
79826683171
78672333152
78002500414
78007071937
74952480323
79123352165
79913930793
79201950199
79789338915
79621635454
78007750468
79312971104
78002017276
79112002066
79219047503
79991309267
78422311606
79025034146
79588834395
79789358930
79112859714
79111469356
79101999889
79102385008
79850416969
78007776810
78125079970
79247596611
79139777843
79679014704
79122173408
78001007727
79782060727
79203290700
79113360280
78123203006
79114751578
79535128551
79530170602
79258228203
79778364631
79194551691
79995211532
78007778549
79199938192
79264114884
73412772728
79199046252
78002222805
79203590015
79303529958
79260382878
79038975771
79645514945
79773437377
79224523376
79101369031
79777550753
79254975502
79130981828
79133755729
78002345591
79113929429
79222429797
79215770147
78002503743
78007009337
79677550630
79296481868
79189947410
79130001605
79910769982
79780734503
78123090202
79180875660
79213320927
79095338898
78005516513
79038393730
79231272515
79138200328
79528802828
74950050512
79955016223
79095061212
79221555198
79967915545
78007756741
79161913230
14243499948
74957778853
79236070374
78123164727
79892898919
79891221112
79261218808
79169644092
79859992775
73912412221
79153255987
79099093432
79268484414
79119075895
79118233416
79033110060
79033233300
79216539035
79068184623
73412970932
79023500972
79201531704
79827825380
79269762422
79117151991
79222939588
74955438148
79297929222
79244565700
79240145700
79178029226
79295633766
79963481100
79183337963
79051402200
74952553460
79991253811
79064752206
79260933581
79851639838
79110927192
79226411300
78314137014
79063694590
79029900553
79991899079
79124686123
79831421025
79313919911
79259003595
79914103033
79506084588
74953410455
79099602014
79605650934
79270287029
79854446118
79094854587
79622342091
79090606596
73412474442
79779437662
79029263688
79621639225
78002013732
79201954614
74822395700
79620701595
78005504018
78003026507
79303489614
78006003440
79102078287
79152022636
79045808904
78124073584
79817639990
74951505661
79511313172
78124072138
79655835464
78005513190
79624142250
79621238343
79089918324
79111996750
79643435404
79231669293
79236473641
79230038923
78005004187
74733003925
79265896911
73422242110
79028013141
79824813300
79222298885
79506350089
79153016914
74956909247
74952129366
79000780812
78312819809
79120515427
79137134000
74951758937
79686727903
79671013575
74951504285
79153454197
79630907010
79222220420
78007001181
73833150599
79134845518
79686506678
79515858867
905428628699
79175773077
79621668788
79033410067
79656096384
74993940177
79202574557
79232140812
79052290674
79052615966
79626877211
79524542539
79203377733
79027969183
363362
79158303362
79002102410
79531379831
79531379812
79216554563
79286034269
79020083000
79050373000
79153750008
79833224955
79959165777
79238268728
74950051550
79009725555
79645252888
79209923030
79659828607
79046085445
79164323106
79163930594
79811501224
79378439710
79296491988
79213038486
79319550231
74993489979
79216023600
79128856516
79055537553
79312902524
79115050834
79175408231
79658547484
79036586668
79154662151
79296047780
78123093018
78124954413
78001007623
79036816868
79192686847
79219568190
79613062606
79046626700
79139330212
78003333926
79117459290
79801599050
79633624972
79313101899
79214155441
79218086232
78332222001
79192158257
79611902969
79255171131
79265150200
79115019717
79254499919
79517833564
78005505001
74959881614
79956250055
78005513091
79124907998
79271174763
79052008759
78803506716
79519576833
79221043377
79201553519
79199097931
79051878888
749554
79879313771
79255560166
74994996763
79048882301
79178813597
79200906611
79295483809
78003334535
74951552825
78006008830
79534073422
73432478532
79162529659
79131571996
79586593418
79385245545
74957895223
79152160008
74999790079
79315321011
79262684665
79615757160
79067139191
79393811490
79852541686
79663870903
79177582134
79109479686
74955070197
74952560197
79502750446
73842452614
79043321233
79612514016
74852338839
78123127725
78003007272
74992557757
79856245215
79139887688
79136404545
79190244434
79958947274
74951282844
79229052001
78003337068
79092957778
73852539030
73852539002
73852539001
78006001628
73422144444
79621658595
79092488666
79621676000
79032965576
79831506705
79029604260
79208888847
79082416043
74994092180
79788044778
78007750000
79374070758
79603217946
78002003411
78005056398
79278713273
79998328885
79999990461
79312202698
79773707034
79065255959
73514934113
79625608646
79678722557
79126835364
79022555284
79923376773
79122222580
79229364602
79312116200
79658122930
79697279780
79534105585
79177884015
79223704698
79787686196
79615944955
79833202400
79583951762
79959007569
79996023611
79601887540
79148406581
78005113510
79613531096
79009947987
79080111666
79607720700
78002221370
79217453566
79051952022
79056603341
79124530007
79128777453
79292758955
79787222865
79777168535
79512591594
79251968881
79039681060
78003331312
79298308853
73412774123
79691235888
79166025488
79050148801
79660808008
79175438441
79299494148
79273990927
79532663553
74951042044
79854778730
79097701090
79054607015
79632611089
78124263533
79913927767
79313056062
79273797926
74951289979
79858073928
79651027747
79504533313
79172859804
79054554585
79150351308
79660995552
79857731606
78002348567
79026370916
79097300979
73422155900
79275104265
79384077559
79195900589
79040161092
79206448844
73422064059
73412321332
79219197792
79118704159
79815539006
79521025507
79787211080
79138913939
79016901707
79158108101
79814634297
79842986794
79817552404
79128055177
79163220680
79601570402
79209848134
79178011918
79375002227
79207990004
79207996099
79307909094
74952660669
79204338826
79233632078
79253831373
74994033184
78003024032
79628027244
78003003767
78000000000
79116558595
79217767647
74942454382
79216840530
79224807476
79671773338
79284219232
79269494887
79063128578
78005519093
78006004190
79506071187
79313973987
79094433939
79539071030
79127066662
79226646792
79127342552
78007756552
79253336323
79184406940
78005556775
78004447618
78007757608
79951191319
74956406349
79523700833
78007073587
79539727274
79637793780
74950881722
79210120069
78005503369
79538833686
79235089700
74956697469
79787724085
79061137765
79130037775
74956605999
74959330020
79850784451
78314205044
79211230918
79965139807
78172330505
79687679995
79687642220
79636499902
79877083855
79273666386
79112540633
79251103216
79209402000
78003500883
79136284479
79155313702
79208333666
79208403545
79510762807
74950035916
79055779190
79017996289
79786544656
78129250295
79815026217
79855683471
79644553999
79244565353
79039777000
74957405097
73462773986
79105590576
79606022220
79217911617
79503110177
79118292933
79802638009
79045435356
79266969903
79964857507
79539452500
79156261644
79521246616
79639312595
79175676603
79065082776
79162849117
79990950304
79912849045
79193329804
79085883323
79959223480
79042709480
79167333387
79207793165
79645625130
79160873130
78005509832
79879867122
78003502990
79535862686
79504261375
79273400602
79088704883
79117060872
79111497352
79157095779
79964756060
79616692005
74952589018
79302772737
79375256589
79647788446
79673444577
79162864416
79130323333
78005514031
79821030240
79209203640
74957354817
79156172132
79962161620
79775317400
79829660968
79859223909
79959106938
79128324589
79119283341
78007071153
79296608208
79252995609
79160546906
79226654261
79836243380
79962319279
79505696710
79699996718
79046660958
79001983434
79029722477
79029820825
79872248601
79027393316
79026645214
79774940414
79811810372
79198449063
79212336977
79514143645
79113810475
79113831389
79258777977
79678799111
79057658226
73822201983
73822202183
79203678606
79619249080
79877955405
79620840610
79225009407
79255162612
79152925555
79951001800
78126605950
79063063970
79504450908
79197015051
79852459595
79156560707
79222617705
79052995232
79829105741
79504824787
79781495808
78126004601
74957896516
79539222244
79058601693
74999406415
79201125947
79520277788
79237377000
79225106337
73492240421
79237085456
79134684575
79162301000
79624353433
79054122433
79185177635
79082806281
73512330863
79080815863
79195198720
79196723184
79154705634
79254376207
79126174732
79857002050
79124620666
79630279072
79965927644
79852847662
78007009759
78003022076
79990575791
79372492926
79959192911
79150006489
79100814141
79013491312
79178769702
79284047076
79672541515
79044040363
78332445510
79370632898
78005110343
74957899533
74954455264
79310094502
78332786838
78432598069
79625598069
74852280067
79290538111
78007770575
79177964200
74951812348
79652016021
79129252905
79608671905
78002001060
79775883320
79162175930
79162645541
79109735615
79133838279
79831478002
79081099338
79659115555
79059745000
73833885507
79117522633
79251252924
78003331451
79600936890
79629628663
79118749674
79022908243
79148498539
74950888600
74732224595
74956662063
79094048887
79118529949
79825381614
79125375133
79303816402
74942544254
78005554485
78007077058
79045907748
79013495159
78002225689
74957406869
79815066010
74951286458
79109717059
79627012233
79027937644
79263300771
79806832950
79680332355
79308049090
79996348521
79101073666
79855105577
74959275387
73833000444
79137309338
79994981000
74959702462
79250091955
78002222825
79785842414
78127026686
79503138835
79172672028
79776706554
79092944991
79261502800
78003500871
79022812632
79254410007
79116665288
78123185606
74951093414
79964757423
79057134849
79786491969
79004699565
79029318707
79957965969
79048225500
79362456137
74956680945
79955016683
79918647734
79875539487
78462672903
79297179333
79297067727
79397119299
79620489200
79673300828
74957699808
73432882298
79263624927
79633267961
78126035884
79965652524
78007070792
78003331583
78005055268
78123257686
78122093031
78612025289
73432532233
79674655888
79080284444
79110149113
78126300076
78123058590
78122449881
78127770452
78129858764
79161629390
78003002667
917218982918
79211801885
79111527200
74742250136
74742345770
74742482349
3412570755
79223487309
78152686326
73512487287
79223380265
79223380482
79223380466
79923380257
79923380459
79923380467
79115742179
79600121535
79277006667
79277226667
79951950066
78793333261
93912568587
79641902979
79201158515
78332653158
78316255799
78312029809
79059305174
74994300147
73439399890
79780264344
73432210163
79186850444
79110323177
78314241822
79651056403
79231702500
74959992775
79675145260
79278505551
79536703214
79202537014
73422888567
74993410455
73412245443
78005551631
74959606220
78129833418
79033063652
73472996830
79617854616
74959569366
79167464086
73517771637
73833637403
74957395939
73432632271
78123242470
78002225699
78007757379
79522862552
78003020975
79052948480
78125420465
78124308690
74954886557
79661422333
79372540960
79201776563
79626149554
79852541685
79625757160
79000994596
79159702778
79533402742
78127472635
79101957889
79960476727
79533600909
79503926163
78005110863
78112702930
78002226532
79870793914
79096662040
79125794108
79874840049
79250555199
73422776920
79188530685
79299495077
79046042233
79603238481
78005509708
79111374624
79210114351
78004442435
79818179087
79017996280
79780399885
79031298086
79290722220
79046748366
79118437474
79892638009
79209951923
79281999960
79506943433
79270303575
79061354760
79992796818
79520651208
79813528475
73532455405
79311070108
78005059171
79013536796
79581907395
79501262862
78007071289
79110020002
79212005534
79516855710
79500383384
79265488863
78002341272
79814529981
79184444601
73452713613
79620871111
74957494343
78432366822
78123352335
74942467626
79104995608
79688848886
78123844728
74994290296
78124143177
78126771052
74996508115
74952807250
74953699753
74954070819
78127037841
78312029087
79250003353
79136867749
74993913100
79772728380