+79086345267
+79221390722
+79082780378
+79222254634
+79041768888
+79961878705
+79126863756
+79043831118
+79122487950
+79030817000
+79089228599
+79122857008
+79221409102
+79623103377
+79221034159
+79086398608
+79326100000
+79221409102
+79226097071
+79122222125
+79826376974
+79221524045
+79582652755
+79826632449
+79126335554
+79222217386
+79122120172
+79126049910
+79623103377
+79628764501
+79030807240
+79122120172
+79827097001
+79028733991
+79506595707
+79292021323
+79623233331
+79826573956
+79122040951
+79661812066
+79321160016
+79122652777
+79126521040
+79043868533
+79122961145
+79221777720
+79221001009
+79527338888
+79527403007
+79193941432
+79089066303
+79226018080
+79292223257
+79122868259
+79086332596
+79122861852
+79122216563
+79527279484
+79045404801
+79227227702
+79221758654
+79090084954
+79222221200
+79122491007
+79232223257
+79195773004
+79089079444
+79058040696
+79644869672
+79321160016
+79122296447
+79043839853
+79122277430
+79326158880
+79527272754
+79089190852
+79025026716
+79193722338
+79501924850
+79089283370
+79122605445
+79273088905
+79126914495
+79920015770
+79126323956
+79122017636
+79530019847
+79221870711
+79226023930
+79122498520
+79504947496
+79014544256
+79221086264
+79090222653
+79292211074
+79530443232
+79126875662
+79326095773
+79089033930
+79521308327
+79221515005
+79122663719
+79222242271
+79292001132
+79122120172
+79222221595
+79122040951
+79221444403
+79292223257
+79292195747
+79221870711
+79028715404
+79126582928
+79000422200
+79122511850
+79086325650
+79220210610
+79122040951
+79321140760
+79122511850
+79221870711
+79043807943
+79122870080
+79226137006
+79226154989
+79530495571
+79226155449
+79122855826
+79089266209
+79222980844
+79995596298
+79222272256
+79221088715
+79126662888
+79506596462
+79122630209
+79995591736
+79000458989
+79501994409
+79923393906
+79122874236
+79122825027
+79995596298
+79097005151
+79582652755
+79965978352
+79022536009
+79022780378
+79827044400
+79826385001
+79221931301
+79122726332
+79506524763
+79126108042
+79222971667
+79826301700
+79126662233
+79221109333
+79195621761
+79068718344
+79655046993
+79221627416
+79122605445
+79506583888
+79025099977
+79326199055
+79025018445
+79089087450
+79222247460
+79126762696
+79222188775
+79028799757
+79286985138
+79122861862
+79049878979
+79126454532
+79920261273
+79221522215
+79505533322
+79089079544
+79068106504
+79221300172
+79321213988
+79582652755
+79826586171
+79022602587
+79226015355
+79222165819
+79126650246
+79122323246
+79222910454
+79041615400
+79089167666
+79826586171
+79049879014
+79655446457
+79126290077
+79630492005
+79655241959
+79655411455
+79011497544
+79122442633
+79024929845
+79630492005
+79089167666
+79049879014
+79826586171
+79121604158
+79221106113
+79221045872
+79326070322
+79122807444
+79221015418
+79126417141
+79122882967
+79122791183
+79501989767
+79024102950
+79826142446
+79220274533
+79827035487
+79321285430
+79030865522
+79089266209
+79122120172
+79043027325
+79821238640
+79126388222
+79126988599
+79126033303
+79527288055
+79088966664
+79126177822
+79091778053
+79089266209
+79126976787
+79126690417
+79122828333
+79221075888
+79049883719
+79025022091
+79150186006
+79222078473
+79126060680
+79122644439
+79058071436
+79521300004
+79221390722
+79126242859
+79995596298
+79126690417
+79827599959
+79655446457
+79923414597
+79961961183
+79126690417
+79089266209
+79089171266
+79089046688
+79221111225
+79221394733
+79827150318
+79221020788
+79122829730
+79193833076
+79126646679
+79021881360
+79667023838
+79089266209
+79122074065
+79827174777
+79826547133
+79122149183
+79326078242
+79222167798
+79222121188
+79326106771
+79014538135
+79222121188
+79506378926
+79028755528
+79014538135
+79126799990
+79090022181
+79995596298
+79221593196
+79608003172
+79126829426
+79221758870
+78908908450
+79826394345
+79221593196
+79221332875
+79193682777
+79122500700
+79527053707
+79826500294
+79001971963
+79226111192
+79090022181
+79126690417
+79226013170
+79226586241
+79825018445
+79122951258
+79638504455
+79122853544
+79122420333
+79090197791
+79512491080
+79126332225
+79049833067
+79630481398
+79126731111
+79126485277
+79292188700
+79630551155
+79227649077
+79521498598
+79090059654
+79195600629
+79193938466
+79506527666
+79090026789
+79041677778
+79126485274
+79126028113
+79122871573
+79122411941
+79221332326
+79122424945
+79645200000
+79090171715
+79126878332
+79193665154
+79326171848
+79122419340
+79655077662
+79617632358
+79326010819
+79126297084
+79126705324
+79826312226
+79630548444
+79068124160
+79221616616
+79024090009
+79221777703
+79126807747
+79221724488
+79221724488
+79122814433
+79827364886
+79630556643
+79030784282
+79122538787
+79226085858
+79122380009
+79222910454
+79221947700
+79512306220
+79326090769
+79826666646
+79227551260
+79292589633
+79049816181
+79084437794
+79617746069
+79222156466
+79002063755
+79826666646
+79222156466
+79320157379
+79634491166
+79126175255
+79122770010
+79122519775
+79122802233
+79028769891
+79058096003
+79126509621
+79321110333
+79126109593
+79292589633
+79826267464
+79221095831
+79122526182
+79826267466
+79126506000
+79221593196
+79022569911
+79220127262
+79228703709
+79122401170
+79826047480
+79829087748
+79041672002
+79676392223
+79189952934
+79120414514
+79090005066
+79655116687
+79126387028
+79521383444
+79126018356
+79222069400
+79320117920
+79506416000
+79090115668
+79827079374
+79623134192
+79222078473
+79827172097
+79030864413
+79000437439
+79222059282
+79326179514
+79195923925
+79658307872
+79126600036
+79049800007
+79089001914
+79221288799
+79827200209
+79126908909
+79623134192
+79222466155
+79122051084
+79122851332
+79827230445
+79502020444
+79122656020
+79126363220
+79041672002
+79221095959
+79655374423
+79126562226
+79122560808
+79193607700
+79022664980
+79193931992
+79122691888
+79126854357
+79089190852
+79527370342
+79826657261
+79090181995
+79226020459
+79135554939
+79222007404
+79089066017
+79221409102
+79122415368
+79089150022
+79222048232
+79126694000
+79122519775
+79226012333
+79634446349
+79226020459
+79043880280
+79058003307
+79126141614
+79193765340
+79995686666
+79655099568
+79638543516
+79043804507
+79506416000
+79222913731
+79221838109
+79655262056
+79965970977
+79221787400
+79126769700
+79090239922
+79126290077
+79630460507
+79995869228
+79538226005
+79126219485
+79090221487
+79122998080
+79538226005
+79530505593
+79221624848
+79090089600
+79222067868
+79221838109
+79068121800
+79193931092
+79122715577
+79122924162
+79506498658
+79221053216
+79530054957
+79022799992
+79022604654
+79221107071
+79089194451
+79043840438
+79607591450
+79533887405
+79538230447
+79222220203
+79049842402
+79221256601
+79014545484
+79122213151
+79221856217
+73432625557
+79221056496
+79502004270
+79126090205
+79028702229
+79222920096
+79607591450
+79126599599
+79220242666
+79222227093
+79221443429
+79049898008
+79630438984
+79222217444
+79667022280
+79090116284
+79222220203
+79530068969
+79126884848
+79193991992
+79122718316
+79153624653
+79634911166
+79221303550
+79630460507
+79122423241
+79122383592
+79220265869
+79122650905
+79222941229
+79126039127
+79082713113
+79126447916
+79122046006
+79059421288
+79122781674
+79627976838
+79122416122
+79222951140
+79193866837
+79222957827
+79128382237
+79501962230
+79030800550
+79655411654
+79030800550
+79126052515
+79041732888
+79041674301
+79222135311
+79505567042
+79221962617
+79632739280
+79222017610
+79029023809
+79221550566
+79126976787
+79089190852
+79090122450
+79122650905
+79655457911
+79221403335
+79530013030
+79634441114
+79292589633
+79000320030
+79068131187
+79126597557
+79120480080
+79126726466
+79122433667
+79220336206
+79222067868
+79965962672
+79222087727
+79097003754
+79041674301
+79995668772
+79126335554
+79521478776
+79122411668
+79126506000
+79028702239
+79193665154
+79827218121
+79126158841
+79221461348
+79221071177
+79634402277
+79220072244
+79049800007
+79126335554
+79122465238
+79122475222
+79058083082
+79122423742
+79222094067
+79521444115
+79122193637
+79080594784
+79086337640
+79221256601
+79676331667
+79086396664
+79068555580
+79226170880
+79128844836
+79638559091
+79226741912
+79025858268
+79090001080
+79655224727
+79827200209
+79655546457
+79025850500
+79122197757
+79122564400
+79221277602
+79226751912
+79068120125
+79222015650
+79089046988
+79086383123
+79090227773
+79122613390
+79530019847
+79120478232
+79041674301
+79827200209
+79090022181
+79028792088
+79025006066
+79068120125
+79024440882
+79122810237
+79122122787
+79126577764
+79536058461
+79022778557
+79221421474
+79126189050
+79963261598
+79122801808
+79536077119
+79826208337
+79226092072
+79045491511
+79220269126
+79043846397
+79122010902
+79001995828
+79655186240
+79829062210
+79222065577
+79089196371
+79655186240
+79222222989
+79826208337
+79122001598
+79022628350
+79122261996
+79617650925
+79126555155
+79142901582
+79049812323
+79827599959
+79122294298
+79221592366
+79120498333
+79122478800
+79230225751
+79221592366
+79995658958
+79236815070
+79506481910
+79122436999
+79126651669
+79826433693
+79090297090
+79122309059
+79193736965
+79122939000
+79774718799
+79116807747
+79527445858
+79193736965
+79120454389
+79222177196
+79122121207
+79120343429
+79527354525
+79506566085
+79965916977
+79221635074
+79826911757
+79126917251
+79630388444
+79655354276
+79068023541
+79969901960
+79122487397
+79221522215
+79120404473
+79222568546
+79560885652
+79222195195
+79324553777
+79045482277
+79090033900
+79506332671
+79041700403
+79000450088
+79292193917
+79505416160
+79022555020
+79216198606
+79324135725
+79022555020
+79644857388
+79521330771
+79222009373
+79506559762
+79326135725
+79045439234
+79644857388
+79630374755
+79089056393
+79505398932
+79122426106
+79122824100
+79221044888
+79923472391
+79120324242
+79024400344
+79223266235
+79221034675
+79222231488
+79122480004
+79221123399
+79126537401
+79126515975
+79222023911
+79994976961
+79126644659
+77505542004
+79085393879
+79028748224
+79076383990
+79214449974
+79022555020
+79122433311
+79222205318
+79126116173
+79222220422
+79126690902
+79028777260
+79139530958
+79826322651
+79828824745
+79521451137
+79022605309
+79089000007
+79193661158
+79221448188
+79655427782
+79321160016
+79956687729
+79045403242
+79126914495
+79961770203
+79995653160
+79011502999
+73433631033
+79022691610
+79028745513
+79221777703
+79221029474
+79122663295
+79227551260
+79122770352
+79995606660
+79222100391
+79122402244
+79221306899
+79616500077
+79045401888
+79089006141
+79539444444
+79221882621
+79028708365
+79089222484
+79120500600
+79022615321
+79126506000
+79122584069
+79506590755
+79045416665
+79043843260
+79268159018
+79222607665
+79120526067
+79222100391
+79041671059
+79827036712
+79045430707
+79223333323
+79122886000
+79028731515
+79222220567
+79122500766
+79501976684
+79265641779
+79041711975
+79655427782
+79676349251
+79122622212
+79122079613
+79616500077
+79222979779
+79222220717
+79223333323
+79655177477
+79220311019
+79506595992
+79090231939
+79609515487
+79923318408
+79224373018
+79826642406
+79678575797
+79117790915
+79126536330
+79222141801
+79126472619
+79655169988
+79923318408
+79122694848
+79122441309
+79126472619
+79025006311
+79090231939
+79644898302
+79122404170
+79122847311
+79028773309
+79224373018
+79292156208
+79045430707
+79221874478
+79226115858
+79995698563
+79221306899
+79126419350
+79049859368
+79090033369
+79030910807
+79028740388
+79018650409
+79122170796
+79964091916
+79087060166
+79834496370
+79826996035
+79630494937
+79120360810
+79527370409
+79111715149
+79123598899
+79022761543
+79502076757
+79024094248
+79326001480
+79221724488
+79221122445
+79321140706
+79193988001
+79221878777
+79222012934
+79126841212
+79068113111
+79041728123
+79089086226
+79222226497
+79122121207
+79221514528
+79222208280
+79655361111
+79826715232
+79126252120
+79195621761
+79995691423
+79126884665
+79122478147
+79530447743
+79024102526
+79126264616
+79222277688
+79126841203
+79506377744
+79126236439
+79122680506
+79221882980
+79326001480
+79122456701
+79122876071
+79502011888
+79292150060
+79638557945
+79041723177
+79501957129
+79001042073
+79090041404
+79533808808
+79090137805
+79222165166
+79655244171
+79222076558
+79990582708
+79506401458
+79090144466
+792211026737
+79679093033
+79122735528
+79221692526
+79126364436
+79630551010
+7904380356
+79123113172
+79993695289
+79126531955
+79326073575
+79090210777
+79024412244
+79221421474
+79126192000
+79041680734
+79222247876
+79041680734
+79220336901
+79221614883
+79501974511
+79221577772
+79043838100
+79122473924
+79655411654
+79126472619
+79193909891
+79827040642
+79126480919
+79221119977
+79265454333
+79826047591
+79655499133
+79527376125
+79126505662
+79162605300
+79221119977
+79920078370
+79826996035
+79068067829
+79126881112
+79126298209
+79090144541
+79022664877
+79090082727
+79226718439
+79221234828
+79122258070
+79126298209
+79126909998
+79920039761
+79292222424
+79122205660
+79527268388
+79221555635
+79126909998
+79222191133
+79627976838
+79226050502
+79220309998
+79089215805
+79221044433
+79221640077
+79082713113
+79193999310
+79229203020
+79778948694
+79220343808
+79000324656
+79024097414
+79122338888
+79220286533
+79122720127
+79521424242
+79193892637
+79198277940
+79126135920
+79089136564
+79126257004
+79122663696
+79002151777
+79126465054
+79221305535
+79826382685
+79222101890
+79089222484
+79089147777
+79126128177
+79521383444
+79227040708
+79122942998
+79002097092
+79041643602
+79058010319
+79222212852
+79536046121
+79222215988
+79055382201
+79827473242
+79221288898
+79530527201
+79826047362
+79226107810
+79043868558
+79538275071
+79126690417
+79122966379
+79222067868
+79122770404
+79068010005
+79533891733
+79990227070
+79221100789
+79617729410
+79126913898
+79122787107
+79222084821
+79022531030
+79126128177
+79292171771
+79122942998
+79122942998
+79193730170
+79023758710
+79122436417
+79922337777
+79226050502
+79827683348
+79630326043
+79126504403
+79025858268
+79068033472
+79321213066
+79126242424
+79222056846
+79122844475
+79234862237
+79126927807
+79222522296
+79923370070
+79521458233
+79126460172
+79220420808
+79506461569
+79126502592
+78908888887
+79126266662
+79617644441
+79045463667
+79617633114
+79024092431
+79122518093
+79220420808
+79505130883
+79126913899
+79089234090
+79222661049
+79126681754
+79122805916
+79221458194
+79126935397
+79122246124
+79226103700
+79221623870
+79021500040
+79126507171
+79222594291
+79014533654
+79122533387
+79221763845
+79043801237
+79221962209
+79226142992
+79089189991
+79028714633
+79126342681
+79126460316
+79123863333
+79827440001
+79667110777
+79226197599
+79126460316
+79049854950
+79193665208
+79321139556
+79221600673
+79222165166
+79122880092
+79122630265
+79726910777
+79122477550
+79122887193
+79089257245
+79089104787
+79126579300
+79154003473
+79068059682
+79193881232
+79014357094
+79089048235
+79195961070
+79126884330
+79222165166
+79122475512
+79126125388
+79045455735
+79049898150
+79221402248
+79122605902
+79122474780
+79920298852
+79126884330
+79221881386
+79221638099
+79068005777
+79226197599
+79928067811
+79122471841
+79193979041
+79521444071
+79193924434
+79221086466
+79220250643
+79126884330
+79122605902
+79655367094
+79028769819
+79086326439
+79630344092
+79995605470
+79328067811
+79222522444
+79826555022
+79122038320
+79615734096
+79085370834
+79221079979
+79122111795
+79089111894
+79960827566
+79122774554
+79097028083
+79634432254
+79222044252
+79252256061
+79521444071
+79058070834
+79226027879
+79222199139
+79028769819
+79963765100
+79126541597
+79221028715
+79250858565
+79826467315
+79321155919
+79122107789
+79221947959
+79126389438
+79122444022
+79193910003
+79126572363
+79527364864
+79041642076
+79634450489
+79326078450
+79090090832
+79655118152
+79530443232
+79126354034
+79193910003
+79041710076
+79193926939
+79221799992
+79527815462
+79222286461
+79281696006
+79122462527
+79097037077
+79126112108
+79123259999
+79122403606
+79122322324
+79014532976
+79122703739
+79089123153
+79827286177
+79222245688
+79527416648
+79126298209
+79221329763
+79126397299
+79222280873
+79221430364
+79222960270
+79502076757
+79527158989
+79222148437
+79221407278
+79122905974
+79090091977
+79126333000
+79049848354
+79221430364
+79124062606
+79827000210
+79120379571
+79086301510
+79068060359
+79222266696
+79961703618
+79527256274
+79120323235
+79041794304
+79953430821
+79122660277
+79506595459
+79826433693
+79068001434
+79221961077
+79122564400
+79506425152
+79126771377
+79122246124
+79122055011
+79126988407
+79617779179
+79222049408
+79222137471
+79222208280
+79222219314
+79090091977
+79126576013
+79658310913
+79126506000
+79049898008
+79658310913
+79292929007
+79012302471
+79126759059
+79122738587
+79222076262
+79827125717
+79221013733
+79221136368
+79126228033
+79995607818
+79195773004
+79505594110
+79126450273
+79126516308
+79193991432
+79122844410
+79122404728
+79678593043
+79068018255
+79026485360
+79058047178
+79629254968
+79122558957
+79122013632
+79220353542
+79028747436
+79222014814
+79502031773
+79028747436
+79049830389
+79321146070
+79090000592
+79028780221
+79126646001
+79221213719
+79222237010
+79049822042
+79044863082
+79506473873
+79122461126
+79126994560
+79122401542
+79068034371
+79995635903
+79019434131
+79221627508
+79090128333
+79122230407
+79527403007
+79222070183
+79049878979
+79022705759
+79120778050
+79068106504
+79826486634
+79049878979
+79086324355
+79122444484
+79655156114
+79049878979
+79089032403
+79122461126
+79324338777
+79527273801
+79124277112
+79221108277
+79193870134
+79221008277
+79221651655
+79536058461
+79002098777
+79120498333
+79097018189
+79222020848
+79220343328
+79501989767
+79826093650
+79126734912
+79122145803
+79222976111
+79826639728
+79090103464
+79121188222
+79995100462
+79045405494
+79014318282
+79126943044
+79126175974
+79126724780
+79221234443
+79582321026
+79632737904
+79089055662
+79505594110
+79617611080
+79089027378
+79193732464
+79221392270
+79321214544
+79920031860
+79126120086
+79122642554
+79226000894
+79126339649
+79126085727
+79252707741
+79221306551
+79904548835
+79002006057
+79655355006
+79316049000
+79122400505
+79318094707
+79193911001
+79505621938
+79058099000
+79826153706
+79222024105
+79676303414
+79193598899
+79518206749
+79630465548
+79028753066
+79518206749
+79221816003
+79518206749
+79126691656
+79225600644
+79126134658
+79501991303
+79226139909
+79030848988
+79961780644
+79122322220
+79530400783
+79126049977
+79630424442
+79080013280
+79120515151
+79126518907
+79089236647
+79122106635
+79321286803
+79122436994
+79122683656
+79533834281
+79126451987
+79122134304
+79043820827
+79126380300
+79855247866
+79963979718
+79122447273
+79220233213
+79222080338
+79827006990
+79122474410
+79122790277
+79827185546
+79649514741
+79221930773
+79122490355
+79022709317
+79826259135
+79025018646
+79122824620
+79068108764
+79089150022
+79221602666
+79126151803
+79122200028
+79126355506
+79222367262
+79004500888
+79025018646
+79122824620
+79538299569
+79122816733
+79122534848
+79602024438
+79222961472
+79226132960
+79222023911
+79030847733
+79122819396
+79826643733
+79221807485
+79022533193
+79122819396
+79122816733
+79024415130
+79122277793
+79222166633
+79500231717
+79222962577
+79221942131
+79022748413
+79058530306
+79049883143
+79089156589
+79220557827
+79126931222
+79920056578
+79221448188
+79826141025
+79505544086
+79221005566
+79221994016
+79527053707
+79126289144
+79321239997
+79028704007
+79086333879
+79122662798
+79222071642
+79321113700
+79827433073
+79221406967
+79226027686
+79122251195
+79193800008
+79122289858
+79122837720
+79022735752
+79222071642
+79122289938
+79122299660
+79086331110
+79126500345
+79089244450
+79022763064
+79126220555
+79292154759
+79221331395
+79221000045
+79506372889
+79122251195
+79120449825
+79126556155
+79122426976
+79827121250
+79220292802
+79220353542
+79193606410
+79024413765
+79538210544
+79502081161
+79193695656
+79530075819
+79995625693
+79630486741
+79827328969
+79036333312
+79090017771
+79122500909
+79193953608
+79221852947
+79122853567
+79122805654
+79122832726
+79122165830
+79120310307
+79501959070
+79655670047
+79122454323
+79631251885
+79058055201
+79995660950
+79220249180
+79292137017
+79122723647
+79068023265
+79506364270
+79827446777
+79120427353
+79995663763
+79122662798
+79122549221
+79193657804
+79122222892
+79222292291
+79617615715
+79226060017
+79090175882
+79193657804
+79122525225
+79655345737
+79122825830
+79043814930
+79221299146
+79126426300
+79221299146
+79826196753
+79226175747
+79041790652
+79089048054
+79126754253
+79028717647
+79022672518
+79122034000
+79262572210
+79221710903
+79630471666
+79092422264
+79226036086
+79122593488
+79326006880
+79655121171
+79120451313
+79049833065
+79043800345
+79090266886
+79221589885
+79022686886
+79047496207
+79826743064
+79122501124
+79058022943
+79502092907
+79122593488
+79030853320
+79920161970
+79506319307
+79920107705
+79120327912
+79221602885
+79122304551
+79221627508
+79122417330
+79221086264
+79222244571
+79221285616
+79122423446
+79530473026
+79221086264
+79655284447
+79068036373
+79532772708
+79122700903
+79827596583
+79122867482
+79122867482
+79193657804
+79505501046
+79080052716
+79222286799
+79827193006
+79630315749
+79082713113
+79122189536
+79058760501
+79022557526
+79122692006
+79221587750
+79221001188
+79225004540
+79533813000
+79827353459
+79533813000
+79126669211
+79045439234
+79045439234
+79630331263
+79122711239
+79028760357
+79995654447
+79222100229
+79221479239
+79030803765
+79221344823
+79068034371
+79122970015
+79122086294
+79086388771
+79221214107
+79221141533
+79222184115
+79090116284
+79826553864
+79226096449
+79126232769
+79221444690
+79000467040
+79226155527
+79667072512
+79326111174
+79122400505
+79226150000
+79126551349
+79058099000
+79506351241
+79630471666
+79615735349
+79292121891
+79193761166
+79122844411
+79226150000
+79220372324
+79126662888
+79222294785
+79582338584
+79821101110
+79122222892
+79630370849
+79000465010
+79122412501
+79122443014
+79049834762
+79043845533
+79222102142
+79126662888
+79225600644
+79025855829
+79827170197
+79222208280
+79225600644
+79506398413
+79225600644
+79056398413
+79122412501
+79125225666
+79023758710
+79501942266
+79014533654
+79089066628
+73433693206
+79122412501
+79120486663
+79045434688
+79122941936
+79220206731
+79090043585
+79826661965
+79045470562
+79122436994
+79676391304
+79122516126
+79221684924
+79827364886
+79222153469
+79221920684
+79122201006
+79221011001
+79827345801
+79122196196
+79826250777
+79617658803
+79221547375
+79826047551
+79097020776
+79521435050
+79995654447
+79126672658
+79045462344
+79676339573
+79630551028
+79045549608
+79122435699
+79122416661
+79090141144
+79221062002
+79122167846
+79122711239
+79221243332
+79117985877
+79122423375
+79961768391
+79221807660
+79221274080
+79122879501
+79122616577
+79505635163
+79000380038
+79090200200
+79122453446
+79920250550
+79995596298
+79227197031
+79082713113
+79221006594
+79122184536
+79222202067
+79630399107
+79221818708
+79222032211
+79058097626
+79222288444
+79045423593
+79086370834
+79326095773
+79222067868
+79634496378
+79126655556
+79655284447
+79122922432
+79193554226
+79226080833
+79221438914
+79222071224
+79630532046
+79827026172
+79505554456
+79120522376
+79221603385
+79193697472
+79122528005
+79920280158
+79655348001
+79991560008
+79024468433
+79630347461
+79122471674
+79221853353
+79122441838
+79222058500
+79630347461
+79222200000
+79024499081
+79222120720
+79126604037
+79226004893
+79220224522
+79826477601
+79126915472
+79122254600
+79122665725
+79222024733
+79126705324
+79126627757
+79827328969
+79014146013
+79043864120
+79122387064
+79122323236
+79126003949
+79324222121
+79126007275
+79122260359
+79826712808
+79122492787
+79049843971
+79122576593
+79030850570
+79826100050
+79221418987
+79126170001
+79292156929
+79220219924
+79193771060
+79229221716
+79126664609
+79506583888
+79030853570
+79634402283
+79041778053
+79221503446
+79194822123
+79122603889
+79126167419
+79221684904
+79321190528
+79325052736
+79089175750
+79533829890
+79321239997
+79827281741
+79090144541
+78321239997
+79630088804
+79122896381
+79058085372
+79122472302
+79221461133
+79057021448
+79122685415
+79058085372
+79826064637
+79221461133
+79043838100
+79292211074
+79122189939
+79221503134
+79126855513
+79222263495
+79995602542
+79122663725
+79089175750
+79122996281
+79321180046
+79089081732
+79222315509
+79024093199
+79126037478
+79221114706
+79122404728
+79041769268
+79821805165
+79089123193
+79041643602
+79122462908
+79022737992
+79961898211
+79041769268
+79122490355
+79221152299
+79122287803
+79122462908
+79221122823
+79222222829
+79090069909
+79126346753
+79826286429
+79122830625
+79090044744
+79024090255
+79122818006
+79221929004
+79991259499
+79536039087
+79122930477
+79126894120
+79120480745
+79655365045
+79222020848
+79220222620
+79536064837
+79229006666
+79122260700
+79521401216
+79122694848
+79126743573
+79655058305
+79222221091
+79193946836
+79936085636
+79126027364
+79049885315
+79122475060
+79326016606
+79667073777
+79827642090
+79924266606
+79089027366
+79122227730
+79122644204
+79122495959
+79041638654
+79086367177
+79220348130
+79126046497
+79193922295
+79000959668
+79122287075
+79024090255
+79122424785
+79226087700
+79126532053
+79655192916
+79506565676
+79120317893
+79822349777
+79521343362
+79122213151
+79043872712
+79191153698
+79995596298
+79678520679
+79220222273
+79823007028
+79623122213
+79826224919
+79122530764
+79041680734
+79823007028
+79826612345
+79222090980
+79823141853
+79222021255
+79193843533
+79920263003
+79024090255
+79826336481
+79638524477
+79122266199
+79122447867
+79505624114
+79827160388
+79827300200
+79630345454
+79842973963
+79089192467
+79122213311
+79022683084
+79045400971
+79226077671
+79025011651
+79222177902
+79028769535
+79221836355
+79122857606
+79823141753
+79827300200
+79221053216
+79089042229
+79681947132
+79221190539
+79126867804
+79126453537
+79222093033
+79122827874
+79122424716
+79022534353
+79321155777
+79122190219
+79122483467
+79122281463
+79222043033
+79321117888
+79193817930
+79090200200
+79222303607
+79028793500
+79227406767
+79089259860
+79326033872
+79226059304
+79122300080
+79120340858
+79222939103
+79826612345
+79505476009
+79090248767
+79122949246
+79826265300
+79122459253
+79025023809
+79193817930
+79086367816
+79292207007
+79826236198
+79321132411
+79826234943
+79226104444
+79045421590
+79122242420
+79025023809
+79221809911
+79122949246
+79836134347
+79120360810
+79126106161
+79122818006
+79222290033
+79122949246
+79655368220
+79022605309
+79022789898
+79221261878
+79068661003
+79221269441
+79122889840
+79122110623
+79221424036
+79222021255
+79126615880
+79122453515
+79827687056
+79922214575
+79221498511
+79506510647
+79222275458
+79221094300
+79021508888
+79001978045
+79022634476
+79961859810
+79181527452
+79126798433
+79045427370
+79220226753
+79122374594
+79676333388
+79505476009
+79122777099
+79539800093
+79222021255
+79826264700
+79327073949
+79122598682
+79221731109
+79049859099
+79122433515
89826470348
89120329888
89527300724
89222094121
89122429822
89222936960
89226025222
89292171771
89514851111
89530508503
89049800007
89827599959
89655452183
89030862795
89222011900
89530453751
89221882080
89122423899
89122817254
89826666605
89222194515
89826397629
89089237986
89122730269
89965925210
89122205223
89122489300
89049800007
89326008689
89222920808
89126615880
89126284463
89126334993
89090051500
89221426353
89122437166
89043839353
89222094121
89058000080
89222920808
89995596298
89326100000
89617680000
89122249106
89827213600
89122429217
89122227730
89221737552
89221558885
89321290302
89221558885
89617633176
89001982409
89655241949
89120303035
89536074220
89678554332
89024417249
89041766611
89501910191
89090011330
89122466155
89222032329
89221414434
89506583888
89122466155
89122466155
89058025605
89506402776
89090108033
89827444043
89527324210
89126200719
89995675272
89195711385
89221611110
89533867110
89326136676
89049881241
89089167582
89676362519
89089204686
89826339823
89826331811
89022582192
89221274080
89089035580
89122670464
89221172710
89630333883
89122242420
89041768888
89122276162
89826595170
89226088004
89089010554
89321151515
89097225501
89043872712
89122596470
89068575762
89127687106
89122856290
89126673925
89222124117
89122500540
89222222127
89527263264
89221958472
89122923667
89222938088
89041768888
89222255420
89024422154
89021558932
89826746566
89527300724
89122307527
89193999113
89222011127
89678529041
89122182898
89122223432
89321253330
89655348001
89126978695
89221164740
89961857134
89827001797
89630479551
89120397777
89221559435
89024094298
89961857134
89223465006
89222029045
89126417141
89221448188
89126064644
89826301700
89126730259
89634444489
89126148483
89222029045
89826459304
89221155109
89221880087
89826702176
89002006672
89126397299
89995596298
89222220183
89122891949
89126898986
89221570232
89041747073
89222094401
89120344419
89221696337
89090202196
89122770010
89826506926
89122907500
89045412401
89120485065
89221177809
89122487853
89221448188
89826712478
89058070267
89603876753
89521333343
89122770010
89122331715
89655499133
89505516729
89321213988
89222222127
89221424854
89221132409
89502020774
89122426203
89630462035
89923465006
89041776188
89632703672
89502038553
89128378165
89126537644
89122213151
89122299930
89536033377
89068064218
89826301700
89122607002
89226436930
89826459304
89655878131
89127517405
89002018054
89226436930
89221132033
89995109901
89227824488
89273141234
89122466155
89222574612
89965594423
89826570493
89321977719
89028713636
89122661094
89122875221
89221940454
89122994604
89126020900
89122466155
89089158150
89220245327
89126528876
89221681606
89122227730
89292020002
89122552902
89321100032
89028706885
89024098932
89923367562
89058010633
89221215999
89221535474
89122453930
89126425504
89222021255
89638559777
89122453930
89120397777
89920097328
89221449060
89995636278
89292223257
89222067181
89527407702
89221448188
89126360374
89525409785
89523062020
89872099646
89120505912
89089275004
89222120858
89872059646
89039500021
89122149183
89122287583
89826628773
89122897456
89920180302
89827485641
89826340613
89221881506
89222979779
89045458108
89193843838
89222979779
89222222672
89120397777
89045453195
89126903494
89001974173
89326010213
89090144636
89826095333
89124394404
89022630794
89222021125
89530545494
89995602128
89221601380
89126266140
89126128814
89226085858
89221535474
89222226821
89122736474
89625194605
89321210777
89226089810
89827010327
89126494990
89089054881
89252223257
89122334739
89221807660
89122106030
89122861209
89122497236
89122966379
89122516611
89321298886
89068042305
89126272703
89122805416
89126049977
89000383800
89659382100
89122880747
89992855490
89220208677
89222007722
89992855490
89615738606
89827000005
89068073216
89122412501
89122412501
89533885297
89090143949
89122419340
89826943360
89630449359
89222092255
89068184160
89030796371
89126223434
89090019096
89634387256
89050035500
89827463600
89122436417
89221396226
89126740408
89195773004
89826181221
89090317650
89995609116
89826580666
89043896325
89030796371
89505414661
89004042077
89068070399
89220682081
89122603889
89226020459
89122807541
89126908494
89923427470
89630449359
89126115849
89221187953
89122349482
89821142018
89506447612
89122428440
89676332482
89122485984
89676332482
89122330116
89002006057
89045469917
89221048408
89122807591
89521424212
89222208280
89292223257
89122550222
89634460444
89505414661
89530580603
89920274718
89617667700
89222287689
89995818119
89623161778
89630492005
89221215999
89193870854
89022668833
89292223257
89221107071
89122990222
89321279117
89122678768
89122465027
89222287689
89655469226
89002006057
89126636465
8904549947189221960828
89126143306
89122850100
89058099777
89634443331
89089162803
89122467867
89630551155
89126171860
89193999934
89667606666
89222270300
89022723765
89122661441
89122331715
89041662434
89655250728
89826777876
89826153345
89961710071
89221243332
89226109027
89126799990
89505416160
89827544895
89014378978
89120379000
89126128814
89827544895
89226150838
89193915361
89826353292
89793607375
89126551507
89530090009
89826353222
89122202243
89224052222
89126392244
89227551260
89222093442
89122784236
89826398839
89122712278
89222911246
89126669171
89506380707
89372183731
89222254447
89224052222
89126690417
89126284463
89220360364
89221807660
89227297542
89226054605
89002155606
89045448987
89826007117
89028781464
89372183731
89221501802
89126973204
89623127835
89050197791
89655116667
89126669171
89226102445
89826047591
89630471666
89644851001
89126284463
89957480048
89122341777
89506583888
89122414844
89126631523
89923439840
89126363605
89220272479
89221547375
89617711221
89126622215
89221940454
89321230800
89122604405
89122121179
89193733330
89126779177
89122801638
89222084821
89221688649
89826345764
89041642406
89655020303
89655499448
89827097493
89068070399
89126854159
89024487710
89002000010
89122287686
89826989171
89126264967
89321290800
89122960777
89226040303
89122202243
89126388003
89222024105
89090052493
89226037553
89090317650
89122784177
89086381185
89222910454
89122960777
89226040303
89292630872
89617639644
89089013708
89122718987
89122421805
89630445930
89221816670
89222243460
89221163630
89122801638
89222222886
89193847756
89521484863
89222910454
89193847756
89826506926
89827121250
89221688649
89220530333
89126691656
89022708183
89630471616
89221073790
89502090765
89827150378
89068083252
89826128254
89530443232
89638551505
89090246625
89517803037
89122323010
89222090333
89506539495
89086341461
89220353454
89119582563
89221600033
89521484863
89273217021
89222212325
89655077662
89122414844
89527420644
89089212585
89221755515
89321210777
89623122213
89292223257
89655077662
89126312009
89530443232
89505445544
89068154424
89226063242
89221266363
89222244585
89043842968
89221266363
89632752395
89122445007
89122079613
89222266766
89122492787
89826345764
89630471666
89122445401
89221898163
89122227282
89049865602
89044632288
89222212325
89122411668
89126448284
89221779056
89120505742
89122278469
89126028113
89045499224
89221799228
89321151515
89615735349
89122042888
89120505912
89222228868
89126854192
89506380707
89126651669
89527347755
89221091525
89826684788
89126448284
89122472246
89995556258
89089229706
89630538913
89530548320
89615735349
89122414863
89089086628
89220235775
89826316212
89222024733
89994976781
89126767224
89122635939
89827150318
89122896381
89220224522
89222194515
89222200491
89222249131
89292529007
89530080797
89221310484
89222280110
89675314961
89122684656
89220224383
89617772361
89122564400
89655157713
89122671137
89222011161
89025851677
89994976781
89826957249
89193954131
89043811091
89826478852
89086304663
89995682583
89126827686
89126822786
89043827121
89826420971
89128992229
89193904780
89049870675
89122223432
89851661222
89041797557
89049848354
89120501113
89126745988
89506577913
89086313123
89826115656
89090197791
89041799062
89122961271
89000439253
89221961999
89126468373
89126234104
89122391454
89022624246
89292360077
89090006246
89920256886
89126962226
89506595992
89823662311
89828824745
89002063759
89630544441
89193694025
89126102217
89827286760
89676367660
89221779056
89995596689
89222208280
89050077761
89058071436
89089010942
89122355588
89966937694
89521385274
89827180100
89022659360
89126630552
89221250009
89193912615
89122310011
89120486663
89028724357
89221807660
89028777726
89126881112
89126726466
89527407702
89120313535
89826346938
89826416459
89120500400
89282083787
89777725687
89014140028
89222979779
89126051626
89326070322
89030800333
89126966226
89827180100
89030800333
89028771155
89293310999
89028729659
89221204490
89089222225
89221204490
89122617956
89220289437
89089266209
89827028399
89222240119
89630341825
89090004604
89221777703
89827464406
89122252696
89089136564
89022607488
89221948171
89222276367
89122998189
89122260359
89994640646
89826996035
89320117920
89122561006
89041691488
89221926996
89826768669
89221604832
89961844120
89321117778
89222253330
89122411668
89086365861
89995596298
89222202190
89227613417
89826996035
89043845555
89068043147
89090121981
89126646679
89068119728
89193813777
89321117778
89193931992
89502020444
89966937694
89122840090
+79143935848
+79122258788
+79827035487
+79021569339
+79122412471
+79025091007
+79122875071
+79058040222
+79120985404
+79120360810
+79961334951
+79126594950
+79221332326
+79186409998
+79088888887
+79002027276
+79080390006
+79122627159
+79226189892
+79932142917
+79655149550
+79521453459
+79920035273
+79632736666
+79022555020
+79226053216
+79221599028
+79222215949
+79122821164
+79028729479
+79530087444
+79655445917
+79222070437
+79068132087
+79527411828
+79126394510
+79000338674
+79049885147
+79122740048
+79122514911
+79828417945
+79126853999
+79128523147
+79024450836
+79122828796
+79122612927
+79221799955
+79022795281
+79126072095
+79920015770
+79222209017
+79326015888
+79826680334
+79373364674
+79506451200
+79827460237
+79038046971
+79120427972
+79506348551
+79222145203
+79122800380
+79126466166
+79049898871
+79826924898
+79042791066
+79826112293
+79517312512
+79221183520
+79920186413
+79501915364
+79222039016
+79195621761
+79028148231
+79126003893
+79068071134
+79667504313
+79221965535
+79226191133
+79323318040
+79667066664
+79122347634
+79090197791
+79089104836
+79330333903
+79019465350
+79122377125
+79122894035
+79224443355
+79122040951
+79655019011
+79221348218
+79122425855
+79126616116
+79086362120
+79126765496
+79326044843
+79193741353
+79226137585
+79222074031
+79630321630
+79127180437
+79506448186
+79995590910
+79220214363
+79025852888
+79771142670
+79193721915
+79826434322
+79222964083
+79122828796
+79028770542
+79122612927
+79505478433
+79221310905
+79122650251
+79002166451
+79058074476
+79022678071
+79022732488
+79122415884
+79000455400
+79826316212
+79126147614
+79530473122
+79021512141
+79021513878
+79122519775
+79024448088
+79920228082
+79126018530
+79126298144
+79222226497
+79221397075
+79961875294
+79667066664
+79221139529
+79122838891
+79220223224
+79045447697
+79226092783
+79122864902
+79505538820
+79221370806
+79536006843
+79002027276
+79221000043
+79002006770
+79041743127
+79617610806
+79321185208
+79961888939
+79126155590
+79122519775
+79527053707
+79002027276
+79049859594
+79122922093
+79678576486
+79221480014
+79527411172
+79658328243
+79129613899
+79221540064
+79126000308
+79221272787
+79126360374
+79126681754
+79022636267
+79122461601
+79678599429
+79226012333
+79041610710
+79126681754
+79043848547
+79123665554
+79028754100
+79678599429
+79122121207
+79090264288
+79122658896
+79222265667
+79090068533
+79090228536
+79002120058
+79089023155
+79120478655
+79220203841
+79221282000
+79122162397
+79530080037
+79122185576
+79068073610
+79024094248
+79068079190
+79826657559
+79045447119
+79221007333
+79089075654
+79001971963
+79193667976
+79221069108
+79222257561
+79826080145
+79521314646
+79221396226
+79221180316
+79222922298
+79506449683
+79505477728
+79028793447
+79089269898
+79089211116
+79222277065
+79126965060
+79221169269
+79068089190
+79226134736
+79068079190
+79022780378
+79041615001
+79126337565
+79122162397
+79221396226
+79221010620
+79506503505
+79193667976
+79120424699
+79045446237
+79506444037
+79126548098
+79122222892
+79221027637
+79193931992
+79326082084
+79221093581
+79086393248
+79221344823
+79043839353
+79030820969
+79222220203
+79126460316
+79222924356
+79826001527
+79656384199
+79122024186
+79221331998
+79122889840
+79221804076
+79122909595
+79126111103
+79221162242
+79221775189
+79533861927
+79617628087
+79655365554
+79126895241
+79043880071
+79045400985
+79045475655
+79122652777
+79126335554
+79221391002
+79220384191
+79126690695
+79028711111
+79058089646
+79090091106
+79826432322
+79222004594
+79049808922
+79505477728
+79024412019
+79193778363
+79195621761
+79193925396
+79090097434
+79028703372
+79049898029
+79057800001
+79227008881
+79502097573
+79097006295
+79022585041
+79126356165
+79022777700
+79221188885
+79226472016
+79028787486
+79122483523
+79122330520
+79058084524
+79126334888
+79823144549
+79221656363
+79502032261
+79220283154
+79220327337
+79502032261
+79022850417
+79028700001
+79506637827
+79502032261
+79362711521
+79126066744
+79045477778
+79995596298
+79221801638
+79226006168
+79655463234
+79632711521
+79827036071
+79122205223
+79090000593
+79090135550
+79222910454
+79221351002
+79126829428
+79122651256
+79122244424
+79530080057
+79992211343
+79090135555
+79222435099
+79089211161
+79222930747
+79221734355
+79126101303
+79826432322
+79126962226
+79122669231
+79505447701
+79089175750
+79122436417
+79222063528
+79030853843
+79632711521
+79022635083
+79122421446
+79676393471
+79826459566
+79122017636
+79058025223
+79667081045
+79090034555
+79530080057
+79995596298
+79090071120
+79225777299
+79676393441
+79122221071
+79506330305
+79126403722
+79193796911
+79826370590
+79126691657
+79126335554
+79122059999
+79049834080
+79221022122
+79002005355
+79122473790
+79222291611
+79505161177
+79089175750
+79126518054
+79227551260
+79089050575
+79226154417
+79089048466
+79221515150
+79226154517
+79920199822
+79058051745
+79226004893
+79655454543
+79089048466
+79221421251
+79961826187
+79222076558
+79828802963
+79827698998
+79089099959
+79089012512
+79028783743
+79222221200
+79655357223
+79122924162
+79122966379
+79827600177
+79028773309
+79221296006
+79803329757
+79617614009
+79090211765
+75148258745
+78520095085
+79271027637
+79827180100
+79222208280
+79321278603
+79827097001
+79222071650
+79233400170
+79550002619
+79126882505
+79090222222
+79220246660
+79122102211
+79530002619
+79995623118
+79089229706
+79086374912
+79122801558
+79321278603
+79022626522
+79505474594
+79126311613
+79221892369
+79090079933
+79028702848
+79126151617
+79504953831
+79122668020
+79233400170
+79221363181
+79222086848
+79965911260
+79028704007
+79538203749
+79002067236
+79122666338
+79221593000
+79221086264
+79126088894
+79089286912
+79122666338
+79221874230
+79028733596
+79061111193
+79002151777
+79021511235
+79126867620
+79122870333
+79126688009
+79506434828
+79122224244
+79221053216
+79501910191
+79193731197
+79030824620
+79803750667
+79025873633
+79221014128
+79030825555
+79000414641
+79655229107
+79121935881
+79126240818
+79122939920
+79632727528
+79995595034
+79068072008
+79126409287
+79126755389
+79086383097
+79676388098
+79002119955
+79961837054
+79227551260
+79226395032
+79221994016
+79122694188
+79195627761
+79086380965
+79126060088
+79086365371
+79220214363
+79193883063
+79655056837
+79826386801
+79022692632
+79505416160
+79521424242
+79506528035
+79655407599
+79090108213
+79826225298
+79122334499
+79655361111
+79122521131
+79122415916
+79022539105
+79321100333
+79222277668
+79501938185
+79221815322
+79920107011
+79049835440
+79995596298
+79090197791
+79221138151
+79193754362
+79826560502
+79122749292
+79122130807
+79221509055
+79014544256
+79122447488
+79617776992
+79026119077
+79122514880
+79124377425
+79122070299
+79089079444
+79126465895
+79127180437
+79193883063
+79126853999
+79221799955
+79222357777
+79045475717
+79220226753
+79221044888
+79678517075
+79655361111
+79222024053
+79122717461
+79126559455
+79826121862
+79966921492
+79826093756
+79803750667
+79025873633
+79221014128
+79030825555
+79000414641
+79655229107
+79121935881
+79126240818
+79122939920
+79632727528
+79995595034
+79068072008
+79126409287
+79126755389
+79086383097
+79676388098
+79002119955
+79961837054
+79227551260
+79226395032
+79221994016
+79122694188
+79953434500
+79090214595
+79617770011
+79221515533
+79883351498
+79126333974
+79122945110
+79776003499
+79231518565
+79655122002
+79501956167
+79120511999
+79068092143
+79126066097
+79226052479
+79227551260
+79120312666
+79292123436
+79292418205
+79221424844
+79122828068
+79920095596
+79505428148
+79826670690
+79633538189
+79527315569
+79655166114
+79634424266
+79221325250
+79325340005
+79097220869
+79292188037
+79826121862
+79222194437
+79108827374
+79089087854
+79634427768
+79222020418
+79827035487
+79122584069
+79667009480
+79043879812
+79270210033
+79227803339
+79126554912
+79022534284
+79102274281
+79126795027
+79920056578
+79126702556
+79122211304
+79826645555
+79220268705
+79126960006
+79126680059
+79122611234
+79122188884
+79221214107
+79002065562
+79120379187
+79028793363
+79222093773
+79089286912
+79617666660
+79122411888
+79126393107
+79113848888
+79222091723
+79536068026
+79030855320
+79132640661
+79122125285
+79506448186
+79053561878
+79826000573
+79923333494
+79043818444
+79122857742
+79235736265
+79502068984
+79128012559
+79321114445
+79326062628
+79126000044
+79086378282
+79221123012
+79049872210
+79617600009
+79122828786
+79122202638
+79089051832
+79827547459
+79221122904
+79094387570
+79122777277
+79221482214
+79505435602
+79028765704
+79826616237
+79503683705
+79505523916
+79506555542
+79920006060
+79920246588
+79028724397
+79122929443
+79022634476
+79030741446
+79827613060
+79001995150
+79122904585
+79533890029
+79126702556
+79901765795
+79826371252
+79222245806
+79122200967
+79043845555
+79655149550
+79058067321
+79122727970
+79827279930
+79667000330
+79630339699
+79122239844
+79826571571
+79920107722
+79043843676
+79041620742
+79292224393
+79630406001
+79068123275
+79326061010
+79122446231
+79089055270
+79321115650
+79089027150
+79521312249
+79045437801
+79226060017
+79126877789
+79126674232
+79126267788
+79122436994
+79220367837
+79292166511
+79676330945
+79089222285
+79022693934
+79221622234
+79221144690
+79826666523
+79090042777
+79222921948
+79068124160
+79122970788
+79506311101
+79222041273
+79537279090
+79122468166
+79089124409
+79012015906
+79617779669
+79827618060
+79126702556
+79122212600
+79089187463
+79122159012
+79826093746
+79827025530
+79089228169
+79126673061
+79224167717
+79045472256
+79090021822
+79222063304
+79222063309
+79120453060
+79122159012
+79521480825
+79222154220
+79126721465
+79193687395
+79533883968
+79122326032
+79028703458
+79068123275
+79122576671
+79126323888
+79920237117
+79045469900
+79226191133
+79292220251
+79221424171
+79028777260
+79045437701
+79506580434
+79126671046
+79227699000
+79089085112
+79002017072
+79025855048
+79502036444
+79220300086
+79122842183
+79025834453
+79126510099
+79221879006
+79221064461
+79222237010
+79826700857
+79222067181
+79126175556
+79517761204
+79512491080
+79527437969
+79501925792
+79122402840
+79222067181
+79120421675
+79826558182
+79122339000
+79506467960
+79826667383
+79122408013
+79045400563
+79521452662
+79506418982
+79221554708
+79126325625
+79920296109
+79920031860
+79120347817
+79002120088
+79222222989
+79920031318
+79089122598
+79852474543
+79226211113
+79221739944
+79220006384
+79126948120
+79950931424
+79526042123
+79826601006
+79000383820
+79221594485
+79122389297
+79617737513
+79321234844
+79122457160
+79028746968
+79221896052
+79089287613
+79533834281
+79126451987
+79122134304
+79043820827
+79126380300
+79855247866
+79963979718
+79122447273
+79220233213
+79222080338
+79821006990
+79122474410
+79122790277
+79827185546
+79649514141
+79221930773
+79122490355
+79022709317
+79826259135
+79025018646
+79122824620
+79068108764
+79089150022
+79221602666
+79123151803
+79122200028
+79126365506
+79227967262
+79025018646
+79538299569
+79122816733
+79122534848
+79602024438
+79222961472
+79226132960
+79222023911
+79030847733
+79122819396
+79221817485
+79022533193
+79024415130
+79122277793
+79222166633
+79502031717
+79222962577
+79221942131
+79022748713
+79058530306
+79049883143
+79089156589
+79222057827
+79126931222
+79220056578
+79920056578
+79221448188
+79826141025
+79505544086
+79221005566
+79221994016
+79537053707
+79126289144
+79321239997
+79028704007
+79086393879
+79122662798
+79222071642
+79321113700
+79927433073
+79221406967
+79226027686
+79122251195
+79193800008
+79122289938
+79122837720
+79022735752
+79122299660
+79086331110
+79126500345
+79089244450
+79022763064
+79126220555
+79291547589
+79221231395
+79221000045
+79506372889
+79122251195
+79120449825
+79126555155
+79122429676
+79827121250
+79220292602
+79220353542
+79196300410
+79024413765
+79538210544
+79193695656
+79530075719
+79995625693
+79630486141
+79827528969
+79036333312
+79090017771
+79122500909
+79193959608
+79221852947
+79122853567
+79122805654
+79122832726
+79122163830
+79123010307
+79501959070
+79656570047
+79122454323
+79636851885
+79058055201
+79995660950
+79222049180
+79292137017
+79122723647
+79068023265
+79506364270
+79827446777
+79120427353
+79995663763
+79122662798
+79122549221
+79193657804
+79122222892
+79222922291
+79617615715
+79226060017
+79090175882
+79122525225
+79645345737
+79122825830
+79043814930
+79221299146
+79126436300
+79826196753
+79226175754
+79041790652
+79089048054
+79126754253
+79028717647
+79022672518
+79122034000
+79262572210
+79221710903
+79630471686
+79092422264
+79226036086
+79122593488
+79326006880
+79655121171
+79120451513
+79049833065
+79043800345
+79090266886
+79221589885
+79022686886
+79619496207
+79826743064
+79122501124
+79058022943
+79502092907
+79122593488
+79030853320
+79920161970
+79506319307
+79920107705
+79120327912
+79221602885
+79122304551
+79221627508
+79132417330
+79221086264
+79222244571
+79221285616
+79122423446
+79530473692
+79221086264
+79655284447
+79068036373
+79532772708
+79122700903
+79827596583
+79122867482
+79193657804
+79505501046
+79030052716
+79222286799
+79827193006
+79630315749
+79082713113
+79122198536
+79058760501
+79022557526
+79122692206
+79221587750
+79221001188
+79122500540
+79533813000
+79827353459
+79533813000
+79126669211
+79045439234
+79630331263
+79122711239
+79028760357
+79222102229
+79221479239
+79030803765
+79221344823
+79068034371
+79122970015
+79122086294
+79086388771
+79530047456
+79221214107
+79122717461
+79126559455
+79826121862
+79966921492
+79826093756
+79803750667
+79025873633
+79221014128
+79030825555
+79000414641
+79655229107
+79121935881
+79126240818
+79122939920
+79632727528
+79995595034
+79068072008
+79126409287
+79126755389
+79086383097
+79676388098
+79002119955
+79961837054
+79227551260
+79226395032
+79221994016
+79122694188
+79953434500
+79090214595
+79617770011
+79221515533
+79883351498
+79126333974
+79122945110
+79776003499
+79231518565
+79655122002
+79501956167
+79120511999
+79068092143
+79126066097
+79226052479
+79227551260
+79120312666
+79292123436
+79292418205
+79221424844
+79122828068
+79920095596
+79505428148
+79826670690
+79633538189
+79527315569
+79655166114
+79634424266
+79221325250
+79325340005
+79097220869
+79292188037
+79826121862
+79222194437
+79108827374
+79089087854
+79634427768
+79222020418
+79827035487
+79122584069
+79667009480
+79043879812
+79270210033
+79227803339
+79126554912
+79022534284
+79102274281
+79126795027
+79920056578
+79126702556
+79122211304
+79826645555
+79220268705
+79126960006
+79126680059
+79122611234
+79122188884
+79221214107
+79002065562
+79120379187
+79028793363
+79222093773
+79089286912
+79617666660
+79122411888
+79126393107
+79113848888
+79222091723
+79536068026
+79030855320
+79132640661
+79122125285
+79506448186
+79053561878
+79826000573
+79923333494
+79043818444
+79122857742
+79235736265
+79502068984
+79128012559
+79321114445
+79326062628
+79126000044
+79086378282
+79221123012
+79049872210
+79617600009
+79122828786
+79122202638
+79089051832
+79827547459
+79221122904
+79094387570
+79122777277
+79221482214
+79505435602
+79028765704
+79826616237
+79503683705
+79505523916
+79506555542
+79920006060
+79920246588
+79028724397
+79122929443
+79022634476
+79030741446
+79827613060
+79001995150
+79122904585
+79533890029
+79126702556
+79901765795
+79826371252
+79222245806
+79122200967
+79043845555
+79655149550
+79058067321
+79122727970
+79827279930
+79667000330
+79630339699
+79122239844
+79826571571
+79920107722
+79043843676
+79041620742
+79292224393
+79630406001
+79068123275
+79326061010
+79122446231
+79089055270
+79321115650
+79089027150
+79521312249
+79045437801
+79226060017
+79126877789
+79126674232
+79126267788
+79122436994
+79220367837
+79292166511
+79676330945
+79089222285
+79022693934
+79221622234
+79221144690
+79826666523
+79090042777
+79222921948
+79068124160
+79122970788
+79506311101
+79222041273
+79537279090
+79122468166
+79089124409
+79012015906
+79617779669
+79827618060
+79126702556
+79122212600
+79089187463
+79122159012
+79826093746
+79827025530
+79089228169
+79126673061
+79224167717
+79045472256
+79090021822
+79222063304
+79222063309
+79120453060
+79122159012
+79521480825
+79222154220
+79126721465
+79193687395
+79533883968
+79122326032
+79028703458
+79068123275
+79122576671
+79126323888
+79920237117
+79045469900
+79226191133
+79292220251
+79221424171
+79028777260
+79045437701
+79506580434
+79126671046
+79227699000
+79089085112
+79002017072
+79025855048
+79502036444
+79220300086
+79122842183
+79025834453
+79126510099
+79221879006
+79221064461
+79222237010
+79826700857
+79222067181
+79126175556
+79517761204
+79512491080
+79527437969
+79501925792
+79122402840
+79222067181
+79120421675
+79826558182
+79122339000
+79506467960
+79826667383
+79122408013
+79045400563
+79521452662
+79506418982
+79221554708
+79126325625
+79920296109
+79920031860
+79120347817
+79002120088
+79222222989
+79920031318
+79089122598
+79852474543
+79226211113
+79221739944
+79220006384
+79126948120
+79950931424
+79526042123
+79826601006
+79000383820
+79221594485
+79122389297
+79617737513
+79321234844
+79122457160
+79028746968
+79221896052
+79089287613
+79533834281
+79126451987
+79122134304
+79043820827
+79126380300
+79855247866
+79963979718
+79122447273
+79220233213
+79222080338
+79821006990
+79122474410
+79122790277
+79827185546
+79649514141
+79221930773
+79122490355
+79022709317
+79826259135
+79025018646
+79122824620
+79068108764
+79089150022
+79221602666
+79123151803
+79122200028
+79126365506
+79227967262
+79025018646
+79538299569
+79122816733
+79122534848
+79602024438
+79222961472
+79226132960
+79222023911
+79030847733
+79122819396
+79221817485
+79022533193
+79024415130
+79122277793
+79222166633
+79502031717
+79222962577
+79221942131
+79022748713
+79058530306
+79049883143
+79089156589
+79222057827
+79126931222
+79220056578
+79920056578
+79221448188
+79826141025
+79505544086
+79221005566
+79221994016
+79537053707
+79126289144
+79321239997
+79028704007
+79086393879
+79122662798
+79222071642
+79321113700
+79927433073
+79221406967
+79226027686
+79122251195
+79193800008
+79122289938
+79122837720
+79022735752
+79122299660
+79086331110
+79126500345
+79089244450
+79022763064
+79126220555
+79291547589
+79221231395
+79221000045
+79506372889
+79122251195
+79120449825
+79126555155
+79122429676
+79827121250
+79220292602
+79220353542
+79196300410
+79024413765
+79538210544
+79193695656
+79530075719
+79995625693
+79630486141
+79827528969
+79036333312
+79090017771
+79122500909
+79193959608
+79221852947
+79122853567
+79122805654
+79122832726
+79122163830
+79123010307
+79501959070
+79656570047
+79122454323
+79636851885
+79058055201
+79995660950
+79222049180
+79292137017
+79122723647
+79068023265
+79506364270
+79827446777
+79120427353
+79995663763
+79122662798
+79122549221
+79193657804
+79122222892
+79222922291
+79617615715
+79226060017
+79090175882
+79122525225
+79645345737
+79122825830
+79043814930
+79221299146
+79126436300
+79826196753
+79226175754
+79041790652
+79089048054
+79126754253
+79028717647
+79022672518
+79122034000
+79262572210
+79221710903
+79630471686
+79092422264
+79226036086
+79122593488
+79326006880
+79655121171
+79120451513
+79049833065
+79043800345
+79090266886
+79221589885
+79022686886
+79619496207
+79826743064
+79122501124
+79058022943
+79502092907
+79122593488
+79030853320
+79920161970
+79506319307
+79920107705
+79120327912
+79221602885
+79122304551
+79221627508
+79132417330
+79221086264
+79222244571
+79221285616
+79122423446
+79530473692
+79221086264
+79655284447
+79068036373
+79532772708
+79122700903
+79827596583
+79122867482
+79193657804
+79505501046
+79030052716
+79222286799
+79827193006
+79630315749
+79082713113
+79122198536
+79058760501
+79022557526
+79122692206
+79221587750
+79221001188
+79122500540
+79533813000
+79827353459
+79533813000
+79126669211
+79045439234
+79630331263
+79122711239
+79028760357
+79222102229
+79221479239
+79030803765
+79221344823
+79068034371
+79122970015
+79122086294
+79086388771
+79530047456
+79221214107
+79221241362
+79126516308
+79221707798
+79045430968
+79222222253
+79224005316
+79655074407
+79617766370
+79326135725
+79222021807
+79001975808
+79827050888
+79654493990
+79221828577
+79089096343
+79221458811
+79502036444
+79226029020
+79122257093
+79221029229
+79320093735
+79226029020
+79090035141
+79506496039
+79097041793
+79122504103
+79506414340
+79122840080
+79193856212
+79014374313
+79011103846
+79221414182
+79276580348
+79090227773
+79089243171
+79128605913
+79024705981
+79918612074
+79920086080
+79126154332
+79221001164
+79505555221
+79828347011
+79826326212
+79506041600
+79063148092
+79088873131
+79174028356
+79502033546
+79555458440
+79122026730
+79506041600
+79226018080
+79220342959
+79122168613
+79826002684
+79193661171
+79126128814
+79122629192
+79220223224
+79004235860
+79826880116
+79638515885
+79122014615
+79126642838
+79226012786
+79826025730
+79222099931
+79326100000
+79126111103
+79321122014
+79655371712
+79220311886
+79655361111
+79089069330
+79827097001
+79122470616
+79222050704
+79126157938
+79221127813
+79022560866
+79089239530
+79632754768
+79527403007
+79826615812
+79126980838
+79220065994
+79655057003
+79222055522
+79089175095
+79126862053
+79527329777
+79030863333
+79126491949
+79126174445
+79222033355
+79505450162
+79126767677
+79221419972
+79527311139
+79049888683
+79089086226
+79222010404
+79120340410
+79678594444
+79221082054
+79122422264
+79222067444
+79122832414
+79126900340
+79655141680
+79221396226
+79122470448
+79521420202
+79122422264
+79126908684
+79221318840
+79222066677
+79221396259
+79086390343
+79630500666
+79030800018
+79221616616
+79226047300
+79630348634
+79126167494
+79220245444
+79068037877
+79222285957
+79226181613
+79995608182
+79193803941
+79041789146
+79028726333
+79221342741
+79221062450
+79028708365
+79045411111
+79122869005
+79221419978
+79850001279
+79041655565
+79126006834
+79174090700
+79122402111
+79126257004
+79226137855
+79221373039
+79517800076
+79533890029
+79122402173
+79920275433
+79221316337
+79127494949
+79090235557
+79090233373
+79002166451
+79122829730
+79220217896
+79659125997
+79995645255
+79126157000
+79617762626
+79001991799
+79221452642
+79617750066
+79630500666
+79028776558
+79025090992
+79667023268
+79193731861
+79226119107
+79122829730
+79222235225
+79049826201
+79122354380
+79137579818
+79122854266
+79043817379
+79193811097
+79122611956
+79126855578
+79826931697
+79090013385
+79630534769
+79068147510
+79250858565
+79221191199
+79126000060
+79126516242
+79126779979
+79676391035
+79220224224
+79536049445
+79160078285
+79827838017
+79324228881
+79222124036
+79222947051
+79678529041
+79222235088
+79122059999
+79630534769
+79617709822
+79025021116
+79126867620
+79222033291
+79827451191
+79126004250
+79122584069
+79827118000
+79222076216
+79122454102
+79089237009
+79222285567
+79122437166
+79045440854
+79995607427
+79505516729
+79655454111
+79001982240
+79126155648
+79321134431
+79028709775
+79223411128
+79122829360
+79022600457
+79058940246
+79221108580
+79326020438
+79086366712
+79655298737
+79506590755
+79326033872
+79127494949
+79321114011
+79995642605
+79022727730
+79644897628
+79647147325
+79222093033
+79226154417
+79533890029
+79678594444
+79506583078
+79120360003
+79126004250
+79126802433
+79220217896
+79088839999
+79122502088
+79221400667
+79536054314
+79030805280
89122168613
89025006973
89068014020
89222047638
89644888615
89655077797
89041624302
89277444567
89126066097
89222166361
89292188772
89222969252
89089092318
89120320402
89222256882
89506580434
89321151515
89122182898
89001995828
89089087434
89655348001
89025855706
89097004151
89126325625
89222960270
89193615066
89630352959
89193998336
89022684927
89221651969
89081627082
89193930347
89826735135
89221346674
89022732488
89028772503
89527376156
89122890966
89995651053
89221359311
89502020774
89923465006
89122220200
89221455500
89193622188
89221768614
89089161383
89089161383
89221866000
89509565906
89058028179
89222241541
89827119062
89127517405
89122290566
89086389363
89326113488
89089054881
89221777354
89222969252
89044770752
89001982638
89220575721
89193676245
89527320670
89221426642
89068014020
89068023265
89068014020
89068014020
89630348468
89630348468
89122435756
89827050888
89506416000
89122811731
89530433504
89028755261
89659711841
89221968020
89326011545
89533870333
89827415226
89122102355
89193598899
89502024003
89615739265
89995657880
89045467600
89195317701
89506400096
89538216330
89630348468
89122854476
89122861209
89044770752
89122168613
89506448181
89996536947
89122168613
89122168613
89116715492
89226088878
89122477706
89122438225
89088000333
89068034371
89221585554
89826076966
89121396226
89044998686
89193601905
89086322730
89126555155
89028760685
89193673579
89045200000
89122806565
89645200000
89994579380
89022615321
89826121862
89533889292
89122811482
89041623070
89122393372
89505500066
89122806565
89123860998
89519218850
89122993136
89292950778
89221242134
89220308333
89617644444
89126125388
89226080833
89122421976
89122028608
89622888216
89828019084
89126926865
89126679998
89121204089
89122204087
89326011801
89126148021
89223446022
89021096623
89086395386
89126192440
89826996035
89506318068
89068002069
89122034485
89024415130
89096232436
89122001598
89826330501
89536005998
89019500850
89041661086
89952791375
89122313884
89022780378
89126260449
89019500850
89521452662
89089266209
89126076470
89000321899
89122244244
89122441140
89506404201
89221400225
89501925345
89826447277
89826963203
89126136450
89122425552
89090115700
89058071436
89995596684
89221210151
89089175750
89126676136
89221779056
89180138982
89120514017
89923408810
89221866022
89655140470
89505545504
89222969595
89126702556
89086501099
89222033835
89126266697
89045466529
89014357072
89292360077
89530078687
89221795838
89321251994
89221898275
89126994560
89126994560
89193660007
89226190569
89292188037
89324306250
89530576236
89220210526
89122298721
89122200967
89326165885
89090048855
89122497295
89527441691
89221303121
89676351501
89028742686
89221869052
89192757079
89993692877
89827035221
89137145005
89220217507
89221687772
89022710318
89049887656
89028777917
89122422161
89538216330
89005939053
89126489010
89068146029
89220014160
89676367660
89126406200
89126091931
89045458970
89527272754
89961837054
89126091931
89045470015
89090237737
89126254840
89126960444
89043838548
89126154844
89060111202
89617772843
89609860092
89638565417
89222177196
89377111776
89221602885
89221133483
89090158333
89827408420
89221770692
89221755577
89222277635
89089054465
89025027982
89041680734
89226003912
89126489010
89630313380
89022539555
89634478774
89292549800
89089252625
89826357072
89090099959
89049899752
89826592182
89122629013
89122081317
89505537124
89193595899
89089064078
89089229706
89220370123
89372183731
89935179463
89221622234
89226751912
89193665020
89043820827
89226170880
89193598899
89222283526
89514285737
89120451313
89131744998
89030807009
89536072371
89126631525
89826008902
89122827278
89321151515
89221629201
89826078378
89827683348
89617610007
89058038684
89022780378
89193693084
89222928998
89049863082
89220251919
89122922432
89655046993
89024449990
89086381185
89226037553
89222255519
89018544272
89321151515
89058071436
89126575635
89965939754
89025007777
89122320737
89961751166
89827431392
89222211311
89120373305
89612050685
89122079613
89222024105
89045422065
89221322252
89090029200
89995594542
89222949968
89193693084
89826272234
89043838948
89533883968
89028799757
89222949968
89221751717
89089229706
89826048999
89221460715
89126874742
89126781112
89122383592
89827285947
89961781230
89678571465
89126054828
89220323555
89028705477
89058058044
89220320349
89231964343
89030786591
89056421534
89220302856
89506425657
89120451313
89506578654
89122698877
89126171700
89193754527
89122877936
89126143851
89123812166
89090009346
89089183295
89501918138
89521437101
89120344419
89619216931
89080184074+79222275458
+79221248661
+79126691656
+79506411900
+79028715603
+79028766850
+79022777873
+79523303093
+79326033872
+79221577772
+79022625543
+79221816560
+79221401488
+79222299260
+79080087871
+79022693934
+79088530119
+79089116883
+79221266062
+79964091916
+79126081136
+79505404857
+79049898008
+79058018777
+79530019639
+79129673204
+79045419787
+79122526111
+79024452278
+79058018777
+79126026534
+79964091916
+79655224727
+79655070372
+79122446231
+79226020620
+79506380440
+79122858535
+79193815590
+79122021881
+79122721000
+79049892376
+79521478776
+79126024626
+79521444115
+79505433555
+79306671111
+79122446231
+79030784970
+79122897456
+79126559137
+79221277602
+79122099818
+79049824842
+79001974429
+79028788628
+79527413585
+79126950125
+79043845555
+79126751662
+79536049445
+79221100330
+79122573818
+79222252420
+79126906909
+79221477706
+79022683084
+79128012559
+79099012954
+79222252420
+79226500460
+79120340858
+79126906909
+79088530119
+79536049445
+79126645271
+79122274345
+79122922432
+79126638888
+79022611212
+79030791446
+79220333359
+79630379999
+79126028318
+79089107030
+79826583144
+79122255566
+79043838207
+79126440101
+79068121800
+79097040707
+79049898008
+79128012559
+79502068984
+79222044401
+79630379999
+79041684183
+79827444043
+79530443232
+79826470348
+79655082976
+79120300777
+79920006060
+79222067868
+79002128489
+79068043979
+79530050001
+79630352500
+79827044440
+79282083787
+79122087355
+79122120065
+79025858268
+79617631863
+79122348151
+79221028715
+79221122904
+79000489303
+79126933915
+79826939385
+79043883419
+79226112793
+79617755244
+79536046121
+79826149052
+79617631863
+79122068065
+79043848483
+79126323912
+79678511718
+79120477718
+79126321665
+79676388080
+79122416828
+79022668833
+79530426444
+79306671111
+79058017877
+79536046121
+79536039087
+79122429983
+79122588015
+79193886595
+79676388080
+79630352500
+79120323235
+79089285594
+79826285429
+79826775742
+79536039087
+79126223000
+79827458615
+79028280349
+79126323512
+79193760297
+79126559137
+79024422154
+79126009977
+79122418756
+79028769891
+79122291110
+79149408159
+79506447595
+79122374594
+79122875221
+79126009977
+79221874055
+79655206029
+79826133989
+79222476888
+79667072000
+79122717461
+79126009977
+79022719071
+79122836735
+79655206029
+79068121800
+79221059999
+79530010211
+79221409102
+79655206025
+79826036800
+79122324477
+79024005874
+79120454050
+79994979694
+79995596298
+79638515405
+79122853617
+79536046121
+79122079613
+79222962577
+79222241637
+79521388814
+79226020784
+79122712128
+79022550965
+79676388080
+79511144484
+79126335339
+79002128489
+79122698877
+79068020999
+79120453060
+79122311051
+79122757775
+79089138375
+79521314500
+79068020959
+79001982409
+79245653929
+79028774455
+79068017925
+79126621000
+79527281152
+79122261540
+79505485777
+79292222972
+79530526850
+79221447682
+79222020106
+79002165777
+79122412778
+79630492749
+79122443496
+79221018888
+79122453515
+79321122228
+79292222972
+79226005291
+79826867023
+79126644666
+79222020106
+79826336481
+79049848648
+79122484374
+79086310808
+79058040010
+79122445364
+79124355071
+79517720063
+79002165777
+79826666911
+79058010633
+79530579171
+79122498611
+79193852643
+79220153310
+79221816560
+79126451600
+79222044934
+79831598928
+79001973451
+79122702183
+79068141842
+79221810841
+79226134736
+79826700857
+79030795333
+79527396706
+79321111919
+79678529041
+79502003003
+79126854357
+79826700857
+79273141234
+79122321258
+79995556298
+79120491799
+79634444757
+79045496337
+79521455555
+79995596298
+79122331715
+79126335339
+79126051626
+79126425501
+79126015016
+79000383800
+79625194905
+79041777373
+79321111551
+79505433555
+79041624302
+79222162835
+79527407702
+79920206867
+79048795389
+79089025929
+79045437055
+79122227282
+79995651400
+79222258303
+79226134736
+79617776992
+79049832617
+79221685087
+79126652005
+79965911344
+79068092604
+79826340613
+79630488777
+79193603681
+79014378978
+79222077577
+79126325625
+79122670464
+79501960839
+79122276181
+79090202368
+79126000111
+79632755257
+79288744174
+79122435989
+79021887114
+79222278888
+79120327889
+79326042123
+79122407892
+79222222778
+79221557520
+79992019296
+79126200111
+79045426401
+79126948120
+79041747073
+79068009087
+79028704668
+79221450420
+79505571741
+79041661261
+79041768888
+79126730269
+79122970015
+79126484774
+79222243460
+79530589997
+79122426203
+79826700857
+79122560001
+79221089174
+79655251939
+79122307527
+79058051559
+79122434735
+79222243460
+79045448074
+79122437381
+79530485400
+79220224224
+79634485444
+79827440001
+79126762666
+79220353509
+79829852306
+79122465027
+79041643602
+79226436930
+79122287583
+79826867023
+79122999487
+79826867023
+79120509898
+79221330521
+79122888249
+79122476318
+79193870854
+79221885497
+79122827702
+79221827100
+79122025668
+79043846397
+79617736356
+79506405316
+79126889377
+79221873337
+79126627606
+79045491594
+79220269126
+79221190772
+79273216213
+79222111762
+79221107071
+79506402776
+79049872399
+79028735709
+79506416000
+79501904005
+79502027151
+79324078231
+79122886550
+79086312247
+79826399156
+79221918591
+79678538853
+79827324868
+79827222763
+79221236212
+79049812323
+79826502187
+79655456470
+79221107071
+79630513488
+79122438058
+79995596298
+79222009373
+79122944355
+79126550125
+79001999414
+79222254447
+79045421860
+79670427265
+79122406237
+79623161778
+79126622215
+79068064218
+79623120912
+79221018596
+79049883719
+79530580603
+79089073264
+79995844999
+79028793740
+79220272479
+79120300660
+79122413605
+79222929766
+79222594434
+79505581613
+79122811215
+79827599959
+79292111144
+79120300680
+79538202699
+79122463266
+79920299809
+79122465023
+79193904683
+79221367939
+79221604832
+79920055719
+79826628773
+79193904683
+79221777087
+79120380339
+79193825292
+79506520477
+79222063399
+79827683342
+79193757973
+79226751912
+79122606419
+79088873131
+79292111144
+79826433693
+79126735726
+79920055719
+79222594434
+79826693223
+79043803590
+79022605309
+79002139949
+79221717017
+79920077639
+79222222127
+79222222800
+79995669997
+79581545668
+79221107071
+79326080984
+79122413605
+79321128600
+79221447733
+79126807747
+79122121207
+79527276041
+79120454389
+79655354276
+79193637734
+79221745055
+79506520477
+79221293800
+79667088840
+79506520477
+79221443707
+79667104447
+79221111661
+79058018000
+79012012589
+79043027325
+79122472246
+79041676317
+79226199411
+79037770009
+79126413124
+79502052266
+79221166237
+79000383800
+79658328243
+79126158587
+79090063169
+79506317798
+79122423379
+79221635074
+79089060220
+79221942998
+79920127262
+79089266209
+79292223257
+79126315796
+79126158587
+79122324477
+79222568546
+79068154333
+79821750256
+79288744174
+79122609116
+79223779999
+79122227282
+79506374992
+79920127262
+79022639282
+79086395730
+79122025947
+79221296006
+79215138486
+79122324477
+79533833335
+79222033835
+79122603889
+79821750256
+79122448456
+79222023911
+79667088840
+79222050444
+79126451705
+79045482277
+79527166070
+79090090060
+79068001700
+79226017173
+79126769700
+79288744174
+79122456701
+79068142828
+79220287767
+79995635331
+79089266209
+79826292967
+79024422224
+79068001700
+79126646924
+79126191123
+79221745055
+79378330541
+79193996636
+79222050444
+79043862311
+79222930079
+79826265300
+79221452808
+79826433693
+79221861007
+79827129416
+79221011001
+79126669211
+79222294993
+79222222778
+79090299902
+79226198667
+79126236439
+79089174121
+79533881712
+79222194866
+79068001700
+79826641993
+79826433693
+79122070317
+79506351241
+79049803941
+79222299429
+79221888365
+79634446349
+79049827217
+79221310484
+79149517137
+79068067444
+79068001700
+79826433693
+79221044888
+79049836621
+79043875282
+79028732028
+79538275071
+79655354276
+79090022181
+79655348001
+79920035719
+79122869687
+79630415960
+79122806231
+79221322666
+79025019093
+79222023911
+79024403444
+79827134775
+79221406078
+79068001700
+79827095870
+79506407869
+79222256121
+79044671486
+79120324242
+79126600378
+79221477847
+79000383800
+79022175708
+79826900707
+79222023911
+79630415960
+79045470015
+79122868259
+79068067444
+79222095467
+79826258338
+79122455850
+79041736830
+79049810484
+79022579662
+79126095210
+79122665690
+79827174788
+79122413551
+79028748229
+79086393879
+79221000003
+79086383990
+79126060088
+79044914387
+79292223257
+79028728460
+79122428440
+79126060088
+79045442084
+79221062002
+79221332326
+79126150220
+79221960828
+79126179115
+79120324242
+79122811734
+79122605445
+79220204008
+79530057612
+79222227733
+79126878332
+79196165750
+79126904889
+79122120172
+79126561475
+79122605445
+79326009542
+79993417175
+79022694318
+79221960828
+79527338888
+79126744235
+79041768888
+79122232269
+79321172583
+79022583546
+79193722338
+79041663210
+79126561475
+79995638545
+79122442304
+79126561475
+79221942998
+79044914387
+79126577006
+79090222641
+79030874303
+79221690777
+79221009636
+79122383592
+79501902083
+79041736830
+79321160016
+79292152828
+79041768831
+79221452811






