79219226174
79114544229
89622511452
89532470805
79118600077
79114549912
74012555015
79022500020
79005641888
79216117947
79633504613
79263428980
89818905219
79118566968
79042225626
89118553431
89316029355
79216160537
89022507494
79062144247
89212687610
89814538619
79520545380
79622632865
79118646743
89114572287
79097755770
89097783092
89022518753
89062306663
89114948415
89114538895
79216102600
79114912210
79092852432
84012376191
89110707056
89114924500
79118508016
79653367593
89211076778
79227461871
79622585555
79637386553
89259372972
89062150484
89114872728
79062376234
89118671666
89520599030
89043786334
79527955597
79097985273
79062139280
89520555740
79097777529
89527976558
79814601197
89097841254
79052481399
79527992521
89114645510
89814535628
89622539092
79097921130
79062104003
89644926397
79020379973
79212617200
79114936969
79527982588
79521161439
79527918637
79114698727
89142704265
89097774093
89211078636
79210067775
79114847817
89137108078
89659006464
79632970055
79110736834
79003516519
89114914193
79097952177
79774670216
89062351159
89218504330
79953258724
79814634591
89114587904
79097999930
79211003738
79114814724
89211058867
79110707774
89110740464
89114706777
79622548159
89210082088
89114633492
89316030584
89527935957
89118615426
89210053724
89959008078
79097960629
89520580768
89114579827
89114611831
89135230746
79218502916
79110741880
89097789754
89814660261
89814630910
79520546427
89114629658
79052463973
89527987782
89771619606
79520521028
89622536858
89673532851
89814558060
89646873226
79062353598
89022503667
79216186678
89212692469
79114610345
79520589367
89633507962
89216159919
89052441568
89282112042
79062302436
89175446828
79114853275
89097836798
89121993496
89128095180
79316008584
79622622795
89062326000
89097840634
89114994001
89114636157
89062382290
79062199799
79097825545
79527901010
79052445267
79022524962
89062307406
89005672536
89211096681
89118561446
89114684328
89145673452
79097871698
79520598110
89114746955
79633238997
79114763630
89003484637
79212655042
89218525255
89062388530
89005644021
79114763828
89521174184
89521172049
89114812169
89506737822
89527999536
89114682265
79097944489
79205207707
79633507228
375296440934
79992550201
89110716185
79097912994
84012922103
79814619037
89215958217
89114584680
79531701681
89097814456
89114813740
89657026283
89814642726
79193502641
89114745485
380661636928
89118655787
89622669081
79114995089
79114559039
79114574533
89375075775
89817980751
79005650792
89527974953
89097777345
89185226328
89521148730
89316002595
89216175569
79527903571
89118597857
79052418889
79114716321
79114695151
79227917369
89114673711
89003513486
79110720006
89316003900
89003491374
89814607121
89003465270
89217119911
79062187436
89210099429
79210078587
79637386343
89024170781
89210082403
89114757105
89673547305
89118599920
79114881324
89114959132
89168197299
79114526126
79503827545
89910570421
89062328402
89003525297
89114804066
89110705869
74012378189
89814508099
89082903306
79506773288
89052466984
89520534394
79211092190
89003498408
89844473572
79097937934
79118601504
74012694600
79062386385
79114563376
79637386343
79527997225
89022512194
89003542190
79814558100
89953399862
89005705459
79632989939
79114715548
789527983491
79110747139
79622607415
996558367558
79114784575
79005636444
79520588077
79969337691
89097843303
84012939496
79787071162
79005675571
79114551000
89118504702
89114957493
89097842696
89183621643
79097833834
87755121096
757673708970
89642765585
89293218123
380673387675
79114957333
89637371702
89082901840
89114526640
89114640392
89990890865
89622547623
79062376370
79056441411
79606882888
89062379009
89052455090
79217106500
89606296262
89814779719
89208462527
89814558068
89062387687
89992558889
89632901187
79022512964
79814771701
89114962009
380638310416
79633507215
79632917067
89118687717
79062186666
74012697050
89516608723
79062378811
79520553593
89521150778
79637381128
74012521402
89527992526
375299998866
89005664676
89039862648
89622549939
89097850806
79062326170
79673513318
79603953517
79046318636
89114784763
79024155260
79062391657
79062165002
89062362639
79637374847
79114703876
79097857575
89158072847
89212658821
79773805009
89506704028
89212657023
89677758608
89316109322
89622620063
79814560114
89118538840
89114589433
88182288797
89527907955
79114529916
89643571450
89241502221
74012374537
79788502838
89022513972
79118567126
89527915300
79052490684
89052434497
79210051878
89003548279
89062375403
89062166501
89089522613
89114873291
89097834444
88007000850
79210073560
79166579758
79637385252
79181434442
79114717976
89114980605
89027960205
89500518867
79501401030
79062385012
79082900032
79212651446
79200601903
79247238929
89097779957
79097986847
79637385522
79062314939
79521101223
79097818881
89114609836
89622641102
79114759972
89636532459
89114509735
89527975720
89003626198
89062155213
79114676259
74993505920
89211029169
89632990844
79062363645
79052130013
79521136996
79204133661
79062131326
79523191547
79039350003
79062312171
74012760630
74012658526
89121555752
89518685905
79097766622
89114688924
79062334492
79113002290
89211009488
89043797334
79118660033
79527951778
89114705112
79814768800
89013906801
89617292266
79114904216
89520504624
89527904531
84012916122
79316042926
79520581999
73902248158
79114684978
74012998200
79965214495
89520535203
79114983345
79114866885
89097962067
79218529195
79062101072
79637373784
89814534185
89212690918
79118527643
79150025004
89097764648
79211067406
89052441693
88005553535
79673547090
79212627799
89501048725
79062107215
89097854618
89003544266
79005671170
89102835905
79898974221
79013053505
79212699991
89211064215
89506712050
79521182999
79141580290
79814573939
79118548984
78003007170
79210065314
89005673511
79622554488
79520530933
79162508822
74012563573
89165545559
79992558320
79953262313
88002018640
79024235811
89913826145
89003552189
79953033532
79003471100
79953262313
89062166181
79622681685
89114886222
79116788464
84012984080
79992701808
79600234260
79992700006
79211707797
79215159892
79215170880
79813034118
79021339990
79118010100
89633417412
89113248184
89110603535
89113365356
79992700615
89113220352
79113450767
89211754047
89216055054
89512956548
79095618357
89117128288
89021304023
79110649135
89113007787
79633593073
79537565555
89095604261
89113098366
89210368476
79212746506
79009359749
79537592496
89512956774
89646837183
79210459019
89646800383
89110620830
79113161619
89113190652
79210407777
79522903959
89021301307
79212817182
79212705428
79522939794
89633591986
79021300200
89533041200
79778954780
89113106324
79113494142
89217082785
89646814677
79318057050
89095610040
79009404551
89095623525
89211593059
89643078465
89118088101
89022822272
89086051629
79118031131
89211693533
79967997417
79633597274
79508978793
79062904343
89806723467
79211700571
79113150900
89021308943
89095647159
79095588863
89211542516
89095635853
89211587867
89832047241
89210365543
79113018295
79217352082
88002012628
79211686040
79118000136
89512967199
89021389372
89022815141
89021300775
89524875450
89211797123
89522965461
89537541687
89522938555
79021323210
89600274814
79113076818
89600290487
79021366055
79113380491
89156560276
79646811339
89600285283
375292914453
79113028011
79117846721
79211629212
79113270408
79537503315
89113205676
79118048131
89212751873
89022821236
79212873886
79113012667
79600245344
79212755275
79211710153
79211519757
79113293530
79113000942
89217352520
79216607839
79963485090
89522998430
79533062528
79211719634
79210367621
79787847584
89533050846
89212802223
89600269202
89217091568
79095627330
89211605006
79114102790
79533020512
89095588878
79508985838
89021350734
89512971958
79211792424
79522927535
89522933308
79113425807
89216601884
79113114119
79963481100
78152655355
89522989177
79533054213
89210451511
79215193197
79508950450
79215118696
89115268734
79113133313
89516752816
79009434096
89533077781
79215121553
79021307625
89217344706
89095586532
89600221615
79009376862
79646871987
79646881608
79600290474
89813038559
89965619151
79021313595
79537534655
89113413472
89522960206
89021313567
79508906872
89211534295
89814614932
89173434296
79113262007
89113047377
79062870971
89800599789
79508910024
89969340564
79650760191
89646854823
79113121714
79021300020
79086061777
89537597929
89113050465
79110631777
79113333377
79537526614
89533063151
89533083746
89021309929
79217084440
89021336514
79118024324
79123049007
79086060413
79118002000
79643083212
89062883355
79086060035
89113032190
79021305923
89522919177
79113095151
89113100874
89095603460
79646815203
79318055515
79211564430
79118016975
89113001507
79021343900
79210374407
89210430748
89022823150
79021373156
79212742388
79211683324
79217095911
89021331987
79512964014
89212862757
79217481625
79113097708
89113417149
89118035857
89211699369
89512963016
89062901300
89086065261
79811365054
89021366778
89217568542
89210381255
79872861937
79021320724
79960626447
89965609463
74952242222
79009405719
79951021791
79113000756
79021356565
89512965455
79211662224
79217095080
79009351055
79522947750
89522950846
79961039516
79113442255
79251133693
79113250749
79646801717
79021366394
89522929111
79212837461
89212703637
89212745304
89021330154
79643085489
88002229211
79211548281
78152557177
79633619503
89021301216
89508969043
79773805009
89113043990
89095623769
89211676090
79211629652
89658008706
79113209303
89818332124
89211691349
89963485335
79658015105
77022790028
89086061431
78152702585
89263368602
79113381007
89522990576
89210388537
89211749174
79256445678
79813018300
89113243813
89262194860
79210332285
79992701778
79217344144
79218803373
79021384848
89533078740
79210302923
89215185580
89021309099
89113217866
89052020020
79210466992
89113379297
79210424782
79813008080
79813015590
79214427095
89210365455
89095574051
89110626433
79210411082
79113002290
89022818205
89021332498
89537120020
79113411485
79965611569
79210437517
79219073391
79113067346
79212769430
994514486324
89217245963
79118000601
89600212933
89512978337
79110609442
89113209980
89021388895
79508906092
79212703542
89600250039
79110640727
79113471969
88152753335
79009342292
89212870728
89021368458
89210389482
89095633764
79211715327
89916698896
89963480098
79633604037
79963485647
79212822220
89522905557
79210428089
79965603516
79212718654
89113224646
79951020075
79211687785
89600272788
89118032409
79086050743
79021390890
79508976174
89969343603
79813035921
89021324773
79522911837
89118018796
89113165159
79110631748
79646808811
79533094777
78006000000
88152782077
79110624307
89217081315
89643075074
79021372013
79633621841
79212734984
79518891391
79685359575
79255881187
79212240530
79113333700
79118037680
89522909126
789118070879
88155450738
79216669933
79646880515
89211621840
89211670799
79096080092
79600268023
79113418263
79211654641
79969344257
89187511586
79205280130
79968104262
89508911571
79222723703
79042395999
79042225626
79536799000
89042093228
79042342285
89121441423
89091229727
89042219277
89505668819
89505698859
89087175462
79129476359
89087179947
89042047140
89121651069
79166253308
79090645846
78212552620
79087177321
79129542078
79128649092
89041019903
89125031484
252507302130
79129461775
89042719871
89505665816
79630248889
89041083143
89042703615
79048650057
89048627073
89042743615
89225800580
79125659377
79048625190
79121482754
89128610808
89042243293
89121451218
89087180189
89048614315
79091256655
79042708422
89505691438
79087177958
89042309776
89042309323
89042313675
79129557983
89634897084
89041042257
89042372965
89962619408
79809889313
89042011756
89042300836
89041076536
89125651042
89068800077
79042002008
89965899739
79129566033
89875329724
89048646295
89042351452
89087156252
89041030888
89042315051
89087198550
89121800274
89042721590
89042712589
89121412265
89832047241
89125613540
89087192551
89042323556
89042707990
88002012628
79996217762
79042202005
79042030158
79041009172
89505665018
89042225679
79049829950
89505664813
79042070135
89087169190
89009833530
89129575561
79125433423
89125580407
89042387887
89222719004
89042365151
89042728027
79262240350
89129477164
89042214826
89042203856
89635585840
89128657010
89914811911
89042324213
89121073206
89042395014
89048680112
89006374978
89536724171
89042098455
89505678012
89048613494
89125458680
89121346444
89042716379
89163201358
89042734755
79042225237
89042078170
89086946176
79125591571
79128684508
79042304800
89121564624
89042014815
89041004836
89129510652
89041083538
89048663534
89128653314
89630239864
79044905388
89220848374
79225810062
79087198603
89083290232
89121993496
89121487002
89042218628
89128628292
89129593754
89965907021
89042352584
89042722090
89041044678
89083292052
79121007717
89091249581
89087150467
89048696005
89042371230
89505694632
89022258693
790410100000
89992999008
89048631512
89121010738
79091219510
79042293500
89042716777
79042709614
89225906803
89086984220
89042291313
89121747868
89042710901
89041064881
89129649105
89042326200
89965907149
89009802393
79505652788
89041002411
89048644176
89042717672
89042202140
89102020302
89505660439
79191194336
89042043217
89042708442
89091242525
89125462893
89091268645
89041093284
79125058621
79042258019
89068805205
89041038372
89042747363
89125552222
79021307625
89042307968
89048602630
89042355627
89992950489
89042006204
79042712176
89125664808
79091226345
89042222118
79086959680
89042210468
89225997888
79281195161
89125548912
89009828512
89087151101
79087157013
89042042639
79042047754
89048645876
79042297714
79042243593
79083288128
89083288776
89087156383
89042709025
89083282249
89042352035
79635592815
79678607339
89042094258
89083298659
89042266169
89087153610
89042382586
89041077031
89042700677
89222779470
89048669933
89086956933
89042274613
89009802437
79505677872
89042091769
89121061978
89121110980
89041070385
89042362720
79630000926
89083283373
89635555055
89068819673
89129592273
89048657839
79101368252
88216787811
89042038831
89121766979
89091217978
89042228882
79087171858
89121559597
89129447084
89960453040
89042039149
89612539797
89048613474
89042715850
89121154075
79129412252
89962611842
89121198373
89505670762
89091220009
89009787874
79087160295
79042080396
89189440691
89121419236
79128680077
89087179660
89225170100
79219861081
89087178956
89041013331
89048695455
79222777177
89630250250
89129574755
89121152470
89041019229
89087170107
79087171010
79042702255
79086972242
89009794007
89121628521
89125636838
89048636886
89125458192
79091230980
89042311113
89087173882
89129537770
89128638560
89505679081
89086955099
89042740761
89041061588
79042098155
88216710505
89042052471
89225859713
89042248701
89128674445
79128680143
89087178661
89129478640
79640447840
89505690948
89635599947
89048615815
89083298348
89087171816
89041074444
89220884899
89042034797
89217568542
89129570907
89042216014
89042709654
89083283733
89585531317
79995591991
89195269498
89222721541
89128657272
89129557500
89042359573
79091234573
78212552620
89042323303
79121977740
79121714577
79125653982
79087177513
89041000622
89042002958
89225998069
89042322451
89087179773
89042353548
89042038871
79068801772
89121042380
88212554357
79128636907
89121815955
89042387018
79505677427
89042733132
88003504845
89042335615
89617604845
79009839773
89086961290
89121539851
89009834580
79009794346
89198111100
89225985959
89129562499
89225995928
89042373517
89505664242
89042052520
89634880846
89241502221
89121739884
89042266633
89121247780
89042740505
89225995888
89042737513
79042364046
89042244545
89635570529
79125684154
89042222207
89129479749
89629804033
89222721619
89121455651
89048648463
89042709141
89048658816
79128666665
89083282234
89091294444
79121110826
89505664666
89121280110
89513490887
89125620128
89129686185
89129559903
79991106774
89048695222
89965903914
89042359120
89042703186
89222777169
89634868706
89121654959
88212225005
79042743206
78212201688
79086969676
79042324215
88212400053
89505664419
89121232562
89087185362
88212391400
79121320980
79121028847
89030323142
89042369380
79121028890
89009808718
79042291749
89121324600
89129512993
89995819680
89042702040
89048694444
79914812168
89121232469
89009792061
89041011125
89125452033
89121555752
78212390200
89222737223
79042707902
79042055461
79125617838
79965906867
78212252511
89129667577
89121623044
89225864233
89120944098
79010472206
89129683491
79087104836
89042710881
79128611100
89121162086
89042394422
89042075081
87078768721
89129692498
79042382832
79229003135
89042336076
89965901306
89125670371
89121619244
89009791164
79121050713
79789186856
89640442313
89041016560
89992999510
88212409575
89222722923
89129476909
89042029522
89129440691
89042248115
79634889242
89042002597
79271926676
79042296570
89041023484
89129418973
89087178911
89128630394
89042065355
89021584434
89041097585
89121482754
89041092942
89042077888
89041002018
89809883657
89121426100
89505698625
88212446199
79125446450
89042009911
78212322525
89042274523
79777005149
89041068512
89009744455
89128556579
79673106487
89222720877
79128662861
79635556444
79129601622
79125664296
79914787944
89042323741
89773456106
89222725868
79129413915
79588571523
89128630110
79505660029
89009818607
89658612808
89222772224
79042217811
79129871738
89048659187
89129562929
89125688799
79041055059
79957770778
89129459193
78216760345
79963671082
79850693768
79091206662
89042231592
89292872538
89087164506
89129566554
79121233455
79961130913
79042705655
89041007167
79086950206
79129459211
79243749216
89042718832
79128651551
89128602629
79091257984
37433747482
79953103707
79086954993
89041079330
89121588808
87000982727
89041054519
79165577876
79275115440
89658645044
89041030990
79220833770
79539883002
79048638711
89634865748
79128223179
89042720221
89803755947
89119563267
79042343434
89125047404
79042051317
78352384995
89125039922
89282255775
79968104262
89194789791
89041097575
89992999986
89953963180
905441817048
79121837687
79595255461
89313372287
79242114763
79145720805
89841761121
89098004848
89098248348
66877421622
89144112657
89002459045
89242182079
79141537176
79141715185
995599045238
89142044387
89145401232
74212201060
89243045110
89241019335
79142139105
89197104299
79243032173
89243108356
79243023023
89146447474
79241115561
89143786809
89142341379
79294114447
89137108078
79141981778
79141608300
79819025162
79622247170
89189020012
89144147272
79098757472
79098089414
89326100947
89098020401
79241030223
79242296365
89142195037
89144064526
79098235171
89143148397
89098240064
79143782619
89142132448
89142091919
66948949494
89656757054
89098788918
79141921322
79242154330
79241073424
89242134660
89098279897
79141544910
89241010770
89142078019
89177585333
79145480759
79098034475
79142120696
79147775420
79775376884
79242232558
53434532532
89098408433
79141604491
89842952165
89294383855
79141850843
89144024237
89250080810
89144183112
13504469598
89142081404
89141738591
89237520813
89144204433
77771181117
89622206069
89144069344
79098471472
89143704441
79050505655
79686550627
380661636928
89241187812
79242110227
79242149181
89997936342
89242061955
89243146432
84212204083
79098088118
79990867727
89242056785
89997951530
79656112912
89635662862
994503111169
79141767909
89089721384
89141662162
375296182569
79144131236
89034923043
84212680228
87015114324
89174658256
89141949455
89244034830
380979894009
79144106650
89141841497
79098238048
89658478941
89621518282
89833226186
89098972654
89146777679
79681419013
84212564029
89145472163
89294032033
79621501061
89243154444
79142060251
79241177702
89257908440
79244036023
89141589892
89248749006
79294090201
89642765585
89293218123
89841772765
89143705271
710978963254
380673387675
89098584916
79098521744
89147436474
89141890536
79144290657
89141649443
77025705353
89997943184
79092445331
79625868160
995571012879
89243165008
79250870117
79635636710
89842933242
79990807284
89147795262
89625036481
89241019335
79244043143
79787120390
380638310416
89098797150
77759368911
84212470047
89133304952
89622209747
89241196404
89625021309
79243163549
79635634332
79142045740
89142090934
89039862648
84212670834
89141566041
74212309169
89242003499
89842969413
89242200138
89144013534
380958626351
79242174668
89084476464
89141542652
79990863301
89142123289
89098483436
89242186019
380990964259
89241502221
79788502838
89842959903
89145460532
89990807677
74212936607
89147721078
74212204190
79651156225
79144230791
89146638763
89856124947
79141900500
89141588886
79145430848
79089042305
89098222863
79622283413
89500518867
79622229977
79143111574
79098292243
79244031596
89098883455
74212413230
89003626198
89147768900
74993505920
89141952577
89518685905
89242115248
89098255388
79141850333
89243081600
84212309169
89144276633
89098780515
73902248158
79961695920
89220149303
89673912511
79069453522
79244011578
89294000870
34645377409
79098553937
79143719575
89622229580
89141912003
79242025304
79098580707
79968104262
89194789791
89258329938
89605975268
89207658968
89534457656
89207666022
89523403948
89606085190
79787685558
79005803030
79789918700
89062875443
79037332154
79780422742
79881307250
79780207078
79787791335
79780670783
897810101022
79788311294
79788880747
89028142462
79678666555
79788449370
79780474743
79787444758
79788835687
79780714538
79782303775
79088963779
79787927033
79898245858
79788240661
79780100133
79788408880
79035095865
79780715671
79788677921
79782195131
79787455387
79788557963
79787696360
79780034656
79787164926
79787830032
79787712646
79788184838
79788068316
819017097192
79780653697
79780121486
79787267001
79788095789
79788525389
79787131488
79788394722
79788537773
79788755188
79788039555
79787065505
79785007777
79787527599
79788214666
79788654136
79787607658
79788040420
89163593355
79788457785
79788887867
79780185818
79787696332
79780618277
79787298125
79788568494
79788547001
79780614060
79788099931
79787518210
79787972309
89780336005
79788217630
79781049047
79788694788
79780869236
79787925931
79788289872
79787732456
89787791308
79788105404
79183861546
89780604891
79780153234
79787102362
79787305171
79788753521
79780150482
79186508955
79788102465
79780980717
79787103587
79787887387
380994902002
89256823398
79788656788
79880151837
79782595421
79788446480
79780132478
79780118237
89788895244
79138947317
79127459765
79789875828
79788109760
79101170322
79788831128
89787342517
79787056690
79787227403
79787607291
79788373853
79788887273
79781352341
79787540703
79787137100
79787085628
79780494851
79785640566
79787315553
79787079471
79788362862
89630285953
79806364907
79787189099
79787358397
79787909156
79788251385
79787260126
79787873215
79781104852
79822681813
79781048518
79788050565
79788707344
79788548475
79787669929
380954032321
79788704970
79787110305
79789781018
79787633930
79787838676
79780445286
79788018412
79788330067
89114233160
79787289746
79788949828
79787678107
79789497401
89781106008
79781355277
79787400867
79788397457
77054452629
79787087811
79787678644
89265401398
79787843807
79788144860
79857328700
79787151649
79787665256
79782116789
79788066128
79787122636
89885409943
380635553049
79788252884
79787900922
79787178160
79780320785
79788246223
79780918591
78788162239
79787146851
79788307308
79895918927
79788572613
89199757685
380990699364
79787144304
79787056700
79788698050
79786677111
79788495769
79780850450
79788151442
79787822426
79787872324
79787091101
79787419313
79787358265
79787986866
79788162412
79787233053
79789454407
79787806475
79780811851
79787526571
79787028737
79788097503
79780663053
79787545300
79780105237
79897768696
80501721302
79787929888
975978598745
79780570923
79787663069
375336766544
79787854109
79788462024
79787202946
79787056059
79099463990
79780393242
79780179053
79781044095
79780691063
79787884468
37121979280
79787324094
380668207646
79787408744
79115589469
79788593247
79788064087
89054518878
79788154421
79787493240
79922221113
79787568908
79788237318
79787031533
79788153688
79881381674
79829225084
89787340400
79063394242
89824985000
79788165867
79787626315
79788587962
79787244148
79787188514
79787579085
79785682176
79780622068
89996386810
79787426254
79780367657
79088745208
79788320833
79780117757
79184468485
79787305179
79788724445
89787084055
79184509393
79787476944
380660352415
79180951774
89870390428
79789004802
797880449420
79788367232
380956225366
79788998893
79853060007
797806638559
79819579593
79781174047
79788878400
79787420311
79780688600
79788221933
89602518864
89782634043
79183983977
79817407323
79787845256
79788313103
89781072817
89782186202
79787088330
79780944076
79780945677
89114730112
79788568836
89897718646
79780401613
79788248896
79788423092
79040133272
79788034479
79788410944
79891232626
79789082500
79788577445
79787176596
79788155406
79787430127
79787627774
79785195044
79787193251
79787791923
89199594243
79781211755
79782715537
79787281952
79787120025
79788915753
79781255805
79787172204
79265138801
79780531739
79858590257
79787161675
79787899481
79787146617
79780114791
79780060495
79892950133
79787515954
79788434743
79780261554
79780047198
79780310140
79789709072
79788460957
79781210072
79787664879
79789784026
79787383177
79787189523
79788378960
79785239709
79788472348
79788196725
79083444000
79787029057
79787461182
89785737742
79788327762
89787828980
79780575793
79787730837
79788905644
79788859166
79180589909
79780185877
79780159880
79781461695
79787185764
79787006102
89991348474
79788392461
79788481957
79787980409
79787329330
79787266102
79787685201
79785889880
79785805645
79787280219
89511773359
79787929057
89787091404
79787483082
79788932925
79788725496
380999230296
79788667267
79787045687
79105484583
79788525396
79781011032
74993919888
89787209172
79788804325
79782124316
79788918066
79788541714
380502748185
79062341409
79781118714
79787903917
79787984965
79787992801
79788211457
79787769300
79787928473
380660839160
79787088018
79788384219
79781102364
79780266635
79780207138
79788157819
89507649654
79780795118
79891981198
79787468882
79787550910
79782146169
79787044700
79782282562
79787552407
79043355490
89782045631
79788312974
79786098816
79788422756
79788503631
380665556081
79780359390
79788381307
79788706667
79780384480
79785817528
79787547237
79780212616
79781309253
79780783008
89526232496
79787228854
89226420756
79787658842
79787827161
79787253286
89237795933
79787014186
79135427372
79787580766
79781335112
380505650825
79787278922
79787606762
79780414265
79785134608
79788410403
79780718578
79780948861
79787047888
380994527608
79787232308
79787092425
79785665956
79787896814
79591884922
37498135117
88003334434
79787540891
79782067818
79787828980
79788877755
89535900323
89782033457
79780149099
89528313470
79788095282
79787594066
89883111660
79787808850
79785852540
79781021575
79788179396
79782073318
79787984033
79788618039
79787501952
380504246413
79883218664
79832648235
79787365243
89198083851
79785780737
79788023846
79781173193
79780286387
79787560591
79787428935
79785551011
79785248988
89176472887
89788848636
79145026181
79780131157
79789285935
79787386128
79787377464
79858590257
79780680708
79883429541
79788704030
79788444703
79787058343
79787246417
79788651150
89824111003
79780353813
79787546105
79787344537
79787041612
79780186856
89625456452
89293218123
79149020956
79787165222
79785886313
79787159039
79788243728
79787206881
79787378876
79788166285
79217422507
79780372306
79788483098
79782123512
79787050831
79788145232
79787546478
79788616891
79659378182
79625247003
89164477639
79780581048
79787467624
79035439879
79780092522
79788410125
79788752355
79787009782
79787881048
79788385640
79787407928
13682681734
79788380471
79787032904
79787376487
79781053642
79787679592
79787095714
79787208619
79515987208
79788242080
79787164978
79780910458
79858365757
89036000254
89997891769
79788984910
79787400737
89287000007
380506818494
79788677889
79780023098
79787543815
79788476947
79782157485
79788030179
89272912142
79190619991
79788562022
89787821406
79787444758
89789691895
79787194069
79788294290
77712038942
79787773839
79787361180
77775470027
79785314001
79827824500
79787865781
79787396967
79781205965
79787338586
79783637818
79780072727
79782101899
79788952778
79787502989
79780418944
79782175871
79785739891
79828552004
79787931977
79107005373
79789488534
79824856404
79787172904
79788298588
79787105597
79785877421
89781331755
79062231000
380505517837
79787079471
89232464105
79789178181
79780701248
79787287348
79787417807
79780054407
79780919013
89378267860
380934660649
79789009090
79788330751
79518065045
380975121277
79781004939
79883321952
79787278553
79859198182
79787251073
79785973390
79788135070
79782091096
79785420202
79788539154
99368393914
79788479769
79781735186
79088740592
79788242475
79787872657
79185505481
79787084687
79788546877
79773805009
87024594498
79788414580
79788556443
79781001857
89501569615
79787666710
89677758608
79787657678
79780098042
79788574100
79787603197
79505399162
79781074998
79780568716
79787814420
79036848427
79787382509
79788025347
79788214966
89787381503
79787013602
79882471707
79788183134
30934046517
79780001168
79782801081
79175476277
79788292513
79787901230
79787562614
79788104340
79780635213
79788318990
79787112354
79788388718
79788630746
79788928840
79788170393
89241502221
79788371067
79788231456
79787251202
79787833845
79788440652
79788472774
79781299383
79788360540
79787967418
79788498125
79787454366
89780689974
79787538084
79787706837
79781492603
79213593648
79180428662
79781179523
79787121533
79780474761
79581590807
79781080906
79787532487
79292843054
79787665175
89994017087
380677821803
79787354026
79219115346
79788426101
79780061217
79787643910
79788418997
79780019739
79788341464
79780429264
79786043625
79787435152
79785856788
79788802387
79788745615
77773534714
79787620722
89516966201
79780721036
37068114633
79780306596
79788860556
994708537554
79787931774
79082004750
79780949244
79788440388
79782246454
13926154071
79789026230
79789011456
79788132953
79787834223
79787871237
79787428720
79788160961
797879787978
79780443427
79787901965
79788236019
79787557450
79780103157
79785462172
79787724085
375293803750
79787678949
79186657034
79787304570
79037232696
79787077965
79781077339
380977152590
79788211360
375445020222
79780541228
79787232595
89655125729
79781286900
79785510399
79667775317
79780993569
79788497414
79788868538
79890884645
79789666252
79780326680
79782251182
79787482955
89881399924
375293889868
89788990347
79787830161
79787696779
89788122874
79788596976
79782007855
79780437549
79788088309
79780325402
79788075509
79787644100
79787356232
79788969719
79788683896
79787121119
79788030613
89384161135
79787342769
79788521955
79788918450
79787325362
79781027653
89186994182
998913808868
79648919291
79787525428
79787739916
79788479455
79788586300
79787092087
79788097527
89789180770
79780815540
79781332550
79787072546
79788554088
79787536300
79787710501
79782124240
79780621996
79892406204
79788356423
79660123838
89782159788
79780437100
79787667804
79959041660
79780537770
79819109486
79788415185
88005006224
79781000464
79780609011
79787928706
89122059507
79788805808
79789011319
79058903405
73652777888
79788133490
79787872991
87471819837
79780275972
79782296613
79782198763
79788228687
79782096100
79135666521
79782182215
79780339391
79782295699
79780647115
89194998225
79780060747
79782099602
79787255497
79788612100
89266915557
89787214650
79787921480
79780771264
79780682705
79787900169
79782292344
89518685905
79788104638
79780929609
79780102327
79186413003
79787401487
79781127806
79785600000
79786992954
79783124021
78692545633
79781112156
79789415181
79787052380
79787898138
79780710114
88005060008
89781298777
79789377042
79782286331
79788251851
79162487694
79780034470
79781453925
79788103395
79788303786
79631277116
79787473950
87718960202
79787675949
79780711441
79788490637
79788693797
89119250669
79780112312
79787422566
79789810950
79782270604
79781110149
79786867683
89014584049
79780338004
79780985024
998946193272
79788095849
79788024737
79787826321
88002010613
79787508683
79782162106
79819456505
89229110548
79781054875
79785435438
79884886667
79782550200
79788084562
79787999535
79781121838
79788368884
79781176300
37368446038
79788311792
79789787707
79787107904
73655477846
79782611430
79775058567
79781092783
89787697128
37410618555
79788904042
79787317955
79789369954
89523792780
89785606088
79898355905
79782633768
79787668500
89228440917
79785527762
79781273121
79781000819
79788865436
79782770490
79780032180
79789242143
37360164185
79219424635
79882433658
79780401012
89782623332
79154501880
79772864041
79780949143
79788577445
79780068860
79780671938
79788195152
79782100230
79781020302
79787817883
79787680146
89782106508
89109840472
79785048146
79780941205
89878047068
79787670424
79782094181
79173233888
79686811953
79117554887
79788434181
79787560960
79781860089
89039386283
79781383236
972592590958
79789579003
79787597753
79787739526
79787567637
79787177777
79780486871
79787088363
79020206217
79781363216
79787020303
79780559101
79270565095
998937583096
37497172207
04145189585
79785869946
79787892409
79787497234
89654145687
79622265485
89654863254
79787158994
98776546774
79781783710
79787931038
79885453044
89780097512
79789156291
79782170696
87788061024
79788721623
79780883892
79788304084
387603071983
79180590007
79858553822
79787247413
79785807007
79850146100
79781059208
79780588468
79787007070
79789116214
79883101040
79604768000
77713695349
79788685437
79782775912
79785248598
79785628257
995574201965
79781790900
79787743080
995579057958
79785002520
79785587780
79826602656
88637720461
79186474506
584120858168
79780648345
79789893289
79787817728
79780877012
79676610432
79183903130
79780101994
79778799887
79890884645
79780540651
79787233714
380661554905
89788443226
79788400433
79789044869
79789287287
89191788278
79780334317
89781200720
79789012255
79787931415
79789044809
79785474696
79780747667
79780983662
79127676844
79786138494
84994042133
79786265585
79785554508
79785587074
89780218333
79295509141
79781309512
79788841200
79789736335
79782069890
79785037499
79785790761
79787514866
79789041531
79789918058
79780496922
79781221909
79788687327
79916709520
79632220808
79787812058
79827139228
79170912777
79785759295
89782599196
88005053849
79787535245
79785545276
89516620191
79789330373
79995193058
79782157501
79785450349
79787931415
89183490599
79883442348
79144399397
79785495505
79854586838
79788645077
79105554201
79585490407
79192589698
79028028853
79786256424
89117678491
79782300002
79787776282
89061971309
79785339454
79786215965
79787276619
79690765101
79785337784
73812308044
79686430779
79785551010
79781808266
79787998566
79789247567
79780205905
79785825800
79785463608
79821822020
79227973013
89657674767
79129220846
79129397163
89825609669
89125138319
89058709018
79125353331
79115012059
79224198050
89028546362
79825470001
89224442996
79227774736
79224115115
89128120333
79678800022
79682011609
89224077749
79822099100
79526901535
89825134500
89324003883
89226583256
89028142462
89224000770
89881610350
79129017712
89673034366
89227823486
79129392579
89519751409
79227960391
79224422230
89822180808
79825583283
79088963779
79224157272
79825605130
79582827208
89226520636
89222532613
89995110382
89682031186
89324083957
89527247483
79128150034
89226550546
79129385040
89822038353
79324245343
89222622289
79276726955
79222488828
79044873050
89825001230
89282257699
89028147118
89120800844
89324022210
909014966933
79090323505
79097111621
89224360864
79323263436
89324212003
79227685906
79527227002
89999940625
89825259956
79012109627
79821523508
79223127777
79292429759
79128187770
89226496656
89173605088
89825640515
89224133359
89224040922
89048823011
89825735298
89822007734
79253595322
89124168598
89825525477
79227980319
79822001972
89224478485
79097108000
89324266624
79044566101
79526958671
89224185050
89068955068
89224180992
89519680965
89221451197
89044807740
79519704142
89224378499
89129030088
89124177308
89097423300
89292962949
89821829682
89226547762
89514544320
79829071281
89226666672
89195539374
79782003511
79227810600
79222591464
89825182215
89044669125
79615607879
79292429829
79003857777
79226518518
79227733222
79324251118
89224229019
89224440123
79634922310
79771190014
79110736834
79227920090
79825199559
89505376240
89125168995
79024918999
89224455576
89821457032
89044712002
89028283887
89044676838
79224018241
89630285953
89129029602
89227978222
89825578582
89825844888
89825888382
83462662060
89282450666
79527142707
89822017062
79128168899
89324240177
89222556668
79159629221
89028563076
89224034870
79526953895
89825572555
79224456669
89227778825
89827825380
89086730943
89125370714
89012830136
79003900970
79322511818
79088901000
89324344886
79195328783
89048840726
79181779996
89224155596
89195556663
79028140663
79825377720
89222565481
79323292412
89227970600
79292926099
89923580258
89324218180
89519788686
89224186765
89224001000
88002012628
89128178228
89129370423
89824123018
89505046661
89227741115
79222505050
79227753719
89825353693
89519705858
89824111432
79028192045
89225222222
89195361750
89825140799
89227774222
89821452416
89199757685
89024138115
89088813440
89505349924
89825375551
79786741626
79224023152
89044605882
89028284780
89222547646
89220008717
89090484322
79504832284
89125112509
79173621718
89825497614
89825741354
79222527987
89505090678
89505358262
89227861115
89044803335
89028557733
89124804542
89527143436
79505173520
89224360267
89821897003
89227619267
79262240350
79129054092
89025856248
89088966474
79058271986
89324128744
89827703666
79226537776
79224470972
79505043379
89824134413
89224224166
79505901600
89824137197
89028550284
79224211062
89224308830
89122095005
89129009081
89227109299
89124436266
89660099988
79324079624
79505256325
79222565060
79923507772
89696177771
89224305162
89224324991
89223135818
89048832887
89857851117
89227854286
89128163388
89090409779
79822071240
89825658727
79609918333
89129382000
79129040405
79324073377
89224310937
89212692469
89224032551
89526922439
89224155535
89224117268
79124151507
89125333158
89224028229
89822003888
79519797091
79125312777
89048796013
89226503818
89194512019
89821421173
89026944997
79821962489
89224409217
89224166696
89825152000
89226538468
89043007371
79527235050
89124103245
89963295383
79227722220
89028595063
89048708476
89519788761
79505203416
89519638214
89505098800
79822227222
79124120033
89817073082
89825934469
89505324045
79825041101
89125176506
89088804394
89022561040
89222014362
89227947342
79222475847
89003893866
89505346611
79137002218
89519817138
79827740102
89112820801
79129352358
89852483870
898226555198
89044502927
79090385157
79028581070
89128154086
79129395504
89226519805
89224088395
79322486322
89044669235
79821368168
89951882361
79824188228
89224402173
79530507570
89227779775
79991157923
89822141173
89824186147
89024922459
79222518666
89093178740
89227753749
89061065982
89505005839
89044843580
79222552628
89825336460
89227871414
89227977374
89222491833
89226570498
89028172407
79090403204
89237752612
892226589589
79234065777
79195325698
79128107890
89086326677
645250786678
89028284732
89129019553
79088998804
89129378588
79519793214
79227651744
89221291890
89505317864
89519676601
89088809281
79222537444
79641794002
89505220016
79373365565
79827863669
79028521654
89068967541
89505000117
89505324853
89821801002
79787627774
89821445444
89508572823
89129103540
89129081151
89824162955
89226520888
89224424393
89044777218
89505007770
89224785345
89186748007
79224456506
89088890019
89527212062
89048855949
79222495164
79821935018
79292947529
89048793872
89224117764
89634923084
89088884127
89821840482
89129304449
89953847902
89129058447
89226546056
89048721800
83467278329
89224267966
79123943978
89120938507
79090329090
79028531875
89088828156
89505229771
79195376637
89825077680
89825638238
79224561234
89225167777
79044786685
89224224768
79028142739
89505000560
89224222219
79022390192
89536471255
89222598447
89044665663
79224356666
79088822305
79819875244
79634954646
89227946524
89120871511
79222539887
79028140668
89226578540
89227982939
79028518051
83462977488
89224138185
89825221802
89825284610
79083444000
89028567669
89129342825
89224444433
89222227931
89129003790
89089006383
89505020573
89002077247
79044760033
89505263060
79026912984
89089016723
89274723780
89227895510
89825566850
89292978100
79044718100
89028566177
89825765661
89519609553
89138479775
89289651929
79821937423
79825101918
89505223612
89222557007
89044889930
89825377342
89088816888
79825986680
89199420125
79994668581
79224031149
79192319323
89526893842
79889458549
89825675712
79231750709
89519808435
89199261728
89129169449
79505318190
89519618431
89378965874
89292986196
89821399890
89224426823
89224140209
89040734824
89519640000
89222555318
73462700610
89044831990
89048848525
89227769145
89044681052
89237484378
79995713552
89088902477
79505141286
89828823666
77786777722
89825979338
79519814416
89527114343
79825992609
89821947009
89088803332
89048788440
89028555163
89505283463
79822120919
79044525669
79174386606
89519770536
89375075775
89195311772
89503223191
89780569766
89088849858
89123900329
73467363011
89821994584
89088815008
79088815218
87777878786
89519707499
79063980220
89221826701
89224009688
89519804411
79044834828
79227791222
79227807225
89519808497
89224044842
79788211457
79825549301
79505155515
89044796255
79088860179
89088971747
79825231336
89227772254
89825294804
89527063337
79224494903
89028280145
89224347483
89227984633
79505139199
89058289262
89825480264
89048814522
89527219272
89505132359
89129364568
79324165637
89044762203
79964452550
79125354077
89044569119
89678817565
89044660134
79324306616
89227953506
89500000333
89028258016
79090362895
89324333080
89044662313
89224028007
89180788211
89125394888
89322483955
89224066039
89227841167
89519802078
89995107359
89048827557
89227889958
89124103111
89159084835
89224467402
79048820330
89222545111
79224183979
89128707772
89124127622
89526969281
89505024866
89324003461
79222503395
892822067231
89129332050
89089352166
79643223606
89324355685
89825258987
89824177165
89825519214
89227855257
89505157899
380676066600
89324058104
89505333874
89227761730
79224378422
89825823619
89923547228
89222555115
89324222198
89088894988
89028194908
89129019993
79129316528
79292414106
89519802609
79224172305
996771843436
89519667512
79825503219
89226528098
79088900508
79044712253
89324334504
89227645444
79272667033
89088831730
89068955308
89128181252
89998234321
89324000004
89129069563
89821881488
89028137317
89044592257
89634913663
89523460405
79780948861
79129995353
89177475855
89195332337
89825169167
79048855630
79090389250
89090421007
89825451069
83466555676
89028192920
79088805670
88007079738
79505150600
89224008055
89821418169
89044515618
79224322022
89822199088
89024951205
89526945277
79825896937
73466482224
89028141316
79222558764
89028196976
89195394855
89505291758
89994656168
79222586776
83462315815
79227938220
89227982811
79788133890
89825193737
79505041880
89825596068
89048726993
89995249162
89324316324
79227649469
89222538830
79174330222
79129381192
89825839190
79120809706
89090480212
89822080034
89088807111
79226500892
89195370840
89885529494
89093119528
89658344699
89224374366
79324000334
89222595970
79991763745
89195375492
89322211115
79505151222
89224444434
89129011478
79004703813
89044668061
79963272386
89088848822
89225170100
79825183751
73466694009
89028512507
83462708709
89640161546
89821995528
73467325888
79822249595
89825703928
89125367435
79088823171
89125305103
79825504201
89090422212
89226586069
89224035541
89822189347
89224341228
89228927905
89128155412
89526920962
79088992492
89825810874
73467920020
89129396120
89224455111
89195333888
89174032610
89125315114
79519672035
83467333778
89028535314
89825374802
73463276520
89963272963
79022689898
89505204804
89128151516
89026909229
79069600022
89505112601
89224447768
89224197103
79678991000
89048726245
89827009666
79222537464
89227730079
89224156278
79828088828
89224113731
89224242272
89825375010
79994461767
89128159098
79046741306
89125398097
79825020019
79222681155
375293491978
79995500703
79324209400
79129027401
89292433822
89195303970
79088874515
79519636917
89125330709
79129326727
89505103433
89224402008
79044877719
83462590904
79825152575
79003855445
89824169040
89129001585
79111236279
89028550073
89224299474
89824102700
89028546641
89825853578
89090454345
89044608127
89125322720
89825619881
73462221515
79225612345
89824148900
79129309714
89825299436
89125192779
89224355558
79199277799
89223373733
89125161919
89048824932
89825062376
89125326510
79923581212
89324398080
79527099898
89088935999
89519790090
996554636357
89003935296
89125153282
89293218123
89774447080
89003920333
79614556084
79224159218
79226559203
89227819820
89222557027
89028591166
89224032205
89224040240
89519608080
89220417507
79088860666
89129391100
79619755487
89129028093
89527001569
73466508509
79825163773
89505212213
89825219057
79048855533
89220009944
89222554974
89125140868
89292458548
79224703713
89224284858
83462633233
89227973721
77005050022
89129078751
89504454973
83467920580
83462602744
89128196002
89328520724
79088855683
79226062211
89173735564
89044713273
89128081489
89824165057
89003874577
89058290138
79533272454
89044673371
89227989029
89229083383
89285159898
83466547739
89526938671
89224424188
89505068088
79324277087
79654086922
89825608221
89090419915
89226538536
79224071927
83467388088
89226524998
79227633311
89044688370
89226580755
89224430077
89162521561
79222220318
79044785461
89125356919
89519713264
89324246365
79787208619
79825111535
89825980648
79128155573
79825717109
89292048142
89028546791
89538227839
89825926201
89200124263
89226192246
89527228555
89678880001
79824133357
89324030047
89526902203
79505146463
79825828178
89997891769
83466491713
89227973952
89322514301
79227972172
89848888088
79028282782
83462200051
89044709878
89224443444
89527195991
89581536466
89224242424
79129974235
79227984444
89821377322
88005550556
89224492980
89324349194
89227946141
89505389682
89227773280
73462700599
89129260306
89324273055
89825813575
89324155805
89044668288
89120803913
79227977999
89090405035
83462974443
89088964083
89822011288
89821478005
83462369645
89505003355
79519611110
89825918295
89129048200
89129050800
79527229039
79224052545
73462600093
89536495332
79251926223
89505117449
79044635066
89129399930
89324214466
79345678898
89682022790
89227772564
89322524985
89195306921
89292963034
938178711733
79678990902
892221529320
89222551091
79226526172
89048703514
79825649227
89527239398
89224172974
89224320191
79028540671
89129050112
79827824500
89088874445
89292414528
89324060770
89610035335
89505050728
89044511274
79658342228
89003885258
79224164001
79527061661
79224406857
89821865498
79527222009
89825879301
79682033713
79044675407
83467241161
89519638048
89292292000
89821548350
89028253115
88007757456
89923548881
89825664975
79256853762
89090340062
89224184808
79217174596
79088878078
89527226129
79222540338
79822249890
89825487544
89228228228
89227975646
79527225511
89505031005
79322500839
79088803090
89825144845
79527104804
79128142253
89129052712
89227885097
89044721156
88001018525
89125314172
79174835809
89505141229
89285241623
79825961330
89227743888
89825301127
89821807315
89090377846
79828552004
89923565094
89088962787
89028555558
79825667338
89505000226
79527207079
79295144397
89292558944
89292427082
89048854812
83466309579
83462666455
89825670747
905379988058
79028537642
89048721895
89995597624
89028283398
89822155626
79041058738
89825873979
89227766123
89821494156
89003889681
83462500600
79090391314
89822213568
79825186922
17785087351
89028177977
78814557879
89269250881
88005553535
79222539631
89227742402
79124111805
89825106554
89225544321
89257084902
89125376671
79871869184
79676543323
79323238254
89658336110
89825602816
89227648104
89224278781
89885507888
89044507433
89088874344
89220077295
73462985669
89505308977
89996662020
89282262486
89044650757
83467356030
79519810384
89128194151
89222530825
89232464105
89224104025
79505357040
89000897427
79519636363
79824106300
89224056864
89088896326
89129332777
79124147222
79822136350
89224174964
73467226500
89224177773
79505055324
79220411188
89923559393
89224444146
88002344430
79195684801
79226553829
79088878196
89227774011
89378267860
79324282367
79222083094
89324189289
89170926596
89324341110
89825374777
79224412919
89822010012
89519768063
89128125749
79026271062
79227774413
89028580237
89224109200
89224031138
89128153539
89124195970
89821868110
89824135665
79821984648
89227709327
89026905819
83462977732
79527225777
89227967814
89126587412
89224422445
89125153214
89505150305
89854853173
89026914121
89125122664
87022425785
89227788885
89088898628
79825190596
83462390195
79226503737
89028254978
79824158448
79824134774
83467237112
89821349434
89224419911
89505017639
89226536267
89821378414
89024925930
79292929052
79505399162
79003940049
79129335067
79224200813
89057491958
79003871119
89028547530
83462609288
79821431455
89227948010
89821457862
89028564568
89090407407
89825066706
89003907936
83467220002
89220005050
79088878768
89227715184
89048759993
83462684343
89505119452
89224449119
83467268666
89582822180
89381347502
89526980612
79224004184
89125142561
79088909410
89526908611
89227982958
89227985288
79227788867
89324187010
89224883888
79519802860
89124142895
79324146207
79505219524
89120803491
79227652210
89003855558
73466619292
89292686106
89527000183
89582804580
89224066606
79044661734
79505151777
89324131595
79821529656
89044669188
89324391129
89821983586
89090488888
79224418688
89505359440
89227604168
79292439363
79825056272
89224012627
79505150451
89322578609
79024966649
79821533346
892223701807
79129025670
79028556606
89227839775
381621465874
89505387056
89825773687
73467300333
89825502424
89044564552
79821516445
89519819607
89224305969
79604134789
89129034335
89293450562
89822033641
83842765666
79003878686
89226553986
79822016055
79299760024
89088813219
89324249771
89519685203
89222559088
79159133161
79821862472
89224883888
89227906398
79526909939
79048715000
89696114949
79519664130
89825514436
89023073163
89028286131
89822032546
89825815428
79222573554
79226556493
89825874591
89324004136
79822246500
89825077799
79505321313
79825873903
89224113359
89507931917
79640972800
89222660306
79323236412
89088976521
89301616418
89821585002
89124106060
73462377727
89825144844
89222489316
89324058647
89519806646
89825193377
79129392669
89088964818
89128147288
79048787935
73463512407
89290940708
79825193323
88002508205
89896102277
89964469557
89125194327
89026914416
89028512444
79821523238
83462370340
89117785823
89090409040
89028519786
89226562918
89526915215
79028148182
89088966884
73462688468
79028143757
79527225360
79227719260
79044608804
89044955516
83466243131
79266839044
89217929571
380952210310
89224216204
89825825363
89044870567
79530059546
79963272395
89125176755
89821497397
79227739300
89527055587
89227848818
89292443028
89028145121
83467251488
83466618614
89028552591
89222589400
89044667449
89526969690
79682032039
89222489907
89129300516
79222598049
79128167099
89174477528
89028148877
79028552198
89822091973
89222593883
89527178855
89519754469
89124138483
89224300643
89026294860
89088919860
79224230904
79322500022
89324000255
89090330743
89322537573
89821428209
89003911777
79227978465
89825277713
89324232433
89224118758
89048785179
79519812723
89129312179
73463237712
89821880220
89044662091
79028289989
89641728046
79324389255
79097107179
89224228188
79527099888
79199408819
79824194141
89227772187
79995501595
89092750222
89224086550
83466686787
79825520265
89824120910
89519732939
89527061514
89028519176
83462699900
89097119274
79527141684
89505223471
83466695052
79224145017
89686782868
73467330945
79044770798
89822166706
89222480505
79090397002
89088874873
73462516767
89088839652
79222860875
89819735555
89222496402
79088969340
89227739383
89088990906
89254593682
89227768818
89505234883
89226521808
89883569148
89822009395
89044845538
79505130920
89324188250
89227635731
79324007720
79128151101
89224258493
89821355345
79195390744
89222535990
79088998766
89292921020
79527069594
89966947210
79821901483
79004740201
79504869207
89224439555
89224106918
89024921446
89505310200
89226526117
79822248279
83467318797
79825358515
89044645214
89523483261
89822146858
89292481888
89821901209
89224049745
89923588188
89224449494
79227899923
83466408300
79088875555
89227774337
89138550472
89044715100
79379510202
79825346425
79825196992
89519614200
79048818585
89124038637
89825679473
89825592177
89524350389
79229995577
89527216087
89226583957
73462966948
79028145447
83463231333
89298703044
89088970054
79527144146
89227667692
89222545257
79822227628
79825536102
89224158037
79324386812
89822159992
89822146550
79224082568
73433051211
89995109391
83466277999
89224499469
73462519737
89821966966
89803833782
79226557100
89227637430
89129388869
79088990222
89227743666
89825788085
79603488170
89505302440
79227761899
89128156550
89821996928
89829421416
89224385160
89821454352
89682027117
89227756564
79967735767
89224180042
79003891998
89825221679
89222534951
89324242050
79222552522
89227971240
89505313015
89821554775
89088887799
79227602323
79821830401
79125313705
89227985554
84951598808
89923500252
89224184773
89221888843
89505305165
89226552628
89088807791
88005504048
89097100999
83463242621
89125150303
79224130213
89227758406
89825009479
89227711747
89581554114
89821459301
79505266444
89223135818
89125128890
79519663568
89519784744
89825162852
79822028456
89224212340
89028281131
79828827029
79324029952
89527108502
79526974403
79120869224
79526986929
79180819013
89088973314
83467520108
79227829038
89226596099
89821887152
79024960565
89995555345
89822131337
79088803599
79825643392
89822018594
89825709005
89519697300
89088882338
89028143367
89324248771
89044646171
89324284691
79220792340
89028142477
89527140177
73462229808
79194527474
89227746823
79224029292
79060725917
89324361346
79171466458
83466311950
89224445542
89505130093
89044500606
79585812828
89825704009
79875396288
89505347396
79527068400
79678820009
89518685905
89821536709
89195318777
89821476332
79505392828
89923532103
79682000088
83467299899
89822009038
88002228054
89993705634
79822236458
73462603254
89088804595
79884187450
89821911888
79825899641
89044591527
89226539770
89222500701
83466200001
79505264444
89227793888
975358979434
89822140062
89224272764
79324311100
89881318837
89678982546
89964458467
89028597846
79024025021
83462206878
79918193047
89088807461
79229150000
89825939530
89088970863
89825918608
79923501199
83466406126
79821393778
89227857369
89125189978
89824143935
79821915780
89125787808
79226531133
89044839400
83462915109
79519700310
89222538332
89129346041
89028145829
89125120202
89195374727
89227820405
79028530065
79324113099
79227976434
89053538559
89002922901
83463316315
79129380064
89821905007
79824135535
89527067226
89527219272
79519860134
89003920092
79125466183
79825648582
89324227174
89963287888
89505550215
89028528521
79088579887
83462267305
89226548044
89821882580
89505086999
79226544874
89227669885
83462550939
89505261111
89223024165
89292481688
89124150999
89324056700
89511685393
89825015555
89088910092
89876274474
79128147724
89505219183
89026903370
89825172994
89222547871
79227609692
89227912913
89227935579
89128166544
83467906464
89124122200
79654818085
79505385837
89324014645
89292416546
79226550488
89024930938
89505376125
79963296511
79222099174
83422737296
79819456505
79048848668
89526928880
89024951000
77470559350
79044777244
89825912630
89825164963
79044776242
79505230423
89324136439
89825435581
89124193710
89125369309
89227924548
89088957446
79505025051
83462338303
79821891363
73466291387
79128127368
89856218764
79505174712
79292944314
89822280488
89090451916
89224444360
79224289816
79588844167
79527076379
89224027550
89825718628
79821467250
89682023330
89505229717
89044830706
89292490477
79088860179
83466482021
89822016617
79851705032
89821575485
89822140863
79044820319
89220217000
79822018888
89044899066
79581530422
89825363154
89226531240
89821946501
89324056391
79044711525
89536507022
89825957706
89825357175
79822176182
89125388563
79526918049
79292854000
89828773660
89085856474
89125145997
89003869000
89527101253
79068955959
89505173496
89825522286
89581530103
89322565480
89125116755
89224370548
89224040062
79825847353
89526913963
73467277555
89324207802
89634599011
89222750000
83466407988
89825377477
89821377785
89136403282
89226502452
89125123998
89222477111
89527078069
89048780525
89505124852
89028596654
89292985000
79667776633
89505146665
89292507730
89048689602
89222512250
79125198508
89505283628
89527197302
89224374237
79044728427
89822134272
89527026363
89698235088
89678801936
89505374845
89527120790
89224206241
89527214547
79224040833
89527224488
89999943818
89003947519
89028198959
89821511004
79505003035
79222269000
89044879717
89828825878
73466419393
89044788585
89125145069
89825418484
89527227639
89227741115
79117554887
89527227639
79918073201
79526966748
84997098630
89282059381
79324101213
89523474477
89044899989
89825952887
83462928928
79226544730
89039386283
79519643302
89370374547
79324315202
89221251549
89526970988
83462796930
89227634400
89825608885
89088847424
89527227607
89028727087
89519809683
89322574123
89026295156
77072965587
89089098249
79227612666
89129046999
79292441296
79128176373
79028530423
89125191691
89324008500
89523450379
89224267484
89224421177
79048721525
89044969597
79825553330
89227889225
89825939864
79825520995
83462779309
89991769998
89067188206
89222535572
79923573773
89120894042
89825070325
83467330255
79125370003
88003506201
79322520250
79828817808
79028554910
89003866647
79376547864
89825359560
89028180712
83462670501
79966863033
89044808596
89227680707
89825880717
89824164169
79028141779
89044525222
89088973587
79923592100
89024928537
79220781569
89003900060
79292407755
79226553397
89026291244
89821885076
79923526000
79825890165
89227779823
89028171231
79821585496
79527221529
86978880001
79227788262
89125314776
79780883892
79324226454
79519637093
79825199709
89619424540
89044561512
89224367223
79292977627
89825037787
79821533346
89090481519
89825936018
89129381623
89821871555
89044698000
79773227227
79505127191
89505045922
89227818366
79505178408
73467909955
89519816294
89829800101
89224240509
73467355756
89028144688
79685711979
89048793681
89505220099
89129380188
79923579759
89825541034
89641768668
89138011234
89582798898
89506066670
79224446205
79607506999
79826602656
79224482882
89825822809
89678893157
79058844828
89527143997
79125374319
79125374319
79028599495
89505005921
89505238677
89224380407
89048701385
89324025882
79028146554
89504957001
89120867729
89028550051
79527092908
89519748857
79991828122
89263877297
79227757573
89049700047
89623238777
88006005065
89678880001
89044780994
89090440636
79128185838
88005519201
89028145006
79505061193
89028145316
83466499083
79117021734
79222663464
89129367533
89224229522
89044676858
89227779365
73467299936
83462991989
89821805174
89324284832
79227971661
79673371057
79825767332
89028283885
89822268845
73462550878
79142420660
89292612949
89505187161
79519797272
89222590790
89324210913
79088887127
89824111159
79825966762
89227961625
89950970250
79519671210
89538517400
89028554465
89527144744
79224161997
79775718653
89028149816
89227951501
79279496664
79505360059
89090377737
89324384509
89821403043
89505238140
79505299757
89044691301
89825710282
89821568103
89533915703
89963298440
79505118202
89125394269
89129383018
89516620191
89825592337
89324111188
89527097200
89292946347
79024991000
89028560180
79505275547
79828824008
79923542882
83467051555
18297854944
79044703828
79998063481
89505047637
79222514196
89825400086
79817110288
89923575527
79275115440
79222548294
88001001022
79539883002
89224495146
89505354557
79222520004
89224341140
79224024443
79786493949
79224399333
89048787062
79829331677
89068958467
79224033246
89220055505
79825326431
78352384995
79527205615
89995715319
89505047637
89227958772
79125336415
79519623307
89505205959
89227781877
79147584891
79044793922
79968104262
89194789791
79821816371
89322007645
79195300212
89090390001
905441817048
88001010101
79025659845
89149803485
89025644505
79021603126
79227461871
89021671637
79025659039
89246512327
79021670111
89644080104
89132296751
89025343872
89085942173
89503945428
89247501968
89146311052
89149882928
89025631716
79246515621
89025644560
79240110979
89148474885
89834235996
79377702399
79139129390
89246518237
89140531226
79025632355
79777408878
89140506333
79246533052
89246545654
79834388988
89021642121
89021650103
89021685032
89149890888
79246528278
89021690912
79281606806
79644114034
89024511676
89244598960
79148314727
89149857485
89148457321
79140519062
89146375882
89836372535
89996034551
89243911620
89021604488
79243953871
89644080214
89644046206
79247744040
79024514427
79833307676
89833309308
89131143161
89025654824
89024545660
89516327202
89024582247
89021616136
89148352044
79965911532
89516284136
89243962072
89834293942
89021674111
89644091985
89146385286
89245587110
89021686872
89834358925
89243998999
89146365676
79516209780
89085968072
89021607302
89246516232
79516207630
89021600807
89503904332
89021600072
89149831084
79025636049
89025652835
89246552011
89086565307
89244562598
89149803904
89021667749
89516254253
79021600492
79025630405
83012213880
79516240505
83012222537
79244563678
89243906304
89835350363
89021602621
89996035673
89140577108
89244563166
79247583319
89024505153
89834350324
79024566934
89500888339
89516322222
89146346848
89024509152
89085924316
89834221881
89024508248
89025353598
79242905000
79516343713
89149836936
89149803904
89025313648
79836308668
79146344199
89516257854
89249190053
89024531539
89085950103
89834312118
89246542200
89644119202
89516222111
79243915883
89148417096
89506523892
79246561886
89681483888
89834234809
89503806678
89133490928
89247711456
79834372459
89834246612
89025645666
89243566520
89140507003
89025650845
79859303126
79516213036
89247518777
89244591636
79833318481
89085975707
89836397291
79503954823
89955915994
79952841600
88001001022
79147403770
89516259865
89503893117
89834596719
89021601345
89913689331
79148497844
89246517245
89247740849
89913689742
79968104262
89194789791
79025637913
89149004777
79516222629
905441817048
89182299325
79115012059
79180105908
79180670303
89514638272
79678666555
89298347525
89154684268
89189408877
89232508857
89385170855
89130905086
79280446101
89184019903
88001009100
89659900546
79528349025
79186150460
89181043800
79883214188
89507621280
79996395533
88002012628
89284286053
89181785074
89284128290
79282070319
79224737425
89181526992
89097747547
79288840110
89085770607
79262240350
89384151450
79385440292
89996363417
89615256900
89195745606
79184442259
89189725786
89180885538
79086745252
79115589469
89284221210
89284018677
79184515229
79283325217
89885277107
89280544291
79898211380
89221440277
79628745425
89183667229
89182513069
89528368909
89284033502
89180017962
79884770839
89883110850
89184492055
89615881754
89168243998
89286622660
79181279638
89181711961
89604378464
79385554003
89615994556
89181415214
89676562949
89182290645
89193972115
89298395799
79034515425
89881888187
79038391019
89883534681
79054735754
89181258312
89635431948
89054688142
79183836451
89180266584
89010037636
89886687643
89530829478
79505595218
79615539768
89892467475
79180203640
89180210009
89615282515
89094571846
89384516961
79054380943
89517713535
89183653546
89284443677
79094461748
89182021276
89086782277
79183214028
89234660616
79951831986
89288840214
79385061166
79873813544
88612034747
89384243680
79591884922
89180153101
79222966627
89181335613
89182743882
89091179091
79123609807
73432883624
79604845141
89282575770
79086755535
89181249730
89635233501
89243419226
89186576556
89384817800
79530905629
79002801055
79788616891
79698885999
89384049614
79184516772
89002986931
89886734223
89385280541
79298497020
79186466048
79534156367
89224320191
79827824500
79283441676
89320988974
79064348002
89186667222
89189666586
89628878383
79103609070
89034721896
89145730338
79898161066
89528146903
79058736184
79183290319
89183726104
89286102243
89145032646
89094633364
79180986009
79888886960
79996338080
89282080648
89183589068
89528186874
89263362818
79625559889
89181093737
89186302117
79528234582
89124777228
89282100559
89180939388
79384318727
89604859679
79284700600
79181434442
89054944761
89604718914
89184585177
79002752735
89384181381
79222112257
89189575123
89180001696
89181790056
994518970200
89889885141
89881399924
79229012561
79288838304
79186416564
89384850545
89284044334
79181935740
89183309174
79184465369
89186486996
89288412402
89189780000
89286604355
89628564060
79286644411
79181578300
89288830204
79183948918
79180819013
89182683220
79384727938
89180880021
79189926915
89898505202
89885945002
79892629901
89384036231
89182914811
89186615557
89881875766
89127450147
79181245254
79883866879
79604915017
79002363356
79883697405
79618547243
89147616695
89649144707
79622930046
79180834862
89182427950
89218899791
79181714077
89898355455
89181593948
89654644228
89180817788
89615139915
89885003404
79037498858
89529855476
79898016208
79531004231
89885357722
89082284078
79611775742
89184300083
79180759595
89180346964
89615808678
79183291240
79227855793
79284646362
89673048772
89186395920
89521760183
79183399988
89184582735
79186155108
79384314252
89184719670
79529889354
79180172202
89385114444
79996507264
79284187007
89003543737
89526045557
79884148280
89530014233
89885248295
89189705563
79615085913
79184581468
79283301703
89189950507
79227989790
89189674009
79629174115
79193644747
79186944196
79123868233
79676554290
79528670202
79994910084
89002619687
79181582746
89123705859
89184959959
89955915994
79513246013
89184440046
89181837982
79883431234
89181555255
79910441282
79817588124
79298448471
79026528918
79886033595
79184177826
89615260003
79088929922
89245347100
79960007563
88003005761
79601573522
78352384995
79189331309
89776981841
79011026581
89951101094
79968104262
89184007009
79382966122
79298230333
79189014111
89601521422
89065920535
89046812103
89205001357
79202424555
89042883141
89513025632
89038612929
89205360179
79202422969
89042835192
79202412383
89103580000
89103553575
79067741692
79508035777
89002459045
89042879777
89065915757
89042190688
89191686171
89525960333
79601464606
89601408000
89513079494
380686844661
89042193961
89508007979
89202490523
79508027677
89046959926
79513000708
89030324557
89056824209
89205111727
79202419919
82343586409
79058558277
79204718833
89508055060
89513053841
89103564283
89513083333
79802667774
89508050620
89191614866
89205158549
89046927830
79056832838
89042954900
79042182687
89513002111
79508001819
79204289175
79205301701
79513036816
89802461810
79204295895
89046840016
79158522429
89006007667
79205413303
79046840215
79513088174
89137108078
89103590889
89202403557
74732301505
89379391400
79205009091
79042187781
79042186893
89508095062
89508063877
89046866903
89513000779
89205270579
79205104449
89066812303
89046834427
89046809939
89042894083
89056883508
79802526782
89508002299
89192526330
89995300884
80997275287
79205428838
89508014077
79205185444
89046889030
79066845386
89832047241
89158517233
89513069332
89879592405
79829296777
89046993674
89205081308
88002012628
89205455394
89997503462
89205054194
89508011407
89508096223
89005960237
89802513445
89513043244
89038656505
89042830516
79671650182
89601419819
89092222233
89092227242
79042969587
89525918825
79262240350
79292638995
79066867777
89205138936
89042841096
79030131130
89205059585
89103558405
89205174848
89056826969
79056810354
380664510771
79042874572
89508076015
89290132636
89042800444
89009898771
79610341057
89191623394
89191691766
89205006446
89163201358
79525992918
79092188800
89202411677
89205053333
79050450051
89056875077
89102550484
79006004364
89513097894
89192595447
89046950559
89038607781
89811365795
89046994635
79508013884
89042860557
89613382223
89056833545
79525988540
89056870593
89202476331
89191616940
89042972237
89046862477
89525907919
89155530133
89156638584
89803506168
89205028113
89036437670
89042845719
89525931333
89806768540
79086025301
89601596419
37126887657
89051795313
89205043395
79056817498
375295739870
79066882124
89802658207
77058299072
89202427492
89526998802
89205300204
89102562540
79111755532
79634676161
89066889039
89036438792
89103546660
89042181823
89042808858
89103537422
79158545832
79296105958
79688006776
89042921137
79202459155
89952028096
89300142406
89525962838
89525953333
79036437023
89042914139
89205028797
89155555506
89202454395
89601448142
79803574181
89508041754
89202410213
89046904766
79803596709
89803565321
89046957799
89525937038
89038652965
89202406695
89102577800
89155585524
89508083354
79202464489
89065949414
89056805630
89802638514
79042903379
89205260764
79205207707
89005948087
89046923488
89205318620
992901067170
89107399630
89102554940
79202429169
79092202225
89251877404
89997870757
79102529005
89205457748
89103520755
89005976341
89601527807
79205124848
79042927332
89513012312
89205174456
89046859542
89046922399
79205175508
79202401710
79046898581
89202379107
89513050684
89802531415
89601492078
79046887336
89525920249
380661636928
79202425024
89066866111
89046901895
89889560108
89046987836
84742370017
89157953718
79036830096
89046919771
89508056683
89205485848
79102517472
89507500605
79803509171
89997508279
79227917369
89508073218
89205074393
89508068954
89205006823
79508057355
79508050938
89525940480
79204380505
89065940196
89802667645
79205316979
89601521002
89601507426
79857743738
89205154251
89202403422
89192562805
89803536507
89042196131
89017154599
79513017800
79102515715
89508061856
89205343780
89508090029
89601425296
89042933514
89192544401
79102540140
89525960396
79508000992
79272667033
89005925929
89038602720
89103569226
79191661975
89525880380
89046883813
380966116615
79124772814
89601401900
89508050744
89051790518
79205197024
89290144501
89056822824
89205116710
89803561636
89507160144
89042923776
89042942202
84742712108
77018233685
79166891643
89508003095
89046934172
79042812001
79508085289
79192536389
79508020837
89508001673
79005966636
79102484925
380637518712
89513069231
89046816910
79042903771
79205486579
79997890880
89672563503
89046836597
79102556258
79202461331
89205314698
89042884722
79038634422
89036996996
89205186555
89202496699
89601446916
89042805677
79202409009
89103591154
79508067568
79205022266
89036437201
79621501061
89155501550
89205130355
89205170645
380666861220
89103522384
79042808761
89202401478
89155567865
89183621643
89802501201
89046983828
89046970248
89192556965
89642765585
89293218123
89997871967
89205221266
79163134877
79623527002
380673387675
89158565961
89525937793
84742712613
89995301970
89803508688
74742505430
89042946431
89050444310
89066867249
79658834444
79601446948
89003035710
89205086847
89046944787
79103515922
89222753413
89107391569
79046906167
89525957980
89191686830
89042960694
89508050637
89525959110
79606882888
89046825935
79056867460
89205445721
79803546887
79537336427
79158560262
79046867363
84742242535
89158500018
89525954799
89208462527
79191682103
89205040212
89205222220
13129305297
89107423481
89205136666
89005975367
88005553535
79601411904
89158586603
89130702040
89290144577
89508020019
89046897888
89205220978
89046949165
89038607195
79158558878
89046912534
79202420088
79188460565
89042901576
79046986417
89155553576
89616029808
89155519697
79205361269
89102592742
79616016465
84742370137
89155507016
79515416778
89513057527
89525913640
380638310416
89202466196
89046906447
89058552418
89802695400
89525998214
79092188078
89525958238
89046813064
89066856516
89913441100
89046970632
89513071350
89202492542
89042914313
79046864590
89036995234
89005918380
89042882484
89042970839
89513012826
79803561121
89191626100
89042902015
89042865974
89202406416
89689262676
89969292129
89601469868
89202461166
79102572537
79525946084
89205434013
79042884385
79042983597
89158576496
79800869332
89508051151
89525905838
79134539915
79056822211
89005916719
89092228787
89601427794
79192540419
89513013204
89158595208
89158571276
89601504359
89158515880
89005946274
89039862648
89803513996
89065017080
79803512785
79046901532
89508066216
89192588582
89186351444
79661051102
89046928949
79042928921
89134819842
79601441773
89513095469
79192551654
79036437970
89107427411
89513047001
89046815314
79081225500
79803575450
89508012991
89158543457
89191642289
89508007063
89378267860
79042883202
89205380808
380666228847
380672885032
89046809205
89205115222
74742517608
89508030237
89513080461
89508064518
89802675056
79103525225
89508011539
89205181515
89155534860
79107423192
380953687829
79856812441
89042884053
89525978800
89050440869
380993384027
79507411031
89536729027
89601549042
89192544692
79788502838
89802562215
79173382660
89202453300
89192503001
79064369123
79155540642
79525943266
380668501704
89623500100
89205067111
89819575686
89802664357
79234505499
89997877262
89056880642
79616002334
79042144929
66830497756
89051784488
89513043764
89005965118
89042802220
89610323900
380934997299
79508035890
89500518867
89205372114
89066866909
89513041199
79056818244
89149160016
79046942212
89042872828
89042813119
79046950198
380986475206
89092203362
89202400032
79205424404
89205473000
89537223999
88001017402
89205308810
79508024904
998996474747
89046977111
89042966688
89191684082
79092226681
79811508869
79882921760
79601588348
89092221329
79204971022
89202445200
79042186086
79006009655
89003626198
79623500991
40212041165
89042972054
89525904919
79881453091
89202442787
79536258566
89046899428
74993505920
89205015281
79176455665
89046937704
79623504001
79102537555
89610322212
89030323142
89202404657
79066867031
79065938645
89623523839
79995298848
89205339171
79997209878
88005550505
89202444050
79205460000
380674792670
89205331010
79042824791
89525937121
89009891281
89513084943
89163718793
89261574645
84742714742
79878931666
79005953504
79997888828
89518685905
89006961624
79508096211
89601455580
89009862669
89525991598
89158518636
89191656749
84742272445
89005981887
89205065511
89803563477
74742242632
89607412552
89994708021
89601432851
89046891306
89601598104
89525991598
79205056707
79513042164
79774483192
89889560108
89611860894
89661280551
74742274456
79913438309
89042950353
89205444492
89005913032
79042196774
89202443333
89991732834
79046849387
79009597544
89042950444
89191802311
79092223314
89601437548
89046813784
79290120469
79610332955
89997879433
89046948446
89009850393
89508039994
79103525993
89525404488
89030320503
89508026357
89513071170
89508011779
79802642355
380713124114
89042990066
79623504124
89103591070
89508066884
89997877088
89205442355
74742780000
79158524307
89205257979
89056822824
89005934136
89046972734
89508045954
89370374547
89103519921
89202473120
89202416242
89102545530
89046850834
89042994556
73902248158
89205042745
89802638242
89102554535
89102500017
89205473049
89103516903
79290037474
89042976378
89601544807
89103575424
89226991891
89202490598
89192533123
89997508937
79086040201
79513073472
89202459192
79066869000
89202442727
89102563040
79006007610
89995305196
89042904979
89065921464
89616006434
89006006960
380666709991
89205193126
74996733781
89046864196
84742391666
79850693768
79046822430
89086997497
79699749063
89086046569
79585555048
79205121512
89205099168
79036438278
79508075866
79913436651
79513067513
89192579175
89245347100
79056852751
79092223398
79205455503
89064237572
79508055500
89964501234
79968104262
89194789791
89889159069